0 0.771875 0.325 0.7046875 0.325 0.7046875 0.4078125 0.771875 0.4078125 0.771875 0.325
0 0.6296875 0.365625 0.58125 0.365625 0.58125 0.4109375 0.6296875 0.4109375 0.6296875 0.365625
0 0.3796875 0.38828125 0.321875 0.38828125 0.321875 0.44296875 0.3796875 0.44296875 0.3796875 0.38828125
0 0.60546875 0.4109375 0.56015625 0.4109375 0.56015625 0.471875 0.60546875 0.471875 0.60546875 0.4109375
0 0.253125 0.45546875 0.2015625 0.45546875 0.2015625 0.51328125 0.253125 0.51328125 0.253125 0.45546875
0 0.6828125 0.48046875 0.634375 0.48046875 0.634375 0.53203125 0.6828125 0.53203125 0.6828125 0.48046875
0 0.68984375 0.55078125 0.63203125 0.55078125 0.63203125 0.63046875 0.68984375 0.63046875 0.68984375 0.55078125
0 0.571875 0.66875 0.51875 0.66875 0.51875 0.7515625 0.571875 0.7515625 0.571875 0.66875
0 0.41640625 0.7703125 0.37265625 0.7703125 0.37265625 0.828125 0.41640625 0.828125 0.41640625 0.7703125
0 0.10546875 0.84921875 0.03515625 0.84921875 0.03515625 0.93203125 0.10546875 0.93203125 0.10546875 0.84921875
0 0.4859375 0.09296875 0.434375 0.09296875 0.434375 0.13984375 0.4859375 0.13984375 0.4859375 0.09296875
0 0.61328125 0 0.61328125 0.0609375 0.65390625 0.0609375 0.65390625 0 0.61328125 0