0 0.09609375 0.346875 0.03359375 0.346875 0.03359375 0.4078125 0.09609375 0.4078125 0.09609375 0.346875
0 0.4015625 0.36015625 0.321875 0.36015625 0.321875 0.45859375 0.4015625 0.45859375 0.4015625 0.36015625
0 0.72421875 0.0125 0.67265625 0.0125 0.67265625 0.0828125 0.72421875 0.0828125 0.72421875 0.0125
0 0.615625 0.51953125 0.5640625 0.51953125 0.5640625 0.57890625 0.615625 0.57890625 0.615625 0.51953125
0 0.08203125 0.5859375 0.04296875 0.5859375 0.04296875 0.6875 0.08203125 0.6875 0.08203125 0.5859375
0 0.2265625 0.61796875 0.165625 0.61796875 0.165625 0.67890625 0.2265625 0.67890625 0.2265625 0.61796875
0 0.19921875 0.72890625 0.13046875 0.72890625 0.13046875 0.80546875 0.19921875 0.80546875 0.19921875 0.72890625
0 0.29609375 0.7671875 0.24453125 0.7671875 0.24453125 0.828125 0.29609375 0.828125 0.29609375 0.7671875
0 0.25859375 0.8078125 0.20546875 0.8078125 0.20546875 0.875 0.25859375 0.875 0.25859375 0.8078125
0 0.30078125 0.86640625 0.26171875 0.86640625 0.26171875 0.93359375 0.30078125 0.93359375 0.30078125 0.86640625
0 0.74765625 0.13984375 0.69453125 0.13984375 0.69453125 0.18828125 0.74765625 0.18828125 0.74765625 0.13984375
0 0.15390625 0.171875 0.11015625 0.171875 0.11015625 0.2234375 0.15390625 0.2234375 0.15390625 0.171875
0 0.30546875 0.2484375 0.26640625 0.2484375 0.26640625 0.31875 0.30546875 0.31875 0.30546875 0.2484375