0 0.41640625 0.41875 0.37109375 0.41875 0.37109375 0.4765625 0.41640625 0.4765625 0.41640625 0.41875
0 0.615625 0.4296875 0.53125 0.4296875 0.53125 0.5359375 0.615625 0.5359375 0.615625 0.4296875
0 0.60390625 0.0125 0.53359375 0.0125 0.53359375 0.1109375 0.60390625 0.1109375 0.60390625 0.0125
0 0.54140625 0.0125 0.46171875 0.0125 0.46171875 0.125 0.54140625 0.125 0.54140625 0.0125
0 0.553125 0.63046875 0.4609375 0.63046875 0.4609375 0.71328125 0.553125 0.71328125 0.553125 0.63046875
0 0.43515625 0.0328125 0.35546875 0.0328125 0.35546875 0.109375 0.43515625 0.109375 0.43515625 0.0328125
0 0.26171875 0.746875 0.19609375 0.746875 0.19609375 0.8046875 0.26171875 0.8046875 0.26171875 0.746875
0 0.41640625 0.9203125 0.37265625 0.9203125 0.37265625 0.978125 0.41640625 0.978125 0.41640625 0.9203125
0 0.68984375 0 0.68984375 0.0484375 0.72578125 0.0484375 0.72578125 0 0.68984375 0
0 0.9234375 0.19765625 0.871875 0.19765625 0.871875 0.26796875 0.9234375 0.26796875 0.9234375 0.19765625
0 0.4859375 0.19140625 0.3796875 0.19140625 0.3796875 0.31171875 0.4859375 0.31171875 0.4859375 0.19140625