0 0.18515625 0.3375 0.09140625 0.3375 0.09140625 0.4328125 0.18515625 0.4328125 0.18515625 0.3375
0 0.8828125 0.4109375 0.83125 0.4109375 0.83125 0.471875 0.8828125 0.471875 0.8828125 0.4109375
0 0.82421875 0.4421875 0.76640625 0.4421875 0.76640625 0.503125 0.82421875 0.503125 0.82421875 0.4421875
0 0.30546875 0.4421875 0.24453125 0.4421875 0.24453125 0.5578125 0.30546875 0.5578125 0.30546875 0.4421875
0 0.87265625 0.55078125 0.81171875 0.55078125 0.81171875 0.60234375 0.87265625 0.60234375 0.87265625 0.55078125
0 0.790625 0.6109375 0.76875 0.6109375 0.76875 0.646875 0.790625 0.646875 0.790625 0.6109375
0 0.50234375 0.60234375 0.43203125 0.60234375 0.43203125 0.66171875 0.50234375 0.66171875 0.50234375 0.60234375
0 0.63984375 0.5921875 0.57890625 0.5921875 0.57890625 0.684375 0.63984375 0.684375 0.63984375 0.5921875
0 0.115625 0.60234375 0.040625 0.60234375 0.040625 0.69453125 0.115625 0.69453125 0.115625 0.60234375
0 0.553125 0.61484375 0.4921875 0.61484375 0.4921875 0.68515625 0.553125 0.68515625 0.553125 0.61484375
0 0.7765625 0.690625 0.7375 0.690625 0.7375 0.7421875 0.7765625 0.7421875 0.7765625 0.690625
0 0.86015625 0.73203125 0.81484375 0.73203125 0.81484375 0.77109375 0.86015625 0.77109375 0.86015625 0.73203125
0 0.60546875 0.7546875 0.54296875 0.7546875 0.54296875 0.803125 0.60546875 0.803125 0.60546875 0.7546875
0 0.56484375 0.7609375 0.51171875 0.7609375 0.51171875 0.821875 0.56484375 0.821875 0.56484375 0.7609375
0 0.5703125 0.8375 0.53125 0.8375 0.53125 0.8828125 0.5703125 0.8828125 0.5703125 0.8375
0 0.1875 0.2203125 0.0765625 0.2203125 0.0765625 0.33125 0.1875 0.33125 0.1875 0.2203125