0 0.45703125 0.33359375 0.41328125 0.33359375 0.41328125 0.36953125 0.45703125 0.36953125 0.45703125 0.33359375
0 0.6015625 0.3375 0.55 0.3375 0.55 0.3765625 0.6015625 0.3765625 0.6015625 0.3375
0 0.23828125 0.37265625 0.16328125 0.37265625 0.16328125 0.45546875 0.23828125 0.45546875 0.23828125 0.37265625
0 0.3171875 0.38203125 0.25 0.38203125 0.25 0.46484375 0.3171875 0.46484375 0.3171875 0.38203125
0 0.584375 0.46171875 0.5453125 0.46171875 0.5453125 0.51015625 0.584375 0.51015625 0.584375 0.46171875
0 0.48046875 0.490625 0.43515625 0.490625 0.43515625 0.5734375 0.48046875 0.5734375 0.48046875 0.490625
0 0.55 0.61171875 0.4734375 0.61171875 0.4734375 0.69453125 0.55 0.69453125 0.55 0.61171875
0 0.51640625 0.69453125 0.44921875 0.69453125 0.44921875 0.77109375 0.51640625 0.77109375 0.51640625 0.69453125
0 0.33125 0.68125 0.2359375 0.68125 0.2359375 0.79375 0.33125 0.79375 0.33125 0.68125
0 0.35859375 0.20703125 0.31953125 0.20703125 0.31953125 0.25546875 0.35859375 0.25546875 0.35859375 0.20703125
0 0.6109375 0.21328125 0.5890625 0.21328125 0.5890625 0.24921875 0.6109375 0.24921875 0.6109375 0.21328125
0 0.58671875 0.21015625 0.55078125 0.21015625 0.55078125 0.25546875 0.58671875 0.25546875 0.58671875 0.21015625