2 0.41171875 0.46796875 0.37265625 0.46796875 0.37265625 0.51640625 0.41171875 0.51640625 0.41171875 0.46796875
2 0.5390625 0.47734375 0.4953125 0.47734375 0.4953125 0.52578125 0.5390625 0.52578125 0.5390625 0.47734375
2 0.6609375 0.48359375 0.6171875 0.48359375 0.6171875 0.53203125 0.6609375 0.53203125 0.6609375 0.48359375
2 0.7546875 0.509375 0.7109375 0.509375 0.7109375 0.5578125 0.7546875 0.5578125 0.7546875 0.509375
0 0.759375 0.03203125 0.696875 0.03203125 0.696875 0.07890625 0.759375 0.07890625 0.759375 0.03203125
0 0.7984375 0.5796875 0.7046875 0.5796875 0.7046875 0.65 0.7984375 0.65 0.7984375 0.5796875
0 0.66796875 0.03515625 0.62265625 0.03515625 0.62265625 0.09296875 0.66796875 0.09296875 0.66796875 0.03515625
0 0.615625 0.62109375 0.5625 0.62109375 0.5625 0.68828125 0.615625 0.68828125 0.615625 0.62109375
0 0.50546875 0.63359375 0.45390625 0.63359375 0.45390625 0.67265625 0.50546875 0.67265625 0.50546875 0.63359375
0 0.6828125 0.63984375 0.6078125 0.63984375 0.6078125 0.70703125 0.6828125 0.70703125 0.6828125 0.63984375
0 0.56796875 0.71328125 0.52890625 0.71328125 0.52890625 0.74921875 0.56796875 0.74921875 0.56796875 0.71328125
0 0.62109375 0.73203125 0.56953125 0.73203125 0.56953125 0.78046875 0.62109375 0.78046875 0.62109375 0.73203125
0 0.36484375 0.7390625 0.28828125 0.7390625 0.28828125 0.7984375 0.36484375 0.7984375 0.36484375 0.7390625
0 0.61328125 0.78984375 0.56015625 0.78984375 0.56015625 0.83828125 0.61328125 0.83828125 0.61328125 0.78984375
0 0.7421875 0.0953125 0.6828125 0.0953125 0.6828125 0.14375 0.7421875 0.14375 0.7421875 0.0953125
0 0.63984375 0.14296875 0.58203125 0.14296875 0.58203125 0.19453125 0.63984375 0.19453125 0.63984375 0.14296875
0 0.34140625 0.13984375 0.27109375 0.13984375 0.27109375 0.21015625 0.34140625 0.21015625 0.34140625 0.13984375
0 0.40390625 0.165625 0.36796875 0.165625 0.36796875 0.203125 0.40390625 0.203125 0.40390625 0.165625
0 0.47421875 0.16953125 0.40390625 0.16953125 0.40390625 0.22578125 0.47421875 0.22578125 0.47421875 0.16953125
0 0.675 0.178125 0.615625 0.178125 0.615625 0.2390625 0.675 0.2390625 0.675 0.178125
0 0.78359375 0.2 0.74765625 0.2 0.74765625 0.2453125 0.78359375 0.2453125 0.78359375 0.2
0 0.5796875 0.21953125 0.509375 0.21953125 0.509375 0.30234375 0.5796875 0.30234375 0.5796875 0.21953125
0 0.41796875 0.22890625 0.35546875 0.22890625 0.35546875 0.29609375 0.41796875 0.29609375 0.41796875 0.22890625
0 0.70390625 0.23515625 0.63671875 0.23515625 0.63671875 0.29609375 0.70390625 0.29609375 0.70390625 0.23515625
0 0.23515625 0.2546875 0.18984375 0.2546875 0.18984375 0.3 0.23515625 0.3 0.23515625 0.2546875
0 0.48515625 0.2703125 0.39921875 0.2703125 0.39921875 0.340625 0.48515625 0.340625 0.48515625 0.2703125
0 0.60390625 0.29296875 0.51640625 0.29296875 0.51640625 0.34453125 0.60390625 0.34453125 0.60390625 0.29296875
0 0.365625 0.29375 0.3125 0.29375 0.3125 0.35 0.365625 0.35 0.365625 0.29375
0 0.68984375 0.31484375 0.60546875 0.31484375 0.60546875 0.38203125 0.68984375 0.38203125 0.68984375 0.31484375
0 0.290625 0.32109375 0.2328125 0.32109375 0.2328125 0.38203125 0.290625 0.38203125 0.290625 0.32109375
0 0.72578125 0.3625 0.67265625 0.3625 0.67265625 0.4234375 0.72578125 0.4234375 0.72578125 0.3625
0 0.665625 0.38515625 0.60625 0.38515625 0.60625 0.44609375 0.665625 0.44609375 0.665625 0.38515625
0 0.625 0.38515625 0.565625 0.38515625 0.565625 0.44296875 0.625 0.44296875 0.625 0.38515625
0 0.39140625 0.39765625 0.34609375 0.39765625 0.34609375 0.45859375 0.39140625 0.45859375 0.39140625 0.39765625
0 0.334375 0.40390625 0.246875 0.40390625 0.246875 0.46171875 0.334375 0.46171875 0.334375 0.40390625
0 0.5859375 0.4171875 0.5265625 0.4171875 0.5265625 0.475 0.5859375 0.475 0.5859375 0.4171875