0 0.821875 0.0125 0.7640625 0.0125 0.7640625 0.0796875 0.821875 0.0796875 0.821875 0.0125
0 0.42109375 0.44296875 0.36953125 0.44296875 0.36953125 0.50390625 0.42109375 0.50390625 0.42109375 0.44296875
0 0.51953125 0.46796875 0.46796875 0.46796875 0.46796875 0.52578125 0.51953125 0.52578125 0.51953125 0.46796875
0 0.77109375 0.021875 0.72578125 0.021875 0.72578125 0.0828125 0.77109375 0.0828125 0.77109375 0.021875
0 0.68046875 0.56328125 0.62890625 0.56328125 0.62890625 0.63046875 0.68046875 0.63046875 0.68046875 0.56328125
0 0.10859375 0.75 0.05078125 0.75 0.05078125 0.8390625 0.10859375 0.8390625 0.10859375 0.75
0 0.7046875 0.040625 0.634375 0.040625 0.634375 0.1390625 0.7046875 0.1390625 0.7046875 0.040625
0 0.365625 0.1546875 0.303125 0.1546875 0.303125 0.215625 0.365625 0.215625 0.365625 0.1546875
0 0.315625 0.22109375 0.2640625 0.22109375 0.2640625 0.27890625 0.315625 0.27890625 0.315625 0.22109375
0 0.3265625 0.36953125 0.290625 0.36953125 0.290625 0.42734375 0.3265625 0.42734375 0.3265625 0.36953125
0 0.2 0.38359375 0.125 0.38359375 0.125 0.46171875 0.2 0.46171875 0.2 0.38359375