0 0.72890625 0.453125 0.64140625 0.453125 0.64140625 0.54375 0.72890625 0.54375 0.72890625 0.453125
0 0.628125 0.44921875 0.540625 0.44921875 0.540625 0.55390625 0.628125 0.55390625 0.628125 0.44921875
0 0.99609375 0.46171875 0.94453125 0.46171875 0.94453125 0.56640625 0.99609375 0.56640625 0.99609375 0.46171875
0 0.7359375 0.55078125 0.6734375 0.55078125 0.6734375 0.61015625 0.7359375 0.61015625 0.7359375 0.55078125
0 0.57734375 0.5578125 0.48984375 0.5578125 0.48984375 0.6484375 0.57734375 0.6484375 0.57734375 0.5578125
0 0.40859375 0.57265625 0.31015625 0.57265625 0.31015625 0.67421875 0.40859375 0.67421875 0.40859375 0.57265625
0 0.7453125 0.6421875 0.6265625 0.6421875 0.6265625 0.753125 0.7453125 0.753125 0.7453125 0.6421875
0 0.47890625 0.6578125 0.40859375 0.6578125 0.40859375 0.75625 0.47890625 0.75625 0.47890625 0.6578125
0 0.64140625 0.68984375 0.54296875 0.68984375 0.54296875 0.77890625 0.64140625 0.77890625 0.64140625 0.68984375
0 0.41875 0.67421875 0.334375 0.67421875 0.334375 0.79453125 0.41875 0.79453125 0.41875 0.67421875
0 0.30078125 0.78828125 0.20859375 0.78828125 0.20859375 0.86328125 0.30078125 0.86328125 0.30078125 0.78828125
0 0.4421875 0.81953125 0.3671875 0.81953125 0.3671875 0.90859375 0.4421875 0.90859375 0.4421875 0.81953125
0 0.20703125 0.85390625 0.14921875 0.85390625 0.14921875 0.91171875 0.20703125 0.91171875 0.20703125 0.85390625
0 0.6296875 0.82890625 0.5546875 0.82890625 0.5546875 0.96484375 0.6296875 0.96484375 0.6296875 0.82890625
0 0.34140625 0.8828125 0.28828125 0.8828125 0.28828125 0.95 0.34140625 0.95 0.34140625 0.8828125
0 0.28359375 0.9171875 0.20390625 0.9171875 0.20390625 0.978125 0.28359375 0.978125 0.28359375 0.9171875
0 0.4859375 0.9171875 0.3609375 0.9171875 0.3609375 0.9875 0.4859375 0.9875 0.4859375 0.9171875
0 0.584375 0.221875 0.5171875 0.221875 0.5171875 0.3 0.584375 0.3 0.584375 0.221875
0 0.51953125 0.22421875 0.44921875 0.22421875 0.44921875 0.30703125 0.51953125 0.30703125 0.51953125 0.22421875
0 0.5265625 0.33515625 0.41875 0.33515625 0.41875 0.42734375 0.5265625 0.42734375 0.5265625 0.33515625
0 0.84375 0.36796875 0.78125 0.36796875 0.78125 0.44609375 0.84375 0.44609375 0.84375 0.36796875
0 0.78828125 0.3640625 0.69453125 0.3640625 0.69453125 0.45625 0.78828125 0.45625 0.78828125 0.3640625