0 0.18515625 0.025 0.15078125 0.025 0.15078125 0.0640625 0.18515625 0.0640625 0.18515625 0.025
0 0.48359375 0.4234375 0.45390625 0.4234375 0.45390625 0.475 0.48359375 0.475 0.48359375 0.4234375
0 0.32421875 0.028125 0.27890625 0.028125 0.27890625 0.0765625 0.32421875 0.0765625 0.32421875 0.028125
0 0.74296875 0.54453125 0.66640625 0.54453125 0.66640625 0.62421875 0.74296875 0.62421875 0.74296875 0.54453125
0 0.45390625 0.55 0.35078125 0.55 0.35078125 0.65625 0.45390625 0.65625 0.45390625 0.55
0 0.365625 0.72578125 0.2953125 0.72578125 0.2953125 0.80546875 0.365625 0.80546875 0.365625 0.72578125
0 0.2546875 0.72578125 0.1796875 0.72578125 0.1796875 0.80859375 0.2546875 0.80859375 0.2546875 0.72578125
0 0.48828125 0.7546875 0.36953125 0.7546875 0.36953125 0.84375 0.48828125 0.84375 0.48828125 0.7546875
0 0.59609375 0.846875 0.53828125 0.846875 0.53828125 0.9265625 0.59609375 0.9265625 0.59609375 0.846875
0 0.34921875 0.89140625 0.28828125 0.89140625 0.28828125 0.95234375 0.34921875 0.95234375 0.34921875 0.89140625
0 0.46875 0.9234375 0.40625 0.9234375 0.40625 0.99375 0.46875 0.99375 0.46875 0.9234375
0 0.64921875 0.07265625 0.58671875 0.07265625 0.58671875 0.13359375 0.64921875 0.13359375 0.64921875 0.07265625
0 0.38984375 0.171875 0.33203125 0.171875 0.33203125 0.2078125 0.38984375 0.2078125 0.38984375 0.171875
0 0.3796875 0.2265625 0.2953125 0.2265625 0.2953125 0.325 0.3796875 0.325 0.3796875 0.2265625
0 0.7046875 0.2609375 0.6515625 0.2609375 0.6515625 0.31875 0.7046875 0.31875 0.7046875 0.2609375
0 0.44296875 0.31171875 0.40390625 0.31171875 0.40390625 0.36015625 0.44296875 0.36015625 0.44296875 0.31171875
0 0.51953125 0.359375 0.48359375 0.359375 0.48359375 0.3984375 0.51953125 0.3984375 0.51953125 0.359375