0 0.428125 0.4203125 0.3578125 0.4203125 0.3578125 0.503125 0.428125 0.503125 0.428125 0.4203125
0 0.4640625 0.4234375 0.4015625 0.4234375 0.4015625 0.50625 0.4640625 0.50625 0.4640625 0.4234375
0 0.30078125 0.47109375 0.24765625 0.47109375 0.24765625 0.53203125 0.30078125 0.53203125 0.30078125 0.47109375
0 0.3078125 0.51875 0.26875 0.51875 0.26875 0.5578125 0.3078125 0.5578125 0.3078125 0.51875
0 0.56015625 0.55 0.49765625 0.55 0.49765625 0.6171875 0.56015625 0.6171875 0.56015625 0.55
0 0.31953125 0.5734375 0.27421875 0.5734375 0.27421875 0.6171875 0.31953125 0.6171875 0.31953125 0.5734375
0 0.42109375 0.59453125 0.36328125 0.59453125 0.36328125 0.64296875 0.42109375 0.64296875 0.42109375 0.59453125
0 0.37265625 0.6296875 0.32734375 0.6296875 0.32734375 0.690625 0.37265625 0.690625 0.37265625 0.6296875
0 0.6203125 0.6578125 0.5671875 0.6578125 0.5671875 0.728125 0.6203125 0.728125 0.6203125 0.6578125
0 0.65390625 0.73984375 0.58671875 0.73984375 0.58671875 0.80703125 0.65390625 0.80703125 0.65390625 0.73984375
0 0.1703125 0.73984375 0.1078125 0.73984375 0.1078125 0.81953125 0.1703125 0.81953125 0.1703125 0.73984375
0 0.88984375 0.85078125 0.85078125 0.85078125 0.85078125 0.92109375 0.88984375 0.92109375 0.88984375 0.85078125
0 0.55546875 0.053125 0.48046875 0.053125 0.48046875 0.1234375 0.55546875 0.1234375 0.55546875 0.053125
0 0.8796875 0.9109375 0.8125 0.9109375 0.8125 0.971875 0.8796875 0.971875 0.8796875 0.9109375
0 0.2671875 0.1734375 0.196875 0.1734375 0.196875 0.23125 0.2671875 0.23125 0.2671875 0.1734375
0 0.85625 0.23359375 0.7859375 0.23359375 0.7859375 0.31640625 0.85625 0.31640625 0.85625 0.23359375
0 0.5125 0.33828125 0.4421875 0.33828125 0.4421875 0.42734375 0.5125 0.42734375 0.5125 0.33828125