0 0.47109375 0.35625 0.42578125 0.35625 0.42578125 0.3953125 0.47109375 0.3953125 0.47109375 0.35625
0 0.2578125 0.4015625 0.1828125 0.4015625 0.1828125 0.484375 0.2578125 0.484375 0.2578125 0.4015625
0 0.14453125 0.4234375 0.10078125 0.4234375 0.10078125 0.5 0.14453125 0.5 0.14453125 0.4234375
0 0.51875 0.45859375 0.4734375 0.45859375 0.4734375 0.51640625 0.51875 0.51640625 0.51875 0.45859375
0 0.55546875 0.70078125 0.50234375 0.70078125 0.50234375 0.75859375 0.55546875 0.75859375 0.55546875 0.70078125
0 0.44375 0.74140625 0.390625 0.74140625 0.390625 0.79921875 0.44375 0.79921875 0.44375 0.74140625
0 0.5171875 0.7515625 0.478125 0.7515625 0.478125 0.81875 0.5171875 0.81875 0.5171875 0.7515625
0 0.65625 0.80546875 0.58125 0.80546875 0.58125 0.87578125 0.65625 0.87578125 0.65625 0.80546875
0 0.428125 0.846875 0.3765625 0.846875 0.3765625 0.9296875 0.428125 0.9296875 0.428125 0.846875
0 0.4546875 0.13984375 0.396875 0.13984375 0.396875 0.19140625 0.4546875 0.19140625 0.4546875 0.13984375
0 0.3796875 0.1203125 0.3 0.1203125 0.3 0.2328125 0.3796875 0.2328125 0.3796875 0.1203125
0 0.128125 0.21953125 0.0671875 0.21953125 0.0671875 0.30234375 0.128125 0.30234375 0.128125 0.21953125