0 0.41328125 0.29921875 0.36015625 0.29921875 0.36015625 0.36015625 0.41328125 0.36015625 0.41328125 0.29921875
0 0.3171875 0.325 0.25 0.325 0.25 0.3953125 0.3171875 0.3953125 0.3171875 0.325
0 0.4203125 0.34375 0.3578125 0.34375 0.3578125 0.3953125 0.4203125 0.3953125 0.4203125 0.34375
0 0.5984375 0.321875 0.4953125 0.321875 0.4953125 0.4390625 0.5984375 0.4390625 0.5984375 0.321875
0 0.3171875 0.3796875 0.2640625 0.3796875 0.2640625 0.4359375 0.3171875 0.4359375 0.3171875 0.3796875
0 0.4640625 0.38203125 0.425 0.38203125 0.425 0.43984375 0.4640625 0.43984375 0.4640625 0.38203125
0 0.35390625 0.4453125 0.30234375 0.4453125 0.30234375 0.496875 0.35390625 0.496875 0.35390625 0.4453125
0 0.28125 0.4453125 0.228125 0.4453125 0.228125 0.503125 0.28125 0.503125 0.28125 0.4453125
0 0.196875 0.515625 0.1515625 0.515625 0.1515625 0.5671875 0.196875 0.5671875 0.196875 0.515625
0 0.51953125 0.528125 0.45703125 0.528125 0.45703125 0.5859375 0.51953125 0.5859375 0.51953125 0.528125
0 0.5890625 0.5390625 0.5453125 0.5390625 0.5453125 0.590625 0.5890625 0.590625 0.5890625 0.5390625
0 0.73828125 0.55078125 0.70234375 0.55078125 0.70234375 0.60234375 0.73828125 0.60234375 0.73828125 0.55078125
0 0.1921875 0.56953125 0.1390625 0.56953125 0.1390625 0.62109375 0.1921875 0.62109375 0.1921875 0.56953125
0 0.46875 0.56328125 0.4328125 0.56328125 0.4328125 0.63046875 0.46875 0.63046875 0.46875 0.56328125
0 0.49765625 0.5828125 0.45390625 0.5828125 0.45390625 0.64375 0.49765625 0.64375 0.49765625 0.5828125
0 0.19765625 0.64296875 0.15859375 0.64296875 0.15859375 0.67890625 0.19765625 0.67890625 0.19765625 0.64296875
0 0.54375 0.64375 0.4921875 0.64375 0.4921875 0.690625 0.54375 0.690625 0.54375 0.64375
0 0.11796875 0.67578125 0.07265625 0.67578125 0.07265625 0.73515625 0.11796875 0.73515625 0.11796875 0.67578125
0 0.5265625 0.6875 0.48125 0.6875 0.48125 0.7671875 0.5265625 0.7671875 0.5265625 0.6875
0 0.65625 0.0765625 0.6109375 0.0765625 0.6109375 0.15625 0.65625 0.15625 0.65625 0.0765625
0 0.11796875 0.12421875 0.07421875 0.12421875 0.07421875 0.18515625 0.11796875 0.18515625 0.11796875 0.12421875
0 0.6828125 0.165625 0.646875 0.165625 0.646875 0.2203125 0.6828125 0.2203125 0.6828125 0.165625
0 0.26875 0.16875 0.1921875 0.16875 0.1921875 0.2453125 0.26875 0.2453125 0.26875 0.16875
0 0.60546875 0.19140625 0.54296875 0.19140625 0.54296875 0.27109375 0.60546875 0.27109375 0.60546875 0.19140625