0 0.18515625 0.46484375 0.13984375 0.46484375 0.13984375 0.51015625 0.18515625 0.51015625 0.18515625 0.46484375
0 0.74765625 0.484375 0.67734375 0.484375 0.67734375 0.5640625 0.74765625 0.5640625 0.74765625 0.484375
0 0.29375 0.521875 0.2421875 0.521875 0.2421875 0.5921875 0.29375 0.5921875 0.29375 0.521875
0 0.81796875 0.64609375 0.78828125 0.64609375 0.78828125 0.67265625 0.81796875 0.67265625 0.81796875 0.64609375
0 0.771875 0.63671875 0.7375 0.63671875 0.7375 0.69453125 0.771875 0.69453125 0.771875 0.63671875
0 0.9234375 0.665625 0.8703125 0.665625 0.8703125 0.7140625 0.9234375 0.7140625 0.9234375 0.665625
0 0.54765625 0.66953125 0.50390625 0.66953125 0.50390625 0.74609375 0.54765625 0.74609375 0.54765625 0.66953125
0 0.896875 0.703125 0.8671875 0.703125 0.8671875 0.7421875 0.896875 0.7421875 0.896875 0.703125
0 0.303125 0.74765625 0.25 0.74765625 0.25 0.78671875 0.303125 0.78671875 0.303125 0.74765625
0 0.73125 0.79375 0.6796875 0.79375 0.6796875 0.853125 0.73125 0.853125 0.73125 0.79375
0 0.57734375 0.82734375 0.52421875 0.82734375 0.52421875 0.87578125 0.57734375 0.87578125 0.57734375 0.82734375
0 0.50078125 0.94453125 0.47578125 0.94453125 0.47578125 0.97421875 0.50078125 0.97421875 0.50078125 0.94453125
0 0.60546875 0.93828125 0.56484375 0.93828125 0.56484375 0.98359375 0.60546875 0.98359375 0.60546875 0.93828125