0 0.4375 0.296875 0.3984375 0.296875 0.3984375 0.3484375 0.4375 0.3484375 0.4375 0.296875
0 0.896875 0.353125 0.8453125 0.353125 0.8453125 0.4234375 0.896875 0.4234375 0.896875 0.353125
0 0.36328125 0.35 0.27890625 0.35 0.27890625 0.4390625 0.36328125 0.4390625 0.36328125 0.35
0 0.27421875 0.40703125 0.23359375 0.40703125 0.23359375 0.44609375 0.27421875 0.44609375 0.27421875 0.40703125
0 0.22890625 0.40390625 0.16796875 0.40390625 0.16796875 0.46484375 0.22890625 0.46484375 0.22890625 0.40390625
0 0.84921875 0.4328125 0.77890625 0.4328125 0.77890625 0.509375 0.84921875 0.509375 0.84921875 0.4328125
0 0.759375 0.46484375 0.70625 0.46484375 0.70625 0.53203125 0.759375 0.53203125 0.759375 0.46484375
0 0.62578125 0.5828125 0.57421875 0.5828125 0.57421875 0.64375 0.62578125 0.64375 0.62578125 0.5828125
0 0.22109375 0.69765625 0.14609375 0.69765625 0.14609375 0.77421875 0.22109375 0.77421875 0.22109375 0.69765625
0 0.32265625 0.7578125 0.25703125 0.7578125 0.25703125 0.828125 0.32265625 0.828125 0.32265625 0.7578125
0 0.75703125 0.79609375 0.68046875 0.79609375 0.68046875 0.86328125 0.75703125 0.86328125 0.75703125 0.79609375
0 0.2125 0.05703125 0.159375 0.05703125 0.159375 0.12421875 0.2125 0.12421875 0.2125 0.05703125
0 0.8953125 0.1484375 0.85 0.1484375 0.85 0.240625 0.8953125 0.240625 0.8953125 0.1484375
0 0.8390625 0.20078125 0.7859375 0.20078125 0.7859375 0.27109375 0.8390625 0.27109375 0.8390625 0.20078125
0 0.3703125 0.2515625 0.3265625 0.2515625 0.3265625 0.303125 0.3703125 0.303125 0.3703125 0.2515625