0 0.484375 0.2984375 0.43125 0.2984375 0.43125 0.3453125 0.484375 0.3453125 0.484375 0.2984375
0 0.290625 0.325 0.2453125 0.325 0.2453125 0.38125 0.290625 0.38125 0.290625 0.325
0 0.54140625 0.33515625 0.50703125 0.33515625 0.50703125 0.38203125 0.54140625 0.38203125 0.54140625 0.33515625
0 0.4015625 0.36875 0.3625 0.36875 0.3625 0.4203125 0.4015625 0.4203125 0.4015625 0.36875
0 0.625 0.38203125 0.5890625 0.38203125 0.5890625 0.43046875 0.625 0.43046875 0.625 0.38203125
0 0.60546875 0.63671875 0.56953125 0.63671875 0.56953125 0.67578125 0.60546875 0.67578125 0.60546875 0.63671875
0 0.396875 0.04453125 0.3703125 0.04453125 0.3703125 0.09296875 0.396875 0.09296875 0.396875 0.04453125
0 0.446875 0.06640625 0.4109375 0.06640625 0.4109375 0.11171875 0.446875 0.11171875 0.446875 0.06640625
0 0.2984375 0.06640625 0.2546875 0.06640625 0.2546875 0.11796875 0.2984375 0.11796875 0.2984375 0.06640625
0 0.36796875 0.0921875 0.32890625 0.0921875 0.32890625 0.1375 0.36796875 0.1375 0.36796875 0.0921875
0 0.3078125 0.13046875 0.26875 0.13046875 0.26875 0.16953125 0.3078125 0.16953125 0.3078125 0.13046875
0 0.4640625 0.12734375 0.41875 0.12734375 0.41875 0.17890625 0.4640625 0.17890625 0.4640625 0.12734375
0 0.4015625 0 0.4015625 0.034375 0.446875 0.034375 0.446875 0 0.4015625 0
0 0.63515625 0.13671875 0.60078125 0.13671875 0.60078125 0.19765625 0.63515625 0.19765625 0.63515625 0.13671875
0 0.56015625 0.184375 0.50703125 0.184375 0.50703125 0.2453125 0.56015625 0.2453125 0.56015625 0.184375