0 0.64609375 0.28203125 0.62578125 0.28203125 0.62578125 0.29921875 0.64609375 0.29921875 0.64609375 0.28203125
0 0.7078125 0.31328125 0.6953125 0.31328125 0.6953125 0.32578125 0.7078125 0.32578125 0.7078125 0.31328125
0 0.23828125 0.35234375 0.20390625 0.35234375 0.20390625 0.37578125 0.23828125 0.37578125 0.23828125 0.35234375
0 0.3046875 0.315625 0.259375 0.315625 0.259375 0.3375 0.3046875 0.3375 0.3046875 0.315625
0 0.33828125 0.60234375 0.26015625 0.60234375 0.26015625 0.62890625 0.33828125 0.62890625 0.33828125 0.60234375
0 0.471875 0.52265625 0.4578125 0.52265625 0.4578125 0.53515625 0.471875 0.53515625 0.471875 0.52265625
0 0.4515625 0.6171875 0.440625 0.6171875 0.440625 0.6296875 0.4515625 0.6296875 0.4515625 0.6171875
0 0.24375 0.609375 0.2296875 0.609375 0.2296875 0.621875 0.24375 0.621875 0.24375 0.609375
0 0.41796875 0.88828125 0.39921875 0.88828125 0.39921875 0.90390625 0.41796875 0.90390625 0.41796875 0.88828125
0 0.65 0.81015625 0.6328125 0.81015625 0.6328125 0.82421875 0.65 0.82421875 0.65 0.81015625
0 0.734375 0.5921875 0.7 0.5921875 0.7 0.603125 0.734375 0.603125 0.734375 0.5921875
0 0.7890625 0.553125 0.775 0.553125 0.775 0.56875 0.7890625 0.56875 0.7890625 0.553125