8 0.432675665625 0.21417445468750002 0.40536301406249997 0.21417445468750002 0.3826475421875 0.21723924062500002 0.355334890625 0.22282796875000002 0.3301856171875 0.2322026078125 0.31098563437500004 0.24680541093750002 0.32639970625000003 0.2392335875 0.3396503984375 0.2322026078125 0.35290109062499997 0.2267941625 0.369667271875 0.22156599687499998 0.3880559875 0.21850121093750002 0.4110418828125 0.21723924062500002 0.43592073437499995 0.217058959375 0.45836578437500003 0.21669839687499998 0.4754023890625 0.21597727031249997 0.49162772656250003 0.21165051406250002 0.5078530640625 0.21074910624999998 0.5254305125000001 0.2084054453125 0.5446304953125 0.204799815625 0.564371321875 0.2033575625 0.58600510625 0.20011249531250003 0.5730248359375001 0.20119418437499997 0.556258653125 0.20137446718750002 0.531650225 0.20443925156249998 0.509475596875 0.20876600937499998 0.4881122359375 0.209487134375 0.4713460546875 0.21309276562499999 0.44917142656250003 0.2139941734375 0.432675665625 0.21417445468750002
8 0.46728972031250005 0.245363159375 0.464585496875 0.232923734375 0.46350380781249995 0.2226476859375 0.46161085156250004 0.21309276562499999 0.45971789531249996 0.2038984078125 0.45620240624999997 0.1984899625 0.46025874062499994 0.2102082609375 0.46025874062499994 0.21922233750000003 0.462151696875 0.22949838437499998 0.46350380781249995 0.2408561203125 0.46701929687500005 0.253295546875 0.47080520937500003 0.2549180796875 0.46728972031250005 0.245363159375
8 0.510827709375 0.257622303125 0.5046079953125 0.2505913234375 0.4981178609375 0.2421180921875 0.4940615265625 0.23634908281250003 0.4997403953125 0.247165975 0.510827709375 0.257622303125
8 0.5070417968750001 0.18659138125000002 0.483244634375 0.1867716625 0.4613404296875 0.18803363281250002 0.444033403125 0.189115321875 0.429701021875 0.18803363281250002 0.4188841296875 0.1864111 0.40806723749999996 0.1864111 0.397791190625 0.189115321875 0.4145573734375 0.188754759375 0.4315939765625 0.1921801078125 0.4513348046875 0.192901234375 0.47296858750000004 0.19055757499999998 0.4940615265625 0.1892956046875 0.5162361546875001 0.1867716625 0.5070417968750001 0.18659138125000002
8 0.3661517828125 0.202997 0.3769686734375 0.1983096796875 0.364799671875 0.20119418437499997 0.3496560234375 0.2026364375 0.3415433546875 0.2020955921875 0.3337011078125 0.20696319375 0.3207208375 0.2145350171875 0.3096335234375 0.221205434375 0.29746452031250004 0.229678665625 0.2888110078125 0.23761105312500003 0.2847546734375 0.243740625 0.3020617 0.22913782187499998 0.314771546875 0.2204843078125 0.326670128125 0.21435473593749998 0.339379975 0.2064223484375 0.3439771546875 0.207143475 0.35641657968749996 0.204799815625 0.3661517828125 0.202997
8 0.4656671859375 0.1609914046875 0.446467203125 0.16423647187499998 0.4372728453125 0.1633350640625 0.4232108859375 0.1613519671875 0.4050925921875 0.16207309375 0.3850813421875 0.1631547828125 0.361013759375 0.1649575984375 0.3418137765625 0.17361111093749998 0.3566870015625 0.168743509375 0.375346140625 0.16585900468749998 0.3967095015625 0.16423647187499998 0.41239399375 0.16297450156249998 0.4280784875 0.16405619062500001 0.4459263578125 0.16639985 0.4656671859375 0.1609914046875
8 0.3053067671875 0.3324391375 0.314771546875 0.3281123796875 0.31882788125 0.32432646875 0.30882225625 0.32883350624999996 0.3009800109375 0.3324391375 0.29394903125 0.3365856125 0.28637720624999996 0.342895465625 0.289892696875 0.3414532140625 0.2971940984375 0.33676589375 0.3053067671875 0.3324391375
8 0.3053067671875 0.3207208375 0.296653253125 0.323064496875 0.3069293015625 0.32216309062500004 0.31639408125 0.32017999375 0.32612928281250003 0.3171152078125 0.33126730625 0.314230703125 0.3258588609375 0.3156729546875 0.3161236578125 0.318196896875 0.3053067671875 0.3207208375
8 0.32410733281250004 0.3417899453125 0.332089453125 0.3384640625 0.3387412203125 0.337244571875 0.34805369375 0.33458386562500003 0.35503804843750003 0.3328100609375 0.3611909328125 0.3317014328125 0.365680875 0.3302602171875 0.375658525 0.32593656875 0.3678426984375 0.32826468750000004 0.3626875796875 0.33003849218750003 0.35586951875 0.33092539374999996 0.34888516406250003 0.332144884375 0.34239969062500003 0.334473003125 0.334750159375 0.3363576703125 0.32593656875 0.3386857875 0.31994997812500003 0.342233396875 0.31462856562499997 0.3467787703125 0.309806034375 0.35099155625 0.304484621875 0.3540957140625 0.29949579531250003 0.35908453906250004 0.2968350890625 0.364405953125 0.297001384375 0.3690621890625 0.29833173749999997 0.3640733640625 0.3003272671875 0.3601931671875 0.3039857390625 0.3564238328125 0.308641975 0.3537631265625 0.3137970953125 0.349882928125 0.31845333125 0.34611359375 0.32410733281250004 0.3417899453125
8 0.38297546875 0.33070366875 0.38813058749999996 0.32660174531249997 0.385636175 0.32826468750000004 0.37831923125 0.331812296875 0.372166346875 0.3341404140625 0.3673438171875 0.33524904218749996 0.3640179328125 0.3353599046875 0.36285387343750003 0.3350273171875 0.35836393125 0.33580335625 0.35304251875000003 0.33580335625 0.344894103125 0.3366902578125 0.339738984375 0.3366902578125 0.3452266921875 0.33768802343750004 0.35137957656249996 0.337244571875 0.357033578125 0.33691198437500003 0.364184228125 0.3364685328125 0.37299781875 0.3353599046875 0.37715517187500003 0.33347523749999997 0.38297546875 0.33070366875
8 0.35287622343749997 0.3452266921875 0.362022403125 0.34356375 0.3701708171875 0.3417899453125 0.379316996875 0.339794415625 0.3876317046875 0.3379097484375 0.3934520015625 0.3364685328125 0.38796429374999997 0.337022846875 0.381645115625 0.3386857875 0.37349670156250003 0.34034872968749996 0.365680875 0.342233396875 0.357366165625 0.3437854765625 0.34838628125 0.34589186875 0.34239969062500003 0.3482199875 0.35287622343749997 0.3452266921875
8 0.6806576796875 0.3292937546875 0.685423475 0.3349673203125 0.6924019609375 0.3430237828125 0.68984885625 0.33984658749999996 0.684742646875 0.3313362375 0.6782747828125 0.3248683734375 0.6687431921875 0.3191948078125 0.6569989109375001 0.3153367828125 0.6527437359375 0.3153367828125 0.64133986875 0.31318082812500003 0.6275531046875 0.3114787578125 0.614617375 0.30886891875 0.600830609375 0.3071668484375 0.59095860625 0.306032134375 0.5812568078125 0.3051243640625 0.6001497828125 0.3078476765625 0.61478758125 0.3096632171875 0.6321486921874999 0.3129538859375 0.646275871875 0.31499636875000003 0.659722221875 0.3172657953125 0.6721473312499999 0.322598946875 0.6806576796875 0.3292937546875
8 0.6888276140625 0.3329248359375 0.683380990625 0.3312227671875 0.6886574078125001 0.333946078125 0.6905296843750001 0.336669390625 0.6932529953125 0.33769063125 0.6983592046875 0.34166212812499996 0.6968273421875 0.3392792296875 0.691891340625 0.33553467656249997 0.6888276140625 0.3329248359375
8 0.699380446875 0.3230528328125 0.6958061 0.32271241875 0.6924019609375 0.31942175 0.6884872 0.31613108125 0.6830405765625 0.3134077703125 0.6881467859375 0.3185139796875 0.692061546875 0.322598946875 0.696486928125 0.3248683734375 0.6988698265625 0.326456971875 0.7036356203125 0.328385984375 0.7017633437499999 0.3262300296875 0.699380446875 0.3230528328125
8 0.6337511296875 0.3394591234375 0.63812844375 0.34253092343749997 0.634103996875 0.338282896875 0.6245765578125 0.335873659375 0.6337511296875 0.3394591234375
8 0.6404556234375 0.34416403125 0.63812844375 0.34253092343749997 0.6383384140625 0.342752559375 0.6427329562499999 0.34748514375 0.6404556234375 0.34416403125
8 0.6782125109375 0.3947417953125 0.6782125109375 0.3876844328125 0.6764481703125 0.37874510625 0.6718608859375 0.371217253125 0.6683322046875 0.36274841874999997 0.66689459375 0.3608954984375 0.6697436765625 0.3662771 0.6725666218749999 0.373804953125 0.6766381765625 0.38421262343749996 0.6770356375000001 0.3917378921875 0.6767971609375001 0.40058803125000003 0.6744123937500001 0.4102330921875 0.6715080171875 0.419913053125 0.6734584859375 0.41632749999999996 0.6778305609374999 0.40445665468750003 0.6782125109375 0.3947417953125
8 0.6182249328125 0.316169828125 0.627399503125 0.317110809375 0.6154019875000001 0.3156993375 0.6037573390625 0.3145231109375 0.5832909890625 0.3133468828125 0.5949356375 0.3145231109375 0.606933153125 0.3149936015625 0.6182249328125 0.316169828125
8 0.6143433828125 0.41403191875 0.60799175625 0.3987409671875 0.6005815265625001 0.38580246875 0.5924655609375 0.37945084375000004 0.6005815265625001 0.38956639531250004 0.609756096875 0.40603357500000004 0.6146962515625 0.420854034375 0.6178720640625001 0.4382621953125 0.61504911875 0.45496461874999994 0.61893066875 0.44320234843749995 0.6182249328125 0.4302638515625 0.6143433828125 0.41403191875
8 0.3983880984375 0.42485320625 0.4054454609375 0.41262044531250003 0.41109134999999997 0.4046221015625 0.416384371875 0.397799984375 0.4089741421875 0.40485734687499997 0.40262251562499995 0.4142671640625 0.3969766265625 0.42391222500000003 0.39168360468749996 0.4337925328125 0.39274220937500004 0.44626053906249996 0.3934479453125 0.43543925000000006 0.3983880984375 0.42485320625
8 0.3726287265625 0.45943428124999997 0.3652184953125 0.44861299375 0.360984078125 0.44061464843750003 0.3571025296875 0.4316753234375 0.354279584375 0.421324525 0.35639679375 0.43238105937500004 0.3616898140625 0.445554803125 0.36980578125 0.45755231875 0.37721601250000003 0.46907934375 0.3867434515625 0.480135878125 0.3793332203125 0.46978507968749994 0.3726287265625 0.45943428124999997
8 0.65033593125 0.37945084375000004 0.657040425 0.39097786874999996 0.65565221875 0.4085372578125 0.6536649109375 0.41945419531250006 0.649451821875 0.43604158125000003 0.655276084375 0.424382715625 0.658451896875 0.40485734687499997 0.658451896875 0.3907426234375 0.65033593125 0.37945084375000004
8 0.6931030781249999 0.30634249062499996 0.6860977562499999 0.30344848125 0.6818051734374999 0.301805640625 0.6766381765625 0.3001628 0.6714711796875 0.2976720421875 0.6659862125 0.296665140625 0.6595473390625 0.295128290625 0.65430085 0.2943863625 0.6492133453125 0.293644434375 0.6411730437500001 0.2913958390625 0.647879875 0.29446181875 0.6536285875 0.2954838109375 0.6593772999999999 0.2965058046875 0.6699166046875 0.29918853749999996 0.678922921875 0.302510015625 0.68697111875 0.3048095 0.691186840625 0.306214740625 0.6931030781249999 0.30634249062499996