0 0.4109375 0.60078125 0.3671875 0.60078125 0.3671875 0.62890625 0.4109375 0.62890625 0.4109375 0.60078125
0 0.51640625 0.5578125 0.46796875 0.5578125 0.46796875 0.59375 0.51640625 0.59375 0.51640625 0.5578125
0 0.34453125 0.63984375 0.24765625 0.63984375 0.24765625 0.67578125 0.34453125 0.67578125 0.34453125 0.63984375
0 0.3765625 0.7015625 0.3171875 0.7015625 0.3171875 0.7484375 0.3765625 0.7484375 0.3765625 0.7015625
0 0.65703125 0.7109375 0.61484375 0.7109375 0.61484375 0.7296875 0.65703125 0.7296875 0.65703125 0.7109375
0 0.684375 0.728125 0.659375 0.728125 0.659375 0.7484375 0.684375 0.7484375 0.684375 0.728125
0 0.71953125 0.71875 0.69921875 0.71875 0.69921875 0.734375 0.71953125 0.734375 0.71953125 0.71875
0 0.7515625 0.63046875 0.7015625 0.63046875 0.7015625 0.70703125 0.7515625 0.70703125 0.7515625 0.63046875
0 0.51015625 0.37421875 0.46640625 0.37421875 0.46640625 0.40390625 0.51015625 0.40390625 0.51015625 0.37421875
0 0.58515625 0.35 0.55859375 0.35 0.55859375 0.371875 0.58515625 0.371875 0.58515625 0.35
0 0.61484375 0.37890625 0.57421875 0.37890625 0.57421875 0.39921875 0.61484375 0.39921875 0.61484375 0.37890625
0 0.703125 0.3375 0.6375 0.3375 0.6375 0.40625 0.703125 0.40625 0.703125 0.3375
0 0.4796875 0.32421875 0.4140625 0.32421875 0.4140625 0.34765625 0.4796875 0.34765625 0.4796875 0.32421875
0 0.4015625 0.36875 0.365625 0.36875 0.365625 0.3859375 0.4015625 0.3859375 0.4015625 0.36875
0 0.55 0.421875 0.51875 0.421875 0.51875 0.4609375 0.55 0.4609375 0.55 0.421875
0 0.51953125 0.48046875 0.49140625 0.48046875 0.49140625 0.51015625 0.51953125 0.51015625 0.51953125 0.48046875
0 0.4234375 0.7203125 0.3921875 0.7203125 0.3921875 0.7421875 0.4234375 0.7421875 0.4234375 0.7203125
0 0.43671875 0.42578125 0.41015625 0.42578125 0.41015625 0.44140625 0.43671875 0.44140625 0.43671875 0.42578125
0 0.39609375 0.41015625 0.37265625 0.41015625 0.37265625 0.41953125 0.39609375 0.41953125 0.39609375 0.41015625
0 0.5640625 0.4765625 0.5375 0.4765625 0.5375 0.496875 0.5640625 0.496875 0.5640625 0.4765625
0 0.2515625 0.62578125 0.234375 0.62578125 0.234375 0.63984375 0.2515625 0.63984375 0.2515625 0.62578125
0 0.334375 0.61171875 0.303125 0.61171875 0.303125 0.63984375 0.334375 0.63984375 0.334375 0.61171875