0 0.3890625 0.47265625 0.3484375 0.47265625 0.3484375 0.50078125 0.3890625 0.50078125 0.3890625 0.47265625
0 0.5296875 0.28828125 0.5046875 0.28828125 0.5046875 0.30859375 0.5296875 0.30859375 0.5296875 0.28828125
0 0.5984375 0.2203125 0.575 0.2203125 0.575 0.2375 0.5984375 0.2375 0.5984375 0.2203125
0 0.59609375 0.25625 0.57109375 0.25625 0.57109375 0.275 0.59609375 0.275 0.59609375 0.25625
0 0.66953125 0.21015625 0.64296875 0.21015625 0.64296875 0.22890625 0.66953125 0.22890625 0.66953125 0.21015625
0 0.5984375 0.15625 0.5734375 0.15625 0.5734375 0.18125 0.5984375 0.18125 0.5984375 0.15625
0 0.41953125 0.48125 0.40078125 0.48125 0.40078125 0.496875 0.41953125 0.496875 0.41953125 0.48125
0 0.66484375 0.48515625 0.64453125 0.48515625 0.64453125 0.51171875 0.66484375 0.51171875 0.66484375 0.48515625
0 0.55234375 0.6625 0.52890625 0.6625 0.52890625 0.678125 0.55234375 0.678125 0.55234375 0.6625
0 0.54375 0.68984375 0.51875 0.68984375 0.51875 0.70390625 0.54375 0.70390625 0.54375 0.68984375
0 0.73203125 0.49453125 0.70546875 0.49453125 0.70546875 0.51328125 0.73203125 0.51328125 0.73203125 0.49453125