0 0.515625 0.4078125 0.4640625 0.4078125 0.4640625 0.4421875 0.515625 0.4421875 0.515625 0.4078125
0 0.446875 0.42421875 0.371875 0.42421875 0.371875 0.44609375 0.446875 0.44609375 0.446875 0.42421875
0 0.33671875 0.46640625 0.29453125 0.46640625 0.29453125 0.48515625 0.33671875 0.48515625 0.33671875 0.46640625
0 0.3421875 0.5046875 0.3171875 0.5046875 0.3171875 0.525 0.3421875 0.525 0.3421875 0.5046875
0 0.39375 0.4875 0.328125 0.4875 0.328125 0.503125 0.39375 0.503125 0.39375 0.4875
0 0.521875 0.45234375 0.4390625 0.45234375 0.4390625 0.48046875 0.521875 0.48046875 0.521875 0.45234375
0 0.66171875 0.5890625 0.63671875 0.5890625 0.63671875 0.6171875 0.66171875 0.6171875 0.66171875 0.5890625
0 0.5625 0.69609375 0.534375 0.69609375 0.534375 0.71171875 0.5625 0.71171875 0.5625 0.69609375
0 0.51015625 0.646875 0.41640625 0.646875 0.41640625 0.74375 0.51015625 0.74375 0.51015625 0.646875
0 0.3625 0.53359375 0.346875 0.53359375 0.346875 0.55234375 0.3625 0.55234375 0.3625 0.53359375
0 0.3390625 0.53828125 0.3078125 0.53828125 0.3078125 0.56328125 0.3390625 0.56328125 0.3390625 0.53828125
0 0.36875 0.56015625 0.325 0.56015625 0.325 0.57890625 0.36875 0.57890625 0.36875 0.56015625
0 0.509375 0.48125 0.4625 0.48125 0.4625 0.4984375 0.509375 0.4984375 0.509375 0.48125
0 0.578125 0.7140625 0.425 0.7140625 0.425 0.7796875 0.578125 0.7796875 0.578125 0.7140625
0 0.67578125 0.73984375 0.61484375 0.73984375 0.61484375 0.76484375 0.67578125 0.76484375 0.67578125 0.73984375
0 0.35703125 0.684375 0.32578125 0.684375 0.32578125 0.70625 0.35703125 0.70625 0.35703125 0.684375
0 0.63671875 0.471875 0.62109375 0.471875 0.62109375 0.484375 0.63671875 0.484375 0.63671875 0.471875
0 0.50859375 0.81875 0.49296875 0.81875 0.49296875 0.8375 0.50859375 0.8375 0.50859375 0.81875
0 0.28125 0.5109375 0.259375 0.5109375 0.259375 0.5296875 0.28125 0.5296875 0.28125 0.5109375
0 0.5640625 0.459375 0.5296875 0.459375 0.5296875 0.4890625 0.5640625 0.4890625 0.5640625 0.459375
0 0.4328125 0.46015625 0.40625 0.46015625 0.40625 0.48203125 0.4328125 0.48203125 0.4328125 0.46015625