0 0.7453125 0.54140625 0.6921875 0.54140625 0.6921875 0.56953125 0.7453125 0.56953125 0.7453125 0.54140625
0 0.7578125 0.56796875 0.70625 0.56796875 0.70625 0.59296875 0.7578125 0.59296875 0.7578125 0.56796875
0 0.60234375 0.57578125 0.55546875 0.57578125 0.55546875 0.61015625 0.60234375 0.61015625 0.60234375 0.57578125
0 0.38828125 0.58203125 0.36171875 0.58203125 0.36171875 0.61015625 0.38828125 0.61015625 0.38828125 0.58203125
0 0.5125 0.60078125 0.45625 0.60078125 0.45625 0.63984375 0.5125 0.63984375 0.5125 0.60078125
0 0.5453125 0.665625 0.5 0.665625 0.5 0.7015625 0.5453125 0.7015625 0.5453125 0.665625
0 0.59609375 0.61640625 0.53203125 0.61640625 0.53203125 0.66015625 0.59609375 0.66015625 0.59609375 0.61640625
0 0.75390625 0.7015625 0.72890625 0.7015625 0.72890625 0.715625 0.75390625 0.715625 0.75390625 0.7015625
0 0.6515625 0.703125 0.6109375 0.703125 0.6109375 0.7296875 0.6515625 0.7296875 0.6515625 0.703125
0 0.5640625 0.76015625 0.528125 0.76015625 0.528125 0.78359375 0.5640625 0.78359375 0.5640625 0.76015625
0 0.40078125 0.47734375 0.37421875 0.47734375 0.37421875 0.49140625 0.40078125 0.49140625 0.40078125 0.47734375
0 0.740625 0.33359375 0.6828125 0.33359375 0.6828125 0.36484375 0.740625 0.36484375 0.740625 0.33359375
0 0.78125 0.40078125 0.7546875 0.40078125 0.7546875 0.41796875 0.78125 0.41796875 0.78125 0.40078125
0 0.74453125 0.36484375 0.67109375 0.36484375 0.67109375 0.39453125 0.74453125 0.39453125 0.74453125 0.36484375
0 0.621875 0.3609375 0.596875 0.3609375 0.596875 0.3765625 0.621875 0.3765625 0.621875 0.3609375
0 0.60859375 0.3078125 0.57265625 0.3078125 0.57265625 0.35 0.60859375 0.35 0.60859375 0.3078125
0 0.67890625 0.27734375 0.65546875 0.27734375 0.65546875 0.29765625 0.67890625 0.29765625 0.67890625 0.27734375
0 0.74375 0.46015625 0.7171875 0.46015625 0.7171875 0.48515625 0.74375 0.48515625 0.74375 0.46015625
0 0.7859375 0.42890625 0.7234375 0.42890625 0.7234375 0.44921875 0.7859375 0.44921875 0.7859375 0.42890625
0 0.5859375 0.72109375 0.5578125 0.72109375 0.5578125 0.74140625 0.5859375 0.74140625 0.5859375 0.72109375
0 0.43671875 0.61640625 0.41171875 0.61640625 0.41171875 0.64453125 0.43671875 0.64453125 0.43671875 0.61640625