0 0.18828125 0.5890625 0.17109375 0.5890625 0.17109375 0.609375 0.18828125 0.609375 0.18828125 0.5890625
0 0.45703125 0.95 0.42734375 0.95 0.42734375 0.9703125 0.45703125 0.9703125 0.45703125 0.95
0 0.64375 0.8453125 0.625 0.8453125 0.625 0.8640625 0.64375 0.8640625 0.64375 0.8453125
0 0.59296875 0.58359375 0.56328125 0.58359375 0.56328125 0.61015625 0.59296875 0.61015625 0.59296875 0.58359375
0 0.55 0.56484375 0.5015625 0.56484375 0.5015625 0.61171875 0.55 0.61171875 0.55 0.56484375
0 0.3328125 0.65390625 0.2953125 0.65390625 0.2953125 0.67109375 0.3328125 0.67109375 0.3328125 0.65390625
0 0.62734375 0.61171875 0.57109375 0.61171875 0.57109375 0.67890625 0.62734375 0.67890625 0.62734375 0.61171875
0 0.56484375 0.63828125 0.54765625 0.63828125 0.54765625 0.65390625 0.56484375 0.65390625 0.56484375 0.63828125
0 0.54140625 0.64140625 0.50546875 0.64140625 0.50546875 0.67265625 0.54140625 0.67265625 0.54140625 0.64140625
0 0.53203125 0.696875 0.45546875 0.696875 0.45546875 0.71875 0.53203125 0.71875 0.53203125 0.696875
0 0.565625 0.70859375 0.54375 0.70859375 0.54375 0.73359375 0.565625 0.73359375 0.565625 0.70859375
0 0.56328125 0.746875 0.52109375 0.746875 0.52109375 0.7609375 0.56328125 0.7609375 0.56328125 0.746875
0 0.70234375 0.6328125 0.67421875 0.6328125 0.67421875 0.653125 0.70234375 0.653125 0.70234375 0.6328125
0 0.678125 0.596875 0.6453125 0.596875 0.6453125 0.609375 0.678125 0.609375 0.678125 0.596875
0 0.65625 0.5640625 0.6390625 0.5640625 0.6390625 0.5890625 0.65625 0.5890625 0.65625 0.5640625
0 0.62890625 0.5390625 0.56171875 0.5390625 0.56171875 0.56875 0.62890625 0.56875 0.62890625 0.5390625
0 0.659375 0.63984375 0.634375 0.63984375 0.634375 0.65546875 0.659375 0.65546875 0.659375 0.63984375
0 0.67265625 0.6125 0.66328125 0.6125 0.66328125 0.621875 0.67265625 0.621875 0.67265625 0.6125
0 0.6453125 0.7140625 0.6125 0.7140625 0.6125 0.734375 0.6453125 0.734375 0.6453125 0.7140625
0 0.31484375 0.81953125 0.28203125 0.81953125 0.28203125 0.83984375 0.31484375 0.83984375 0.31484375 0.81953125
0 0.60859375 0.39453125 0.56953125 0.39453125 0.56953125 0.42734375 0.60859375 0.42734375 0.60859375 0.39453125
0 0.63046875 0.4234375 0.60390625 0.4234375 0.60390625 0.45 0.63046875 0.45 0.63046875 0.4234375
0 0.53984375 0.43203125 0.51953125 0.43203125 0.51953125 0.44921875 0.53984375 0.44921875 0.53984375 0.43203125
0 0.4515625 0.34609375 0.371875 0.34609375 0.371875 0.39609375 0.4515625 0.39609375 0.4515625 0.34609375
0 0.3953125 0.28203125 0.3703125 0.28203125 0.3703125 0.29765625 0.3953125 0.29765625 0.3953125 0.28203125
0 0.2375 0.35546875 0.215625 0.35546875 0.215625 0.37109375 0.2375 0.37109375 0.2375 0.35546875
0 0.2609375 0.3796875 0.24375 0.3796875 0.24375 0.409375 0.2609375 0.409375 0.2609375 0.3796875
0 0.365625 0.34296875 0.340625 0.34296875 0.340625 0.36015625 0.365625 0.36015625 0.365625 0.34296875
0 0.3453125 0.39375 0.3265625 0.39375 0.3265625 0.421875 0.3453125 0.421875 0.3453125 0.39375
0 0.37265625 0.4046875 0.35703125 0.4046875 0.35703125 0.4203125 0.37265625 0.4203125 0.37265625 0.4046875
0 0.63984375 0.46953125 0.61953125 0.46953125 0.61953125 0.50078125 0.63984375 0.50078125 0.63984375 0.46953125
0 0.68828125 0.46171875 0.64765625 0.46171875 0.64765625 0.53515625 0.68828125 0.53515625 0.68828125 0.46171875
8 0.32734375 0.37421875 0.28984375 0.37421875 0.28984375 0.46484375 0.32734375 0.46484375 0.32734375 0.37421875
0 0.35234375 0.50234375 0.31328125 0.50234375 0.31328125 0.52265625 0.35234375 0.52265625 0.35234375 0.50234375
0 0.51875 0.80625 0.4875 0.80625 0.4875 0.825 0.51875 0.825 0.51875 0.80625