8 0.6796875 0.41171875 0.6546875 0.41171875 0.6546875 0.47734375 0.6796875 0.47734375 0.6796875 0.41171875
0 0.45234375 0.5921875 0.35390625 0.5921875 0.35390625 0.634375 0.45234375 0.634375 0.45234375 0.5921875
0 0.33984375 0.4890625 0.31640625 0.4890625 0.31640625 0.50625 0.33984375 0.50625 0.33984375 0.4890625
0 0.30625 0.49609375 0.271875 0.49609375 0.271875 0.51640625 0.30625 0.51640625 0.30625 0.49609375
0 0.5125 0.4 0.4640625 0.4 0.4640625 0.4171875 0.5125 0.4171875 0.5125 0.4
0 0.39140625 0.43046875 0.36953125 0.43046875 0.36953125 0.44296875 0.39140625 0.44296875 0.39140625 0.43046875
0 0.44296875 0.434375 0.41484375 0.434375 0.41484375 0.4484375 0.44296875 0.4484375 0.44296875 0.434375
0 0.6421875 0.39921875 0.6140625 0.39921875 0.6140625 0.41484375 0.6421875 0.41484375 0.6421875 0.39921875
0 0.5671875 0.34140625 0.5390625 0.34140625 0.5390625 0.35703125 0.5671875 0.35703125 0.5671875 0.34140625
0 0.39453125 0.3078125 0.35703125 0.3078125 0.35703125 0.328125 0.39453125 0.328125 0.39453125 0.3078125
0 0.7109375 0.3859375 0.6890625 0.3859375 0.6890625 0.4 0.7109375 0.4 0.7109375 0.3859375
0 0.71171875 0.32734375 0.68828125 0.32734375 0.68828125 0.34296875 0.71171875 0.34296875 0.71171875 0.32734375
0 0.753125 0.415625 0.7375 0.415625 0.7375 0.4453125 0.753125 0.4453125 0.753125 0.415625
0 0.728125 0.4328125 0.6984375 0.4328125 0.6984375 0.465625 0.728125 0.465625 0.728125 0.4328125
0 0.3484375 0.61328125 0.3265625 0.61328125 0.3265625 0.62578125 0.3484375 0.62578125 0.3484375 0.61328125
0 0.33359375 0.6453125 0.31015625 0.6453125 0.31015625 0.6796875 0.33359375 0.6796875 0.33359375 0.6453125
0 0.45546875 0.684375 0.38359375 0.684375 0.38359375 0.7171875 0.45546875 0.7171875 0.45546875 0.684375
0 0.41796875 0.6578125 0.36953125 0.6578125 0.36953125 0.675 0.41796875 0.675 0.41796875 0.6578125
0 0.36640625 0.71015625 0.35078125 0.71015625 0.35078125 0.72890625 0.36640625 0.72890625 0.36640625 0.71015625
0 0.33828125 0.7078125 0.31796875 0.7078125 0.31796875 0.728125 0.33828125 0.728125 0.33828125 0.7078125
0 0.32265625 0.73515625 0.29765625 0.73515625 0.29765625 0.75703125 0.32265625 0.75703125 0.32265625 0.73515625
0 0.48515625 0.73125 0.43828125 0.73125 0.43828125 0.7546875 0.48515625 0.7546875 0.48515625 0.73125
0 0.4046875 0.74140625 0.3765625 0.74140625 0.3765625 0.77890625 0.4046875 0.77890625 0.4046875 0.74140625
0 0.41875 0.79296875 0.3984375 0.79296875 0.3984375 0.81015625 0.41875 0.81015625 0.41875 0.79296875
0 0.4734375 0.825 0.45 0.825 0.45 0.8421875 0.4734375 0.8421875 0.4734375 0.825
0 0.52421875 0.8421875 0.50078125 0.8421875 0.50078125 0.853125 0.52421875 0.853125 0.52421875 0.8421875
0 0.6171875 0.84140625 0.5828125 0.84140625 0.5828125 0.86015625 0.6171875 0.86015625 0.6171875 0.84140625
0 0.371875 0.40390625 0.325 0.40390625 0.325 0.46484375 0.371875 0.46484375 0.371875 0.40390625
0 0.58125 0.378125 0.528125 0.378125 0.528125 0.396875 0.58125 0.396875 0.58125 0.378125