6 0.5484375 0.634375 0.4265625 0.634375 0.4265625 0.7203125 0.5484375 0.7203125 0.5484375 0.634375
0 0.43984375 0.46640625 0.38046875 0.46640625 0.38046875 0.51640625 0.43984375 0.51640625 0.43984375 0.46640625
0 0.3734375 0.45625 0.3328125 0.45625 0.3328125 0.490625 0.3734375 0.490625 0.3734375 0.45625
0 0.5859375 0.66875 0.5609375 0.66875 0.5609375 0.6859375 0.5859375 0.6859375 0.5859375 0.66875
0 0.6625 0.65234375 0.6421875 0.65234375 0.6421875 0.66953125 0.6625 0.66953125 0.6625 0.65234375
0 0.3890625 0.56796875 0.3765625 0.56796875 0.3765625 0.58359375 0.3890625 0.58359375 0.3890625 0.56796875
0 0.43203125 0.584375 0.39921875 0.584375 0.39921875 0.6046875 0.43203125 0.6046875 0.43203125 0.584375
0 0.33359375 0.66171875 0.31953125 0.66171875 0.31953125 0.67578125 0.33359375 0.67578125 0.33359375 0.66171875
0 0.37109375 0.7375 0.34765625 0.7375 0.34765625 0.7515625 0.37109375 0.7515625 0.37109375 0.7375
0 0.7015625 0.5359375 0.6421875 0.5359375 0.6421875 0.578125 0.7015625 0.578125 0.7015625 0.5359375
0 0.38203125 0.44140625 0.36640625 0.44140625 0.36640625 0.45703125 0.38203125 0.45703125 0.38203125 0.44140625
6 0.30078125 0.65546875 0.25234375 0.65546875 0.25234375 0.68359375 0.30078125 0.68359375 0.30078125 0.65546875