0 0.63828125 0.196875 0.58828125 0.196875 0.58828125 0.2484375 0.63828125 0.2484375 0.63828125 0.196875
0 0.56796875 0.2015625 0.53515625 0.2015625 0.53515625 0.225 0.56796875 0.225 0.56796875 0.2015625
0 0.5015625 0.225 0.4421875 0.225 0.4421875 0.2796875 0.5015625 0.2796875 0.5015625 0.225
0 0.425 0.19921875 0.371875 0.19921875 0.371875 0.25546875 0.425 0.25546875 0.425 0.19921875
0 0.3671875 0.23203125 0.321875 0.23203125 0.321875 0.29921875 0.3671875 0.29921875 0.3671875 0.23203125
0 0.32265625 0.303125 0.30546875 0.303125 0.30546875 0.3171875 0.32265625 0.3171875 0.32265625 0.303125
0 0.3390625 0.3234375 0.3203125 0.3234375 0.3203125 0.353125 0.3390625 0.353125 0.3390625 0.3234375
0 0.31328125 0.38984375 0.29921875 0.38984375 0.29921875 0.41015625 0.31328125 0.41015625 0.31328125 0.38984375
0 0.534375 0.48828125 0.50625 0.48828125 0.50625 0.50859375 0.534375 0.50859375 0.534375 0.48828125
0 0.52421875 0.45078125 0.50703125 0.45078125 0.50703125 0.46640625 0.52421875 0.46640625 0.52421875 0.45078125
0 0.39140625 0.48203125 0.34453125 0.48203125 0.34453125 0.51015625 0.39140625 0.51015625 0.39140625 0.48203125
0 0.5765625 0.23984375 0.521875 0.23984375 0.521875 0.26796875 0.5765625 0.26796875 0.5765625 0.23984375
0 0.51015625 0.19765625 0.47109375 0.19765625 0.47109375 0.22265625 0.51015625 0.22265625 0.51015625 0.19765625
0 0.55625 0.309375 0.528125 0.309375 0.528125 0.3328125 0.55625 0.3328125 0.55625 0.309375
0 0.7125 0.19921875 0.6890625 0.19921875 0.6890625 0.22265625 0.7125 0.22265625 0.7125 0.19921875
0 0.66875 0.2609375 0.6109375 0.2609375 0.6109375 0.2875 0.66875 0.2875 0.66875 0.2609375
0 0.76796875 0.271875 0.72890625 0.271875 0.72890625 0.3296875 0.76796875 0.3296875 0.76796875 0.271875
0 0.7640625 0.44375 0.74375 0.44375 0.74375 0.459375 0.7640625 0.459375 0.7640625 0.44375
0 0.640625 0.47578125 0.6171875 0.47578125 0.6171875 0.49453125 0.640625 0.49453125 0.640625 0.47578125
0 0.615625 0.54765625 0.59375 0.54765625 0.59375 0.56328125 0.615625 0.56328125 0.615625 0.54765625
0 0.3515625 0.5265625 0.3296875 0.5265625 0.3296875 0.5484375 0.3515625 0.5484375 0.3515625 0.5265625
0 0.6140625 0.48203125 0.5984375 0.48203125 0.5984375 0.49609375 0.6140625 0.49609375 0.6140625 0.48203125
0 0.490625 0.48359375 0.465625 0.48359375 0.465625 0.50859375 0.490625 0.50859375 0.490625 0.48359375
0 0.38515625 0.59765625 0.35390625 0.59765625 0.35390625 0.61796875 0.38515625 0.61796875 0.38515625 0.59765625
0 0.3171875 0.54453125 0.3046875 0.54453125 0.3046875 0.56484375 0.3171875 0.56484375 0.3171875 0.54453125
0 0.33984375 0.590625 0.32265625 0.590625 0.32265625 0.603125 0.33984375 0.603125 0.33984375 0.590625
0 0.59453125 0.6875 0.57578125 0.6875 0.57578125 0.70625 0.59453125 0.70625 0.59453125 0.6875
0 0.69375 0.58671875 0.6703125 0.58671875 0.6703125 0.60234375 0.69375 0.60234375 0.69375 0.58671875
0 0.71015625 0.621875 0.68828125 0.621875 0.68828125 0.6375 0.71015625 0.6375 0.71015625 0.621875
0 0.72109375 0.60078125 0.69453125 0.60078125 0.69453125 0.61328125 0.72109375 0.61328125 0.72109375 0.60078125
0 0.77578125 0.525 0.76171875 0.525 0.76171875 0.5421875 0.77578125 0.5421875 0.77578125 0.525
0 0.578125 0.71640625 0.534375 0.71640625 0.534375 0.73515625 0.578125 0.73515625 0.578125 0.71640625
0 0.503125 0.7140625 0.475 0.7140625 0.475 0.73125 0.503125 0.73125 0.503125 0.7140625
0 0.3890625 0.621875 0.36875 0.621875 0.36875 0.6359375 0.3890625 0.6359375 0.3890625 0.621875
0 0.66015625 0.6859375 0.61953125 0.6859375 0.61953125 0.703125 0.66015625 0.703125 0.66015625 0.6859375
0 0.5734375 0.665625 0.5375 0.665625 0.5375 0.68125 0.5734375 0.68125 0.5734375 0.665625
0 0.5421875 0.68984375 0.5234375 0.68984375 0.5234375 0.71484375 0.5421875 0.71484375 0.5421875 0.68984375
0 0.5734375 0.3484375 0.5515625 0.3484375 0.5515625 0.3671875 0.5734375 0.3671875 0.5734375 0.3484375
0 0.60078125 0.32578125 0.57734375 0.32578125 0.57734375 0.33828125 0.60078125 0.33828125 0.60078125 0.32578125