0 0.4515625 0.15234375 0.4171875 0.15234375 0.4171875 0.18828125 0.4515625 0.18828125 0.4515625 0.15234375
0 0.42578125 0.17734375 0.39921875 0.17734375 0.39921875 0.19453125 0.42578125 0.19453125 0.42578125 0.17734375
0 0.41015625 0.2078125 0.38984375 0.2078125 0.38984375 0.228125 0.41015625 0.228125 0.41015625 0.2078125
0 0.3828125 0.17734375 0.3625 0.17734375 0.3625 0.19921875 0.3828125 0.19921875 0.3828125 0.17734375
0 0.3265625 0.21875 0.2921875 0.21875 0.2921875 0.2625 0.3265625 0.2625 0.3265625 0.21875
0 0.38046875 0.215625 0.35703125 0.215625 0.35703125 0.2359375 0.38046875 0.2359375 0.38046875 0.215625
0 0.34765625 0.1875 0.31640625 0.1875 0.31640625 0.221875 0.34765625 0.221875 0.34765625 0.1875
0 0.3921875 0.28359375 0.3609375 0.28359375 0.3609375 0.32890625 0.3921875 0.32890625 0.3921875 0.28359375
0 0.43125 0.3765625 0.4046875 0.3765625 0.4046875 0.4078125 0.43125 0.4078125 0.43125 0.3765625
0 0.42265625 0.43203125 0.40078125 0.43203125 0.40078125 0.44921875 0.42265625 0.44921875 0.42265625 0.43203125
0 0.44453125 0.45859375 0.41953125 0.45859375 0.41953125 0.50078125 0.44453125 0.50078125 0.44453125 0.45859375
0 0.50390625 0.54375 0.47578125 0.54375 0.47578125 0.5640625 0.50390625 0.5640625 0.50390625 0.54375
0 0.42109375 0.659375 0.38984375 0.659375 0.38984375 0.6796875 0.42109375 0.6796875 0.42109375 0.659375
0 0.68671875 0.46015625 0.63203125 0.46015625 0.63203125 0.49609375 0.68671875 0.49609375 0.68671875 0.46015625
0 0.71171875 0.45078125 0.69609375 0.45078125 0.69609375 0.46484375 0.71171875 0.46484375 0.71171875 0.45078125
0 0.703125 0.5078125 0.6625 0.5078125 0.6625 0.5515625 0.703125 0.5515625 0.703125 0.5078125
0 0.6640625 0.54453125 0.64375 0.54453125 0.64375 0.57890625 0.6640625 0.57890625 0.6640625 0.54453125
0 0.653125 0.56015625 0.5703125 0.56015625 0.5703125 0.59921875 0.653125 0.59921875 0.653125 0.56015625
0 0.55859375 0.5640625 0.52578125 0.5640625 0.52578125 0.6078125 0.55859375 0.6078125 0.55859375 0.5640625
0 0.503125 0.65859375 0.4328125 0.65859375 0.4328125 0.68984375 0.503125 0.68984375 0.503125 0.65859375
0 0.36875 0.65703125 0.3375 0.65703125 0.3375 0.68671875 0.36875 0.68671875 0.36875 0.65703125
0 0.43125 0.690625 0.375 0.690625 0.375 0.7140625 0.43125 0.7140625 0.43125 0.690625
0 0.57578125 0.65390625 0.54921875 0.65390625 0.54921875 0.67421875 0.57578125 0.67421875 0.57578125 0.65390625
0 0.68671875 0.58671875 0.63828125 0.58671875 0.63828125 0.61796875 0.68671875 0.61796875 0.68671875 0.58671875
0 0.66875 0.25859375 0.6359375 0.25859375 0.6359375 0.28515625 0.66875 0.28515625 0.66875 0.25859375
0 0.67734375 0.33359375 0.64921875 0.33359375 0.64921875 0.35234375 0.67734375 0.35234375 0.67734375 0.33359375
0 0.6703125 0.3609375 0.628125 0.3609375 0.628125 0.3765625 0.6703125 0.3765625 0.6703125 0.3609375
0 0.71015625 0.43125 0.68984375 0.43125 0.68984375 0.45 0.71015625 0.45 0.71015625 0.43125
0 0.50546875 0.17734375 0.47109375 0.17734375 0.47109375 0.19765625 0.50546875 0.19765625 0.50546875 0.17734375