0 0.50625 0.490625 0.46875 0.490625 0.46875 0.515625 0.50625 0.515625 0.50625 0.490625
0 0.47578125 0.53203125 0.45078125 0.53203125 0.45078125 0.55234375 0.47578125 0.55234375 0.47578125 0.53203125
0 0.415625 0.55 0.384375 0.55 0.384375 0.5703125 0.415625 0.5703125 0.415625 0.55
0 0.3953125 0.578125 0.371875 0.578125 0.371875 0.5921875 0.3953125 0.5921875 0.3953125 0.578125
0 0.44453125 0.59609375 0.41171875 0.59609375 0.41171875 0.61484375 0.44453125 0.61484375 0.44453125 0.59609375
0 0.5109375 0.60625 0.4609375 0.60625 0.4609375 0.621875 0.5109375 0.621875 0.5109375 0.60625
0 0.5 0.62890625 0.4703125 0.62890625 0.4703125 0.64296875 0.5 0.64296875 0.5 0.62890625
0 0.5984375 0.72109375 0.5671875 0.72109375 0.5671875 0.73515625 0.5984375 0.73515625 0.5984375 0.72109375
0 0.54609375 0.721875 0.50234375 0.721875 0.50234375 0.740625 0.54609375 0.740625 0.54609375 0.721875
0 0.67265625 0.68203125 0.65390625 0.68203125 0.65390625 0.70078125 0.67265625 0.70078125 0.67265625 0.68203125
0 0.43359375 0.64140625 0.39921875 0.64140625 0.39921875 0.66328125 0.43359375 0.66328125 0.43359375 0.64140625
0 0.4375 0.628125 0.409375 0.628125 0.409375 0.640625 0.4375 0.640625 0.4375 0.628125
0 0.41953125 0.646875 0.37265625 0.646875 0.37265625 0.6859375 0.41953125 0.6859375 0.41953125 0.646875
0 0.3671875 0.44921875 0.3171875 0.44921875 0.3171875 0.48203125 0.3671875 0.48203125 0.3671875 0.44921875
0 0.321875 0.49765625 0.296875 0.49765625 0.296875 0.52109375 0.321875 0.52109375 0.321875 0.49765625
0 0.3640625 0.4890625 0.34375 0.4890625 0.34375 0.509375 0.3640625 0.509375 0.3640625 0.4890625
0 0.36796875 0.37109375 0.34296875 0.37109375 0.34296875 0.38359375 0.36796875 0.38359375 0.36796875 0.37109375
0 0.41640625 0.37734375 0.39140625 0.37734375 0.39140625 0.39765625 0.41640625 0.39765625 0.41640625 0.37734375
0 0.68046875 0.48828125 0.65234375 0.48828125 0.65234375 0.50859375 0.68046875 0.50859375 0.68046875 0.48828125
0 0.61328125 0.48671875 0.59296875 0.48671875 0.59296875 0.50859375 0.61328125 0.50859375 0.61328125 0.48671875
0 0.62421875 0.246875 0.59296875 0.246875 0.59296875 0.2703125 0.62421875 0.2703125 0.62421875 0.246875
0 0.43671875 0.278125 0.38359375 0.278125 0.38359375 0.309375 0.43671875 0.309375 0.43671875 0.278125
0 0.565625 0.2109375 0.490625 0.2109375 0.490625 0.2546875 0.565625 0.2546875 0.565625 0.2109375
0 0.5125 0.253125 0.45 0.253125 0.45 0.2921875 0.5125 0.2921875 0.5125 0.253125
0 0.671875 0.23359375 0.625 0.23359375 0.625 0.26640625 0.671875 0.26640625 0.671875 0.23359375
0 0.615625 0.27578125 0.5859375 0.27578125 0.5859375 0.29140625 0.615625 0.29140625 0.615625 0.27578125
0 0.6921875 0.4375 0.6796875 0.4375 0.6796875 0.4484375 0.6921875 0.4484375 0.6921875 0.4375
0 0.6765625 0.36796875 0.659375 0.36796875 0.659375 0.38515625 0.6765625 0.38515625 0.6765625 0.36796875
0 0.67734375 0.328125 0.64609375 0.328125 0.64609375 0.3546875 0.67734375 0.3546875 0.67734375 0.328125
0 0.7 0.25390625 0.6765625 0.25390625 0.6765625 0.28515625 0.7 0.28515625 0.7 0.25390625
0 0.67421875 0.27109375 0.63984375 0.27109375 0.63984375 0.31015625 0.67421875 0.31015625 0.67421875 0.27109375
0 0.6453125 0.4578125 0.6296875 0.4578125 0.6296875 0.4796875 0.6453125 0.4796875 0.6453125 0.4578125