0 0.36953125 0.484375 0.32890625 0.484375 0.32890625 0.5171875 0.36953125 0.5171875 0.36953125 0.484375
0 0.3546875 0.5234375 0.284375 0.5234375 0.284375 0.55625 0.3546875 0.55625 0.3546875 0.5234375
0 0.4734375 0.4125 0.4078125 0.4125 0.4078125 0.48125 0.4734375 0.48125 0.4734375 0.4125
0 0.41015625 0.29140625 0.36953125 0.29140625 0.36953125 0.31171875 0.41015625 0.31171875 0.41015625 0.29140625
0 0.45078125 0.3796875 0.42578125 0.3796875 0.42578125 0.403125 0.45078125 0.403125 0.45078125 0.3796875
0 0.4296875 0.32734375 0.4046875 0.32734375 0.4046875 0.35234375 0.4296875 0.35234375 0.4296875 0.32734375
0 0.54765625 0.41875 0.49296875 0.41875 0.49296875 0.475 0.54765625 0.475 0.54765625 0.41875
0 0.49453125 0.371875 0.47421875 0.371875 0.47421875 0.384375 0.49453125 0.384375 0.49453125 0.371875
0 0.5234375 0.54140625 0.490625 0.54140625 0.490625 0.56796875 0.5234375 0.56796875 0.5234375 0.54140625
0 0.565625 0.503125 0.515625 0.503125 0.515625 0.540625 0.565625 0.540625 0.565625 0.503125
0 0.371875 0.56640625 0.3484375 0.56640625 0.3484375 0.57734375 0.371875 0.57734375 0.371875 0.56640625
0 0.184375 0.23203125 0.1515625 0.23203125 0.1515625 0.24609375 0.184375 0.24609375 0.184375 0.23203125
0 0.19921875 0.253125 0.13828125 0.253125 0.13828125 0.2765625 0.19921875 0.2765625 0.19921875 0.253125
0 0.4421875 0.546875 0.3875 0.546875 0.3875 0.5828125 0.4421875 0.5828125 0.4421875 0.546875
0 0.39921875 0.4984375 0.37109375 0.4984375 0.37109375 0.5171875 0.39921875 0.5171875 0.39921875 0.4984375
0 0.3078125 0.6546875 0.284375 0.6546875 0.284375 0.6671875 0.3078125 0.6671875 0.3078125 0.6546875