0 0.428125 0.496875 0.3859375 0.496875 0.3859375 0.525 0.428125 0.525 0.428125 0.496875
0 0.3859375 0.4734375 0.3375 0.4734375 0.3375 0.5015625 0.3859375 0.5015625 0.3859375 0.4734375
0 0.3578125 0.3453125 0.30625 0.3453125 0.30625 0.375 0.3578125 0.375 0.3578125 0.3453125
0 0.38671875 0.29765625 0.33359375 0.29765625 0.33359375 0.31640625 0.38671875 0.31640625 0.38671875 0.29765625
0 0.42890625 0.31796875 0.39921875 0.31796875 0.39921875 0.33515625 0.42890625 0.33515625 0.42890625 0.31796875
0 0.42734375 0.4140625 0.39921875 0.4140625 0.39921875 0.4328125 0.42734375 0.4328125 0.42734375 0.4140625
0 0.384375 0.36796875 0.36875 0.36796875 0.36875 0.38359375 0.384375 0.38359375 0.384375 0.36796875
0 0.5671875 0.39375 0.5359375 0.39375 0.5359375 0.4125 0.5671875 0.4125 0.5671875 0.39375
0 0.53359375 0.41328125 0.45703125 0.41328125 0.45703125 0.46640625 0.53359375 0.46640625 0.53359375 0.41328125
0 0.6046875 0.43046875 0.5296875 0.43046875 0.5296875 0.45390625 0.6046875 0.45390625 0.6046875 0.43046875
0 0.575 0.5015625 0.54375 0.5015625 0.54375 0.5265625 0.575 0.5265625 0.575 0.5015625
0 0.5078125 0.48984375 0.434375 0.48984375 0.434375 0.52265625 0.5078125 0.52265625 0.5078125 0.48984375
0 0.63359375 0.64765625 0.59453125 0.64765625 0.59453125 0.66484375 0.63359375 0.66484375 0.63359375 0.64765625
0 0.57734375 0.14921875 0.52265625 0.14921875 0.52265625 0.19765625 0.57734375 0.19765625 0.57734375 0.14921875
0 0.7625 0.24375 0.70625 0.24375 0.70625 0.3171875 0.7625 0.3171875 0.7625 0.24375
0 0.60546875 0.45703125 0.52578125 0.45703125 0.52578125 0.49296875 0.60546875 0.49296875 0.60546875 0.45703125
0 0.740625 0.3875 0.7109375 0.3875 0.7109375 0.4109375 0.740625 0.4109375 0.740625 0.3875
0 0.76875 0.46953125 0.75 0.46953125 0.75 0.49140625 0.76875 0.49140625 0.76875 0.46953125
0 0.42734375 0.18671875 0.38828125 0.18671875 0.38828125 0.20859375 0.42734375 0.20859375 0.42734375 0.18671875
0 0.6359375 0.1640625 0.6046875 0.1640625 0.6046875 0.1796875 0.6359375 0.1796875 0.6359375 0.1640625