0 0.52578125 0.27421875 0.49765625 0.27421875 0.49765625 0.30859375 0.52578125 0.30859375 0.52578125 0.27421875
0 0.49453125 0.31875 0.44921875 0.31875 0.44921875 0.340625 0.49453125 0.340625 0.49453125 0.31875
0 0.42265625 0.3296875 0.40390625 0.3296875 0.40390625 0.3453125 0.42265625 0.3453125 0.42265625 0.3296875
0 0.37421875 0.3625 0.35234375 0.3625 0.35234375 0.3875 0.37421875 0.3875 0.37421875 0.3625
0 0.50703125 0.37109375 0.44140625 0.37109375 0.44140625 0.39296875 0.50703125 0.39296875 0.50703125 0.37109375
0 0.67109375 0.33828125 0.63203125 0.33828125 0.63203125 0.36015625 0.67109375 0.36015625 0.67109375 0.33828125
0 0.63046875 0.27578125 0.61171875 0.27578125 0.61171875 0.31171875 0.63046875 0.31171875 0.63046875 0.27578125
0 0.75703125 0.3140625 0.71328125 0.3140625 0.71328125 0.3625 0.75703125 0.3625 0.75703125 0.3140625
0 0.75859375 0.5828125 0.73515625 0.5828125 0.73515625 0.5984375 0.75859375 0.5984375 0.75859375 0.5828125
0 0.7734375 0.621875 0.753125 0.621875 0.753125 0.646875 0.7734375 0.646875 0.7734375 0.621875
0 0.721875 0.6046875 0.7109375 0.6046875 0.7109375 0.6125 0.721875 0.6125 0.721875 0.6046875
0 0.7984375 0.4390625 0.7796875 0.4390625 0.7796875 0.459375 0.7984375 0.459375 0.7984375 0.4390625
0 0.77578125 0.36328125 0.75703125 0.36328125 0.75703125 0.38515625 0.77578125 0.38515625 0.77578125 0.36328125
0 0.478125 0.54140625 0.459375 0.54140625 0.459375 0.55546875 0.478125 0.55546875 0.478125 0.54140625
0 0.51015625 0.578125 0.48828125 0.578125 0.48828125 0.5921875 0.51015625 0.5921875 0.51015625 0.578125
6 0.4234375 0.56640625 0.33125 0.56640625 0.33125 0.67265625 0.4234375 0.67265625 0.4234375 0.56640625
6 0.76640625 0.6109375 0.70078125 0.6109375 0.70078125 0.646875 0.76640625 0.646875 0.76640625 0.6109375
1 0.75703125 0.50078125 0.61484375 0.50078125 0.61484375 0.56171875 0.75703125 0.56171875 0.75703125 0.50078125
1 0.50703125 0.49375 0.35234375 0.49375 0.35234375 0.5546875 0.50703125 0.5546875 0.50703125 0.49375
0 0.4109375 0.29765625 0.384375 0.29765625 0.384375 0.31796875 0.4109375 0.31796875 0.4109375 0.29765625
0 0.56484375 0.35234375 0.53359375 0.35234375 0.53359375 0.36796875 0.56484375 0.36796875 0.56484375 0.35234375