6 0.65390625 0.58515625 0.47890625 0.58515625 0.47890625 0.70703125 0.65390625 0.70703125 0.65390625 0.58515625
6 0.55 0.71171875 0.4828125 0.71171875 0.4828125 0.75859375 0.55 0.75859375 0.55 0.71171875
0 0.49453125 0.57265625 0.46484375 0.57265625 0.46484375 0.58828125 0.49453125 0.58828125 0.49453125 0.57265625
0 0.7421875 0.51796875 0.6984375 0.51796875 0.6984375 0.54453125 0.7421875 0.54453125 0.7421875 0.51796875
0 0.709375 0.55 0.684375 0.55 0.684375 0.5703125 0.709375 0.5703125 0.709375 0.55
0 0.44375 0.603125 0.425 0.603125 0.425 0.6171875 0.44375 0.6171875 0.44375 0.603125
1 0.56328125 0.459375 0.33515625 0.459375 0.33515625 0.5453125 0.56328125 0.5453125 0.56328125 0.459375
0 0.61171875 0.36015625 0.57109375 0.36015625 0.57109375 0.38515625 0.61171875 0.38515625 0.61171875 0.36015625
0 0.6890625 0.31484375 0.6328125 0.31484375 0.6328125 0.36953125 0.6890625 0.36953125 0.6890625 0.31484375
0 0.690625 0.41484375 0.675 0.41484375 0.675 0.43984375 0.690625 0.43984375 0.690625 0.41484375
0 0.74140625 0.4421875 0.68828125 0.4421875 0.68828125 0.503125 0.74140625 0.503125 0.74140625 0.4421875
0 0.71015625 0.35625 0.66328125 0.35625 0.66328125 0.3953125 0.71015625 0.3953125 0.71015625 0.35625
0 0.53125 0.22890625 0.44375 0.22890625 0.44375 0.28671875 0.53125 0.28671875 0.53125 0.22890625
0 0.3703125 0.278125 0.3296875 0.278125 0.3296875 0.296875 0.3703125 0.296875 0.3703125 0.278125
0 0.3515625 0.24140625 0.321875 0.24140625 0.321875 0.25546875 0.3515625 0.25546875 0.3515625 0.24140625
0 0.61640625 0.225 0.55859375 0.225 0.55859375 0.240625 0.61640625 0.240625 0.61640625 0.225
0 0.5890625 0.25078125 0.55625 0.25078125 0.55625 0.26484375 0.5890625 0.26484375 0.5890625 0.25078125
0 0.5578125 0.271875 0.528125 0.271875 0.528125 0.2921875 0.5578125 0.2921875 0.5578125 0.271875