0 0.48046875 0.37421875 0.45859375 0.37421875 0.45859375 0.39296875 0.48046875 0.39296875 0.48046875 0.37421875
0 0.4015625 0.4125 0.371875 0.4125 0.371875 0.4296875 0.4015625 0.4296875 0.4015625 0.4125
0 0.44609375 0.42734375 0.41953125 0.42734375 0.41953125 0.44453125 0.44609375 0.44453125 0.44609375 0.42734375
0 0.42578125 0.46171875 0.39609375 0.46171875 0.39609375 0.47890625 0.42578125 0.47890625 0.42578125 0.46171875
0 0.58828125 0.4109375 0.53828125 0.4109375 0.53828125 0.4578125 0.58828125 0.4578125 0.58828125 0.4109375
0 0.6296875 0.45859375 0.603125 0.45859375 0.603125 0.47265625 0.6296875 0.47265625 0.6296875 0.45859375
6 0.64453125 0.4078125 0.56171875 0.4078125 0.56171875 0.4546875 0.64453125 0.4546875 0.64453125 0.4078125
0 0.85390625 0.3875 0.79921875 0.3875 0.79921875 0.4640625 0.85390625 0.4640625 0.85390625 0.3875
0 0.48515625 0.59375 0.46640625 0.59375 0.46640625 0.61875 0.48515625 0.61875 0.48515625 0.59375
0 0.5703125 0.51640625 0.528125 0.51640625 0.528125 0.55859375 0.5703125 0.55859375 0.5703125 0.51640625
0 0.50546875 0.48984375 0.48203125 0.48984375 0.48203125 0.50390625 0.50546875 0.50390625 0.50546875 0.48984375
0 0.61796875 0.621875 0.59453125 0.621875 0.59453125 0.6484375 0.61796875 0.6484375 0.61796875 0.621875
0 0.690625 0.68046875 0.6203125 0.68046875 0.6203125 0.71484375 0.690625 0.71484375 0.690625 0.68046875
0 0.7890625 0.66953125 0.7734375 0.66953125 0.7734375 0.68203125 0.7890625 0.68203125 0.7890625 0.66953125
0 0.74765625 0.6640625 0.69140625 0.6640625 0.69140625 0.690625 0.74765625 0.690625 0.74765625 0.6640625
0 0.59140625 0.56015625 0.52578125 0.56015625 0.52578125 0.58671875 0.59140625 0.58671875 0.59140625 0.56015625
0 0.4046875 0.3359375 0.3734375 0.3359375 0.3734375 0.359375 0.4046875 0.359375 0.4046875 0.3359375
0 0.3890625 0.4984375 0.3625 0.4984375 0.3625 0.5203125 0.3890625 0.5203125 0.3890625 0.4984375
0 0.440625 0.58203125 0.4125 0.58203125 0.4125 0.61015625 0.440625 0.61015625 0.440625 0.58203125
0 0.446875 0.50078125 0.4078125 0.50078125 0.4078125 0.55546875 0.446875 0.55546875 0.446875 0.50078125
0 0.84765625 0.215625 0.82421875 0.215625 0.82421875 0.234375 0.84765625 0.234375 0.84765625 0.215625
1 0.69609375 0.340625 0.55390625 0.340625 0.55390625 0.4015625 0.69609375 0.4015625 0.69609375 0.340625