1 0.61796875 0.44296875 0.27890625 0.44296875 0.27890625 0.56796875 0.61796875 0.56796875 0.61796875 0.44296875
1 0.9390625 0.4796875 0.7625 0.4796875 0.7625 0.6046875 0.9390625 0.6046875 0.9390625 0.4796875
0 0.66640625 0.17421875 0.62265625 0.17421875 0.62265625 0.20390625 0.66640625 0.20390625 0.66640625 0.17421875
0 0.74921875 0.37734375 0.70078125 0.37734375 0.70078125 0.41328125 0.74921875 0.41328125 0.74921875 0.37734375
0 0.553125 0.190625 0.4609375 0.190625 0.4609375 0.2234375 0.553125 0.2234375 0.553125 0.190625
0 0.4203125 0.1125 0.384375 0.1125 0.384375 0.1375 0.4203125 0.1375 0.4203125 0.1125
0 0.40625 0.19140625 0.35625 0.19140625 0.35625 0.21484375 0.40625 0.21484375 0.40625 0.19140625
0 0.66328125 0.24765625 0.52578125 0.24765625 0.52578125 0.28046875 0.66328125 0.28046875 0.66328125 0.24765625
0 0.36875 0.6515625 0.3140625 0.6515625 0.3140625 0.684375 0.36875 0.684375 0.36875 0.6515625
0 0.3 0.70546875 0.2640625 0.70546875 0.2640625 0.73359375 0.3 0.73359375 0.3 0.70546875
0 0.221875 0.653125 0.1765625 0.653125 0.1765625 0.6953125 0.221875 0.6953125 0.221875 0.653125
0 0.28046875 0.75 0.25078125 0.75 0.25078125 0.7921875 0.28046875 0.7921875 0.28046875 0.75
0 0.634375 0.7078125 0.5796875 0.7078125 0.5796875 0.7515625 0.634375 0.7515625 0.634375 0.7078125
8 0.87265625 0.68515625 0.81171875 0.68515625 0.81171875 0.78984375 0.87265625 0.78984375 0.87265625 0.68515625
0 0.73515625 0.5703125 0.65390625 0.5703125 0.65390625 0.590625 0.73515625 0.590625 0.73515625 0.5703125
0 0.84140625 0.2859375 0.80546875 0.2859375 0.80546875 0.309375 0.84140625 0.309375 0.84140625 0.2859375
0 0.7421875 0.07421875 0.703125 0.07421875 0.703125 0.09609375 0.7421875 0.09609375 0.7421875 0.07421875