1 0.62109375 0.453125 0.32109375 0.453125 0.32109375 0.575 0.62109375 0.575 0.62109375 0.453125
1 0.1796875 0.49140625 0.046875 0.49140625 0.046875 0.60078125 0.1796875 0.60078125 0.1796875 0.49140625
8 0.53515625 0.66328125 0.41171875 0.66328125 0.41171875 0.79296875 0.53515625 0.79296875 0.53515625 0.66328125
0 0.2421875 0.22109375 0.1578125 0.22109375 0.1578125 0.28203125 0.2421875 0.28203125 0.2421875 0.22109375
0 0.2171875 0.290625 0.1765625 0.290625 0.1765625 0.3265625 0.2171875 0.3265625 0.2171875 0.290625
0 0.1390625 0.3 0.09375 0.3 0.09375 0.34375 0.1390625 0.34375 0.1390625 0.3
0 0.1046875 0.14765625 0.065625 0.14765625 0.065625 0.16484375 0.1046875 0.16484375 0.1046875 0.14765625
0 0.14921875 0.1578125 0.10078125 0.1578125 0.10078125 0.1796875 0.14921875 0.1796875 0.14921875 0.1578125
0 0.25546875 0.14296875 0.21484375 0.14296875 0.21484375 0.16171875 0.25546875 0.16171875 0.25546875 0.14296875
0 0.73671875 0.465625 0.70546875 0.465625 0.70546875 0.5234375 0.73671875 0.5234375 0.73671875 0.465625
0 0.78359375 0.371875 0.76484375 0.371875 0.76484375 0.396875 0.78359375 0.396875 0.78359375 0.371875
0 0.640625 0.55 0.5703125 0.55 0.5703125 0.671875 0.640625 0.671875 0.640625 0.55
0 0.73125 0.5890625 0.6953125 0.5890625 0.6953125 0.634375 0.73125 0.634375 0.73125 0.5890625
0 0.6578125 0.75390625 0.6234375 0.75390625 0.6234375 0.79609375 0.6578125 0.79609375 0.6578125 0.75390625
0 0.64296875 0.68984375 0.60859375 0.68984375 0.60859375 0.72890625 0.64296875 0.72890625 0.64296875 0.68984375
0 0.77421875 0.68203125 0.73359375 0.68203125 0.73359375 0.71953125 0.77421875 0.71953125 0.77421875 0.68203125
0 0.5171875 0.6265625 0.484375 0.6265625 0.484375 0.6515625 0.5171875 0.6515625 0.5171875 0.6265625
0 0.075 0.59921875 0.0421875 0.59921875 0.0421875 0.61640625 0.075 0.61640625 0.075 0.59921875
0 0.22890625 0.578125 0.16015625 0.578125 0.16015625 0.6078125 0.22890625 0.6078125 0.22890625 0.578125
0 0.2125 0.38359375 0.178125 0.38359375 0.178125 0.40859375 0.2125 0.40859375 0.2125 0.38359375
0 0.37109375 0.24609375 0.30703125 0.24609375 0.30703125 0.27421875 0.37109375 0.27421875 0.37109375 0.24609375
0 0.46484375 0.21953125 0.42734375 0.21953125 0.42734375 0.24453125 0.46484375 0.24453125 0.46484375 0.21953125
0 0.3796875 0.203125 0.3296875 0.203125 0.3296875 0.23125 0.3796875 0.23125 0.3796875 0.203125
0 0.059375 0.309375 0.0359375 0.309375 0.0359375 0.325 0.059375 0.325 0.059375 0.309375
0 0.0453125 0.340625 0.0296875 0.340625 0.0296875 0.3578125 0.0453125 0.3578125 0.0453125 0.340625
0 0.59140625 0.878125 0.53828125 0.878125 0.53828125 0.9140625 0.59140625 0.9140625 0.59140625 0.878125
0 0.2390625 0.18125 0.1984375 0.18125 0.1984375 0.2171875 0.2390625 0.2171875 0.2390625 0.18125