1 0.71015625 0.51328125 0.55234375 0.51328125 0.55234375 0.56484375 0.71015625 0.56484375 0.71015625 0.51328125
1 0.44375 0.51328125 0.3109375 0.51328125 0.3109375 0.56015625 0.44375 0.56015625 0.44375 0.51328125
8 0.6515625 0.34765625 0.525 0.34765625 0.525 0.36796875 0.6515625 0.36796875 0.6515625 0.34765625
0 0.6203125 0.33984375 0.590625 0.33984375 0.590625 0.35859375 0.6203125 0.35859375 0.6203125 0.33984375
0 0.634375 0.35859375 0.5921875 0.35859375 0.5921875 0.37890625 0.634375 0.37890625 0.634375 0.35859375
0 0.4453125 0.40390625 0.40625 0.40390625 0.40625 0.42578125 0.4453125 0.42578125 0.4453125 0.40390625
0 0.49765625 0.35390625 0.45859375 0.35390625 0.45859375 0.37734375 0.49765625 0.37734375 0.49765625 0.35390625
0 0.3703125 0.3625 0.33125 0.3625 0.33125 0.4078125 0.3703125 0.4078125 0.3703125 0.3625
0 0.35390625 0.62890625 0.32578125 0.62890625 0.32578125 0.65234375 0.35390625 0.65234375 0.35390625 0.62890625
0 0.36875 0.60390625 0.340625 0.60390625 0.340625 0.62109375 0.36875 0.62109375 0.36875 0.60390625
0 0.3234375 0.66640625 0.2984375 0.66640625 0.2984375 0.69140625 0.3234375 0.69140625 0.3234375 0.66640625
0 0.3375 0.56875 0.3140625 0.56875 0.3140625 0.5984375 0.3375 0.5984375 0.3375 0.56875
6 0.37265625 0.58125 0.30234375 0.58125 0.30234375 0.6578125 0.37265625 0.6578125 0.37265625 0.58125
0 0.62734375 0.659375 0.60703125 0.659375 0.60703125 0.6765625 0.62734375 0.6765625 0.62734375 0.659375
0 0.546875 0.7578125 0.525 0.7578125 0.525 0.76875 0.546875 0.76875 0.546875 0.7578125
0 0.41875 0.79453125 0.4015625 0.79453125 0.4015625 0.83046875 0.41875 0.83046875 0.41875 0.79453125
0 0.56171875 0.8453125 0.52109375 0.8453125 0.52109375 0.859375 0.56171875 0.859375 0.56171875 0.8453125
0 0.853125 0.56875 0.828125 0.56875 0.828125 0.5984375 0.853125 0.5984375 0.853125 0.56875
0 0.80390625 0.58046875 0.78828125 0.58046875 0.78828125 0.59609375 0.80390625 0.59609375 0.80390625 0.58046875
0 0.80625 0.60078125 0.771875 0.60078125 0.771875 0.62421875 0.80625 0.62421875 0.80625 0.60078125
0 0.78203125 0.6078125 0.72578125 0.6078125 0.72578125 0.628125 0.78203125 0.628125 0.78203125 0.6078125
0 0.7609375 0.62890625 0.725 0.62890625 0.725 0.66484375 0.7609375 0.66484375 0.7609375 0.62890625
0 0.7828125 0.6765625 0.7328125 0.6765625 0.7328125 0.7046875 0.7828125 0.7046875 0.7828125 0.6765625
0 0.73515625 0.66953125 0.71484375 0.66953125 0.71484375 0.68984375 0.73515625 0.68984375 0.73515625 0.66953125
0 0.72578125 0.596875 0.68203125 0.596875 0.68203125 0.621875 0.72578125 0.621875 0.72578125 0.596875
0 0.6765625 0.60625 0.653125 0.60625 0.653125 0.6203125 0.6765625 0.6203125 0.6765625 0.60625
0 0.68828125 0.6546875 0.66015625 0.6546875 0.66015625 0.671875 0.68828125 0.671875 0.68828125 0.6546875
6 0.7828125 0.61640625 0.6453125 0.61640625 0.6453125 0.65546875 0.7828125 0.65546875 0.7828125 0.61640625
8 0.58125 0.59296875 0.546875 0.59296875 0.546875 0.63203125 0.58125 0.63203125 0.58125 0.59296875