8 0.76640625 0.40625 0.61796875 0.40625 0.61796875 0.428125 0.76640625 0.428125 0.76640625 0.40625
0 0.47734375 0.40625 0.44609375 0.40625 0.44609375 0.43125 0.47734375 0.43125 0.47734375 0.40625
0 0.66171875 0.48671875 0.62265625 0.48671875 0.62265625 0.50859375 0.66171875 0.50859375 0.66171875 0.48671875
0 0.64765625 0.41171875 0.62109375 0.41171875 0.62109375 0.43046875 0.64765625 0.43046875 0.64765625 0.41171875
0 0.39609375 0.6625 0.35390625 0.6625 0.35390625 0.6921875 0.39609375 0.6921875 0.39609375 0.6625
0 0.35 0.6375 0.3265625 0.6375 0.3265625 0.65 0.35 0.65 0.35 0.6375
0 0.38046875 0.62421875 0.36328125 0.62421875 0.36328125 0.63515625 0.38046875 0.63515625 0.38046875 0.62421875
0 0.32421875 0.65625 0.27890625 0.65625 0.27890625 0.6796875 0.32421875 0.6796875 0.32421875 0.65625
0 0.4921875 0.70234375 0.4578125 0.70234375 0.4578125 0.71953125 0.4921875 0.71953125 0.4921875 0.70234375
0 0.50234375 0.6671875 0.44296875 0.6671875 0.44296875 0.68125 0.50234375 0.68125 0.50234375 0.6671875
0 0.46015625 0.73671875 0.43046875 0.73671875 0.43046875 0.75546875 0.46015625 0.75546875 0.46015625 0.73671875
0 0.40390625 0.74609375 0.37734375 0.74609375 0.37734375 0.76484375 0.40390625 0.76484375 0.40390625 0.74609375
0 0.35703125 0.69140625 0.29609375 0.69140625 0.29609375 0.71796875 0.35703125 0.71796875 0.35703125 0.69140625
0 0.77265625 0.70234375 0.74921875 0.70234375 0.74921875 0.71640625 0.77265625 0.71640625 0.77265625 0.70234375
6 0.83046875 0.63828125 0.75703125 0.63828125 0.75703125 0.71953125 0.83046875 0.71953125 0.83046875 0.63828125
6 0.46171875 0.63046875 0.28828125 0.63046875 0.28828125 0.76953125 0.46171875 0.76953125 0.46171875 0.63046875
0 0.53359375 0.8734375 0.50859375 0.8734375 0.50859375 0.896875 0.53359375 0.896875 0.53359375 0.8734375
0 0.70234375 0.89453125 0.67578125 0.89453125 0.67578125 0.92734375 0.70234375 0.92734375 0.70234375 0.89453125
0 0.578125 0.8921875 0.55625 0.8921875 0.55625 0.9125 0.578125 0.9125 0.578125 0.8921875
0 0.3484375 0.56015625 0.3171875 0.56015625 0.3171875 0.57265625 0.3484375 0.57265625 0.3484375 0.56015625
0 0.490625 0.44140625 0.4484375 0.44140625 0.4484375 0.45546875 0.490625 0.45546875 0.490625 0.44140625
0 0.5984375 0.41875 0.5671875 0.41875 0.5671875 0.4375 0.5984375 0.4375 0.5984375 0.41875
0 0.53046875 0.40234375 0.49140625 0.40234375 0.49140625 0.41796875 0.53046875 0.41796875 0.53046875 0.40234375
0 0.625 0.47890625 0.6015625 0.47890625 0.6015625 0.49609375 0.625 0.49609375 0.625 0.47890625
0 0.47109375 0.3796875 0.45546875 0.3796875 0.45546875 0.3953125 0.47109375 0.3953125 0.47109375 0.3796875