8 0.58515625 0.44296875 0.46640625 0.44296875 0.46640625 0.45078125 0.58515625 0.45078125 0.58515625 0.44296875
8 0.4359375 0.68984375 0.359375 0.68984375 0.359375 0.75703125 0.4359375 0.75703125 0.4359375 0.68984375
0 0.3625 0.6359375 0.325 0.6359375 0.325 0.6546875 0.3625 0.6546875 0.3625 0.6359375
0 0.3984375 0.69765625 0.36875 0.69765625 0.36875 0.73671875 0.3984375 0.73671875 0.3984375 0.69765625
0 0.35234375 0.7375 0.33359375 0.7375 0.33359375 0.753125 0.35234375 0.753125 0.35234375 0.7375
0 0.33984375 0.67265625 0.31015625 0.67265625 0.31015625 0.71796875 0.33984375 0.71796875 0.33984375 0.67265625
0 0.3625 0.66171875 0.3375 0.66171875 0.3375 0.68203125 0.3625 0.68203125 0.3625 0.66171875
0 0.58515625 0.71171875 0.55546875 0.71171875 0.55546875 0.72578125 0.58515625 0.72578125 0.58515625 0.71171875
0 0.33046875 0.746875 0.32109375 0.746875 0.32109375 0.7625 0.33046875 0.7625 0.33046875 0.746875
0 0.50390625 0.821875 0.44296875 0.821875 0.44296875 0.846875 0.50390625 0.846875 0.50390625 0.821875
0 0.43984375 0.8015625 0.39296875 0.8015625 0.39296875 0.8453125 0.43984375 0.8453125 0.43984375 0.8015625
0 0.46328125 0.84765625 0.42421875 0.84765625 0.42421875 0.86796875 0.46328125 0.86796875 0.46328125 0.84765625
0 0.38984375 0.82421875 0.37265625 0.82421875 0.37265625 0.85546875 0.38984375 0.85546875 0.38984375 0.82421875
0 0.428125 0.85234375 0.39375 0.85234375 0.39375 0.88515625 0.428125 0.88515625 0.428125 0.85234375
0 0.6109375 0.884375 0.56875 0.884375 0.56875 0.90625 0.6109375 0.90625 0.6109375 0.884375
0 0.51875 0.884375 0.4921875 0.884375 0.4921875 0.9015625 0.51875 0.9015625 0.51875 0.884375
0 0.46328125 0.87421875 0.42734375 0.87421875 0.42734375 0.89921875 0.46328125 0.89921875 0.46328125 0.87421875
0 0.68125 0.79453125 0.6 0.79453125 0.6 0.85703125 0.68125 0.85703125 0.68125 0.79453125
0 0.56796875 0.81953125 0.54609375 0.81953125 0.54609375 0.83515625 0.56796875 0.83515625 0.56796875 0.81953125
0 0.7296875 0.62265625 0.6796875 0.62265625 0.6796875 0.64296875 0.7296875 0.64296875 0.7296875 0.62265625
0 0.7390625 0.65859375 0.7140625 0.65859375 0.7140625 0.68515625 0.7390625 0.68515625 0.7390625 0.65859375
0 0.55703125 0.603125 0.52265625 0.603125 0.52265625 0.6453125 0.55703125 0.6453125 0.55703125 0.603125
0 0.4390625 0.6375 0.3609375 0.6375 0.3609375 0.6890625 0.4390625 0.6890625 0.4390625 0.6375
0 0.69609375 0.65234375 0.63359375 0.65234375 0.63359375 0.69609375 0.69609375 0.69609375 0.69609375 0.65234375
0 0.74375 0.640625 0.6890625 0.640625 0.6890625 0.6546875 0.74375 0.6546875 0.74375 0.640625
0 0.5390625 0.47890625 0.5203125 0.47890625 0.5203125 0.49296875 0.5390625 0.49296875 0.5390625 0.47890625
0 0.56953125 0.453125 0.54765625 0.453125 0.54765625 0.4765625 0.56953125 0.4765625 0.56953125 0.453125
0 0.571875 0.47890625 0.5453125 0.47890625 0.5453125 0.49765625 0.571875 0.49765625 0.571875 0.47890625
0 0.5125 0.503125 0.4875 0.503125 0.4875 0.5234375 0.5125 0.5234375 0.5125 0.503125
0 0.48671875 0.4625 0.45546875 0.4625 0.45546875 0.4875 0.48671875 0.4875 0.48671875 0.4625
0 0.79296875 0.6234375 0.76640625 0.6234375 0.76640625 0.6546875 0.79296875 0.6546875 0.79296875 0.6234375
0 0.778125 0.6609375 0.753125 0.6609375 0.753125 0.6921875 0.778125 0.6921875 0.778125 0.6609375
0 0.7171875 0.7078125 0.66875 0.7078125 0.66875 0.7234375 0.7171875 0.7234375 0.7171875 0.7078125
0 0.72890625 0.675 0.68984375 0.675 0.68984375 0.7 0.72890625 0.7 0.72890625 0.675
0 0.75078125 0.71875 0.71640625 0.71875 0.71640625 0.7578125 0.75078125 0.7578125 0.75078125 0.71875
0 0.7625 0.77421875 0.740625 0.77421875 0.740625 0.79453125 0.7625 0.79453125 0.7625 0.77421875
0 0.740625 0.7625 0.7015625 0.7625 0.7015625 0.790625 0.740625 0.790625 0.740625 0.7625
0 0.703125 0.8390625 0.6859375 0.8390625 0.6859375 0.85625 0.703125 0.85625 0.703125 0.8390625
0 0.67578125 0.85625 0.65390625 0.85625 0.65390625 0.8796875 0.67578125 0.8796875 0.67578125 0.85625
0 0.490625 0.8640625 0.4703125 0.8640625 0.4703125 0.878125 0.490625 0.878125 0.490625 0.8640625
0 0.51796875 0.85703125 0.49921875 0.85703125 0.49921875 0.87265625 0.51796875 0.87265625 0.51796875 0.85703125
0 0.6015625 0.83046875 0.5625 0.83046875 0.5625 0.85546875 0.6015625 0.85546875 0.6015625 0.83046875
0 0.6890625 0.73984375 0.6640625 0.73984375 0.6640625 0.76171875 0.6890625 0.76171875 0.6890625 0.73984375
0 0.60234375 0.60546875 0.57578125 0.60546875 0.57578125 0.63671875 0.60234375 0.63671875 0.60234375 0.60546875
0 0.32578125 0.609375 0.29453125 0.609375 0.29453125 0.65 0.32578125 0.65 0.32578125 0.609375
0 0.34140625 0.65390625 0.28671875 0.65390625 0.28671875 0.66796875 0.34140625 0.66796875 0.34140625 0.65390625
0 0.44609375 0.4703125 0.42421875 0.4703125 0.42421875 0.4859375 0.44609375 0.4859375 0.44609375 0.4703125
0 0.56171875 0.5125 0.51328125 0.5125 0.51328125 0.55 0.56171875 0.55 0.56171875 0.5125