6 0.6390625 0.5765625 0.5953125 0.5765625 0.5953125 0.6140625 0.6390625 0.6140625 0.6390625 0.5765625
6 0.48671875 0.6984375 0.39765625 0.6984375 0.39765625 0.7578125 0.48671875 0.7578125 0.48671875 0.6984375
6 0.75625 0.72109375 0.7 0.72109375 0.7 0.75703125 0.75625 0.75703125 0.75625 0.72109375
6 0.665625 0.65859375 0.621875 0.65859375 0.621875 0.70859375 0.665625 0.70859375 0.665625 0.65859375
0 0.4109375 0.6921875 0.371875 0.6921875 0.371875 0.7328125 0.4109375 0.7328125 0.4109375 0.6921875
0 0.76171875 0.6953125 0.72578125 0.6953125 0.72578125 0.715625 0.76171875 0.715625 0.76171875 0.6953125
0 0.67890625 0.7703125 0.64296875 0.7703125 0.64296875 0.790625 0.67890625 0.790625 0.67890625 0.7703125
0 0.7609375 0.76640625 0.709375 0.76640625 0.709375 0.78828125 0.7609375 0.78828125 0.7609375 0.76640625
0 0.43046875 0.72890625 0.40234375 0.72890625 0.40234375 0.74765625 0.43046875 0.74765625 0.43046875 0.72890625
0 0.42578125 0.70390625 0.41015625 0.70390625 0.41015625 0.72265625 0.42578125 0.72265625 0.42578125 0.70390625
0 0.3359375 0.665625 0.3203125 0.665625 0.3203125 0.6890625 0.3359375 0.6890625 0.3359375 0.665625
0 0.37109375 0.6875 0.32265625 0.6875 0.32265625 0.715625 0.37109375 0.715625 0.37109375 0.6875
0 0.3234375 0.6953125 0.2953125 0.6953125 0.2953125 0.7296875 0.3234375 0.7296875 0.3234375 0.6953125
0 0.37265625 0.7140625 0.33515625 0.7140625 0.33515625 0.7375 0.37265625 0.7375 0.37265625 0.7140625
0 0.39140625 0.734375 0.35234375 0.734375 0.35234375 0.7859375 0.39140625 0.7859375 0.39140625 0.734375
0 0.41796875 0.80078125 0.39453125 0.80078125 0.39453125 0.82578125 0.41796875 0.82578125 0.41796875 0.80078125
0 0.47578125 0.76328125 0.41640625 0.76328125 0.41640625 0.79609375 0.47578125 0.79609375 0.47578125 0.76328125
0 0.46171875 0.740625 0.38984375 0.740625 0.38984375 0.771875 0.46171875 0.771875 0.46171875 0.740625
0 0.36171875 0.809375 0.33046875 0.809375 0.33046875 0.834375 0.36171875 0.834375 0.36171875 0.809375
0 0.3609375 0.56015625 0.3375 0.56015625 0.3375 0.58359375 0.3609375 0.58359375 0.3609375 0.56015625
0 0.33359375 0.5734375 0.31796875 0.5734375 0.31796875 0.5859375 0.33359375 0.5859375 0.33359375 0.5734375
0 0.32265625 0.5984375 0.30546875 0.5984375 0.30546875 0.6140625 0.32265625 0.6140625 0.32265625 0.5984375
0 0.51875 0.5015625 0.5 0.5015625 0.5 0.51875 0.51875 0.51875 0.51875 0.5015625
0 0.62578125 0.546875 0.60703125 0.546875 0.60703125 0.559375 0.62578125 0.559375 0.62578125 0.546875
0 0.59921875 0.571875 0.57421875 0.571875 0.57421875 0.5890625 0.59921875 0.5890625 0.59921875 0.571875
0 0.65625 0.50703125 0.621875 0.50703125 0.621875 0.54609375 0.65625 0.54609375 0.65625 0.50703125
0 0.55625 0.8703125 0.4515625 0.8703125 0.4515625 0.9140625 0.55625 0.9140625 0.55625 0.8703125
0 0.54609375 0.9140625 0.44609375 0.9140625 0.44609375 0.96875 0.54609375 0.96875 0.54609375 0.9140625
0 0.68046875 0.9359375 0.64453125 0.9359375 0.64453125 0.965625 0.68046875 0.965625 0.68046875 0.9359375
0 0.61640625 0.9203125 0.56171875 0.9203125 0.56171875 0.965625 0.61640625 0.965625 0.61640625 0.9203125
0 0.7265625 0.8703125 0.56875 0.8703125 0.56875 0.91875 0.7265625 0.91875 0.7265625 0.8703125
0 0.4109375 0.82890625 0.3765625 0.82890625 0.3765625 0.86015625 0.4109375 0.86015625 0.4109375 0.82890625
0 0.46796875 0.8015625 0.42421875 0.8015625 0.42421875 0.825 0.46796875 0.825 0.46796875 0.8015625
0 0.3796875 0.8546875 0.3328125 0.8546875 0.3328125 0.890625 0.3796875 0.890625 0.3796875 0.8546875
0 0.3234375 0.7859375 0.2921875 0.7859375 0.2921875 0.8328125 0.3234375 0.8328125 0.3234375 0.7859375
0 0.440625 0.89140625 0.3875 0.89140625 0.3875 0.91015625 0.440625 0.91015625 0.440625 0.89140625
0 0.29609375 0.63203125 0.27421875 0.63203125 0.27421875 0.65078125 0.29609375 0.65078125 0.29609375 0.63203125
0 0.54765625 0.7703125 0.52421875 0.7703125 0.52421875 0.7828125 0.54765625 0.7828125 0.54765625 0.7703125
0 0.4578125 0.70390625 0.4390625 0.70390625 0.4390625 0.71640625 0.4578125 0.71640625 0.4578125 0.70390625
8 0.66640625 0.5046875 0.53046875 0.5046875 0.53046875 0.528125 0.66640625 0.528125 0.66640625 0.5046875