0 0.6515625 0.48671875 0.615625 0.48671875 0.615625 0.51328125 0.6515625 0.51328125 0.6515625 0.48671875
0 0.7390625 0.465625 0.6640625 0.465625 0.6640625 0.540625 0.7390625 0.540625 0.7390625 0.465625
0 0.8296875 0.484375 0.7921875 0.484375 0.7921875 0.521875 0.8296875 0.521875 0.8296875 0.484375
0 0.75859375 0.33125 0.73515625 0.33125 0.73515625 0.35625 0.75859375 0.35625 0.75859375 0.33125
0 0.36015625 0.271875 0.31328125 0.271875 0.31328125 0.3109375 0.36015625 0.3109375 0.36015625 0.271875
0 0.578125 0.165625 0.5421875 0.165625 0.5421875 0.1859375 0.578125 0.1859375 0.578125 0.165625
0 0.53203125 0.12265625 0.42890625 0.12265625 0.42890625 0.14765625 0.53203125 0.14765625 0.53203125 0.12265625
0 0.46875 0.1796875 0.396875 0.1796875 0.396875 0.215625 0.46875 0.215625 0.46875 0.1796875
0 0.7046875 0.15 0.684375 0.15 0.684375 0.1734375 0.7046875 0.1734375 0.7046875 0.15
0 0.7796875 0.24375 0.7609375 0.24375 0.7609375 0.2578125 0.7796875 0.2578125 0.7796875 0.24375
0 0.8125 0.2625 0.7953125 0.2625 0.7953125 0.278125 0.8125 0.278125 0.8125 0.2625
0 0.84375 0.26796875 0.83125 0.26796875 0.83125 0.27734375 0.84375 0.27734375 0.84375 0.26796875
0 0.8828125 0.2703125 0.8625 0.2703125 0.8625 0.2859375 0.8828125 0.2859375 0.8828125 0.2703125
0 0.5640625 0.51484375 0.5296875 0.51484375 0.5296875 0.54765625 0.5640625 0.54765625 0.5640625 0.51484375
0 0.459375 0.48125 0.421875 0.48125 0.421875 0.503125 0.459375 0.503125 0.459375 0.48125
0 0.4984375 0.4921875 0.48125 0.4921875 0.48125 0.5078125 0.4984375 0.5078125 0.4984375 0.4921875
0 0.55703125 0.48671875 0.53984375 0.48671875 0.53984375 0.50390625 0.55703125 0.50390625 0.55703125 0.48671875
0 0.36484375 0.528125 0.35078125 0.528125 0.35078125 0.540625 0.36484375 0.540625 0.36484375 0.528125
0 0.496875 0.66328125 0.475 0.66328125 0.475 0.68671875 0.496875 0.68671875 0.496875 0.66328125
0 0.59296875 0.74921875 0.56484375 0.74921875 0.56484375 0.77421875 0.59296875 0.77421875 0.59296875 0.74921875
0 0.53125 0.74921875 0.5046875 0.74921875 0.5046875 0.77109375 0.53125 0.77109375 0.53125 0.74921875
0 0.6359375 0.7625 0.584375 0.7625 0.584375 0.825 0.6359375 0.825 0.6359375 0.7625
0 0.6765625 0.73359375 0.646875 0.73359375 0.646875 0.74921875 0.6765625 0.74921875 0.6765625 0.73359375
0 0.57421875 0.78046875 0.54140625 0.78046875 0.54140625 0.80390625 0.57421875 0.80390625 0.57421875 0.78046875
0 0.471875 0.5703125 0.4515625 0.5703125 0.4515625 0.5875 0.471875 0.5875 0.471875 0.5703125
0 0.52890625 0.57109375 0.51484375 0.57109375 0.51484375 0.58984375 0.52890625 0.58984375 0.52890625 0.57109375
0 0.4015625 0.5890625 0.3890625 0.5890625 0.3890625 0.6015625 0.4015625 0.6015625 0.4015625 0.5890625
0 0.4171875 0.62265625 0.3953125 0.62265625 0.3953125 0.63984375 0.4171875 0.63984375 0.4171875 0.62265625