1 0.46875 0.41640625 0.3484375 0.41640625 0.3484375 0.44609375 0.46875 0.44609375 0.46875 0.41640625
1 0.653125 0.4203125 0.546875 0.4203125 0.546875 0.446875 0.653125 0.446875 0.653125 0.4203125
8 0.43125 0.50234375 0.39375 0.50234375 0.39375 0.54453125 0.43125 0.54453125 0.43125 0.50234375
8 0.43359375 0.4515625 0.36484375 0.4515625 0.36484375 0.478125 0.43359375 0.478125 0.43359375 0.4515625
8 0.65546875 0.46015625 0.58984375 0.46015625 0.58984375 0.48203125 0.65546875 0.48203125 0.65546875 0.46015625
0 0.4859375 0.321875 0.46875 0.321875 0.46875 0.334375 0.4859375 0.334375 0.4859375 0.321875
0 0.45625 0.30703125 0.434375 0.30703125 0.434375 0.31796875 0.45625 0.31796875 0.45625 0.30703125
8 0.61875 0.2921875 0.4546875 0.2921875 0.4546875 0.315625 0.61875 0.315625 0.61875 0.2921875
0 0.4296875 0.31015625 0.4140625 0.31015625 0.4140625 0.32109375 0.4296875 0.32109375 0.4296875 0.31015625
0 0.58828125 0.3171875 0.56953125 0.3171875 0.56953125 0.3328125 0.58828125 0.3328125 0.58828125 0.3171875
0 0.61796875 0.3171875 0.60078125 0.3171875 0.60078125 0.328125 0.61796875 0.328125 0.61796875 0.3171875
0 0.44765625 0.28671875 0.43046875 0.28671875 0.43046875 0.29765625 0.44765625 0.29765625 0.44765625 0.28671875
6 0.6390625 0.475 0.590625 0.475 0.590625 0.5140625 0.6390625 0.5140625 0.6390625 0.475