8 0.65078125 0.428125 0.54296875 0.428125 0.54296875 0.4609375 0.65078125 0.4609375 0.65078125 0.428125
8 0.4125 0.4359375 0.3515625 0.4359375 0.3515625 0.4625 0.4125 0.4625 0.4125 0.4359375
8 0.59453125 0.49453125 0.55078125 0.49453125 0.55078125 0.53828125 0.59453125 0.53828125 0.59453125 0.49453125
8 0.64609375 0.26953125 0.41484375 0.26953125 0.41484375 0.28828125 0.64609375 0.28828125 0.64609375 0.26953125
0 0.43671875 0.30078125 0.41640625 0.30078125 0.41640625 0.31484375 0.43671875 0.31484375 0.43671875 0.30078125
0 0.62890625 0.2359375 0.61015625 0.2359375 0.61015625 0.2453125 0.62890625 0.2453125 0.62890625 0.2359375
0 0.41328125 0.2671875 0.40078125 0.2671875 0.40078125 0.2765625 0.41328125 0.2765625 0.41328125 0.2671875
0 0.4125 0.28671875 0.3921875 0.28671875 0.3921875 0.30078125 0.4125 0.30078125 0.4125 0.28671875
0 0.50546875 0.29921875 0.49296875 0.29921875 0.49296875 0.31015625 0.50546875 0.31015625 0.50546875 0.29921875
0 0.5859375 0.24921875 0.5734375 0.24921875 0.5734375 0.26171875 0.5859375 0.26171875 0.5859375 0.24921875
1 0.44296875 0.3984375 0.35859375 0.3984375 0.35859375 0.4296875 0.44296875 0.4296875 0.44296875 0.3984375
1 0.653125 0.3953125 0.5234375 0.3953125 0.5234375 0.4234375 0.653125 0.4234375 0.653125 0.3953125