0 0.5703125 0.575 0.54375 0.575 0.54375 0.590625 0.5703125 0.590625 0.5703125 0.575
0 0.3484375 0.578125 0.334375 0.578125 0.334375 0.59375 0.3484375 0.59375 0.3484375 0.578125
0 0.40078125 0.6859375 0.38046875 0.6859375 0.38046875 0.69375 0.40078125 0.69375 0.40078125 0.6859375
0 0.3265625 0.615625 0.3109375 0.615625 0.3109375 0.625 0.3265625 0.625 0.3265625 0.615625
0 0.33515625 0.6015625 0.32578125 0.6015625 0.32578125 0.609375 0.33515625 0.609375 0.33515625 0.6015625
0 0.34609375 0.54375 0.33203125 0.54375 0.33203125 0.553125 0.34609375 0.553125 0.34609375 0.54375
0 0.278125 0.38359375 0.259375 0.38359375 0.259375 0.39296875 0.278125 0.39296875 0.278125 0.38359375
0 0.25625 0.3984375 0.2171875 0.3984375 0.2171875 0.425 0.25625 0.425 0.25625 0.3984375
0 0.21015625 0.51171875 0.19453125 0.51171875 0.19453125 0.52265625 0.21015625 0.52265625 0.21015625 0.51171875
0 0.17265625 0.6046875 0.15859375 0.6046875 0.15859375 0.615625 0.17265625 0.615625 0.17265625 0.6046875
0 0.2828125 0.59375 0.2609375 0.59375 0.2609375 0.60625 0.2828125 0.60625 0.2828125 0.59375
0 0.503125 0.6046875 0.4875 0.6046875 0.4875 0.6171875 0.503125 0.6171875 0.503125 0.6046875
0 0.41171875 0.628125 0.38671875 0.628125 0.38671875 0.64375 0.41171875 0.64375 0.41171875 0.628125
0 0.51953125 0.4015625 0.48984375 0.4015625 0.48984375 0.4140625 0.51953125 0.4140625 0.51953125 0.4015625