8 0.31819759062499997 0.2602369453125 0.3442189234375 0.2508914203125 0.3626507046875 0.2458592140625 0.39843004375 0.2458592140625 0.42661983125 0.2458592140625 0.4537253875 0.2465781015625 0.4537253875 0.24154589531249998 0.4277040484375 0.24154589531249998 0.40601960156250005 0.23867034843749999 0.3799982671875 0.2393892359375 0.3474715953125 0.24226477968750001 0.32470292343749996 0.24945364531249997 0.303018475 0.2516103046875 0.2726602453125 0.2508914203125 0.24338624531250003 0.2458592140625 0.214112240625 0.24226477968750001 0.175080234375 0.237232571875 0.156648453125 0.2357948 0.13279555781250002 0.2365136890625 0.1078584421875 0.24082700781250002 0.110026890625 0.2508914203125 0.1273744484375 0.2458592140625 0.156648453125 0.2444214390625 0.17941712031249998 0.2429836671875 0.208691125 0.2472969859375 0.23904935468750002 0.24945364531249997 0.280249803125 0.2566425109375 0.31819759062499997 0.2602369453125
8 0.46131494531249995 0.3838854390625 0.46239916875000003 0.362318840625 0.4634833875 0.3429089015625 0.46782027812500004 0.3234989640625 0.46782027812500004 0.3055268 0.46565183593750004 0.288273521875 0.458062278125 0.27245801875 0.4569780546875 0.29114906875 0.45589383124999994 0.3141534390625 0.45047272187500004 0.3371578109375 0.44505160625 0.35656774687500004 0.44613583125 0.38316655 0.4515569453125 0.4047331484375 0.46131494531249995 0.40113871718749994 0.46131494531249995 0.3838854390625
8 0.5274525140625 0.3184667578125 0.5133576171875001 0.296900159375 0.496010059375 0.27173912968749997 0.49275739375 0.2861168625 0.5035996171875 0.303370140625 0.5111891749999999 0.3199045328125 0.5176945078124999 0.344346678125 0.5274525140625 0.362318840625 0.5426316234375 0.3910743046875 0.5404631796875 0.372383253125 0.5372105140625 0.348659996875 0.5274525140625 0.3184667578125
8 0.5881689671875 0.25520473906249996 0.5708214046875 0.2429836671875 0.5849163 0.2688635828125 0.5935900765625 0.29043018125 0.59684274375 0.3148723265625 0.605516525 0.3292500578125 0.608769190625 0.30193236562500003 0.6000954093749999 0.277490225 0.5881689671875 0.25520473906249996
8 0.177248678125 0.34578445 0.19676468281249998 0.3378766953125 0.214112240625 0.3227800796875 0.21953335 0.30049459375 0.208691125 0.3055268 0.194596234375 0.3234989640625 0.177248678125 0.34578445
8 0.384335153125 0.18762939843749998 0.32145025625 0.1869105140625 0.280249803125 0.1940993796875 0.23904935468750002 0.1933804921875 0.2629022453125 0.204882678125 0.312776475 0.20056935937499998 0.36048226250000004 0.1998504703125 0.3962616015625 0.1991315828125 0.432040940625 0.1955371515625 0.432040940625 0.1869105140625 0.384335153125 0.18762939843749998
8 0.3203660328125 0.13371290625 0.2726602453125 0.132275134375 0.2260386828125 0.131556246875 0.18592245937500002 0.12508626875 0.129542890625 0.1387451125 0.129542890625 0.148809525 0.1696591203125 0.14377731875 0.205438459375 0.140901771875 0.2531442453125 0.1466528625 0.3008500328125 0.144496203125 0.3496400375 0.145215090625 0.3583138203125 0.131556246875 0.3203660328125 0.13371290625
8 0.18158556875 0.24154589531249998 0.1729117875 0.2472969859375 0.18050134375 0.2580802859375 0.19351201093749998 0.277490225 0.208691125 0.296181275 0.2206175734375 0.2947435 0.213028015625 0.279646884375 0.205438459375 0.26526915156249997 0.194596234375 0.2523291921875 0.18158556875 0.24154589531249998
8 0.6955069843749999 0.11214630781249998 0.6965912015625 0.1056763296875 0.6543065296874999 0.10927076093750002 0.6066007484375 0.11358407968749999 0.562147628125 0.1200540609375 0.5274525140625 0.1243673796875 0.4981785078125 0.13371290625 0.458062278125 0.1387451125 0.458062278125 0.145933978125 0.5122733984375001 0.14162065937499999 0.5426316234375 0.13515067812499998 0.5838320765625 0.13083735937500002 0.615274525 0.1243673796875 0.656474978125 0.1193351734375 0.6955069843749999 0.11214630781249998
8 0.6304536390625 0.1667816890625 0.601179634375 0.1718138953125 0.5740740765625 0.1725327828125 0.543715846875 0.18259719218749998 0.5035996171875 0.1861916265625 0.48191516874999996 0.1854727390625 0.48299939375 0.1976938109375 0.5187787328125 0.1976938109375 0.5567265140625001 0.1905049453125 0.5892531859375 0.1811594203125 0.6250325250000001 0.1797216484375 0.6608118640625 0.1725327828125 0.6618960875 0.1653439171875 0.6304536390625 0.1667816890625
8 0.43529360625 0.80299631875 0.43529360625 0.792213021875 0.42661983125 0.7807108328125001 0.42336715781249995 0.7914941343749999 0.42336715781249995 0.80299631875 0.43529360625 0.80299631875
8 0.5979269671874999 0.81234184375 0.5979269671874999 0.800839659375 0.592505853125 0.7893374750000001 0.5881689671875 0.80299631875 0.5881689671875 0.81306073125 0.5979269671874999 0.81234184375
8 0.638043196875 0.7728030828125 0.638043196875 0.79365079375 0.638043196875 0.810904071875 0.6488854203125001 0.805152978125 0.6499696390625 0.77999195 0.6575591968750001 0.7641764421875 0.638043196875 0.7728030828125
8 0.270491803125 0.8633827937499999 0.24772313124999998 0.883511615625 0.2509757984375 0.8942949171875 0.2737444703125 0.8863871624999999 0.2921762515625 0.8741660906250001 0.312776475 0.856193928125 0.29651314218749997 0.85403726875 0.270491803125 0.8633827937499999
8 0.6965912015625 0.86194501875 0.6792436453125 0.8490050609375001 0.6629803109375 0.8339084421875 0.6521380875 0.8360651015625 0.6618960875 0.856193928125 0.674906759375 0.869852771875 0.6965912015625 0.8770416375 0.713938765625 0.8770416375 0.713938765625 0.8691338843749999 0.6965912015625 0.86194501875
8 0.7529707703125 0.5355705078125 0.7529707703125 0.5434782609375 0.7735709953125001 0.5614504234375 0.7920027765625 0.583735909375 0.816939890625 0.6096158265625 0.8321190046875 0.6088969421875 0.816939890625 0.58661145625 0.7985081093749999 0.568639290625 0.7811605515625 0.5513860140625 0.7529707703125 0.5355705078125
8 0.19025934375 0.5614504234375 0.157732671875 0.565763746875 0.12845867187499999 0.574390384375 0.101353109375 0.58661145625 0.07750021875 0.6053025078125 0.10352155156250001 0.5995514125 0.129542890625 0.592362546875 0.1544800046875 0.583017021875 0.19025934375 0.5614504234375
8 0.3680718203125 0.7519553734375 0.36048226250000004 0.7656142171875 0.3669875953125 0.7814297203125 0.3756613765625 0.7900563625 0.38541937656249997 0.798683 0.384335153125 0.782148609375 0.3734929296875 0.7684897640624999 0.3680718203125 0.7519553734375
8 0.40493538281249997 0.3148723265625 0.40168271562499996 0.296900159375 0.3940931578125 0.28396020312500003 0.393008934375 0.303370140625 0.3875878203125 0.3227800796875 0.3810824859375 0.3421900140625 0.3875878203125 0.361599953125 0.3951773765625 0.353692203125 0.39734582500000004 0.3306878296875 0.40493538281249997 0.3148723265625
8 0.1718275625 0.5391649421875 0.13387978125 0.5477915796875 0.1024373328125 0.5556993328125001 0.0753317703125 0.569358178125 0.064489546875 0.583735909375 0.0948477765625 0.5729526125 0.12412178125 0.560731540625 0.16423801093749998 0.5549804453125 0.1718275625 0.5391649421875