0 0.378125 0.0859375 0.3578125 0.0859375 0.3578125 0.1046875 0.378125 0.1046875 0.378125 0.0859375
0 0.4796875 0.09140625 0.4609375 0.09140625 0.4609375 0.10234375 0.4796875 0.10234375 0.4796875 0.09140625
0 0.39296875 0.125 0.37265625 0.125 0.37265625 0.14375 0.39296875 0.14375 0.39296875 0.125
0 0.6421875 0.09375 0.6140625 0.09375 0.6140625 0.109375 0.6421875 0.109375 0.6421875 0.09375
0 0.31171875 0.2109375 0.28359375 0.2109375 0.28359375 0.259375 0.31171875 0.259375 0.31171875 0.2109375
0 0.33828125 0.18671875 0.32109375 0.18671875 0.32109375 0.21953125 0.33828125 0.21953125 0.33828125 0.18671875
0 0.35078125 0.07578125 0.30078125 0.07578125 0.30078125 0.13359375 0.35078125 0.13359375 0.35078125 0.07578125
0 0.3578125 0.14453125 0.3125 0.14453125 0.3125 0.17265625 0.3578125 0.17265625 0.3578125 0.14453125
0 0.68359375 0.43125 0.64765625 0.43125 0.64765625 0.453125 0.68359375 0.453125 0.68359375 0.43125
0 0.59765625 0.428125 0.49765625 0.428125 0.49765625 0.46875 0.59765625 0.46875 0.59765625 0.428125
0 0.50625 0.6875 0.4078125 0.6875 0.4078125 0.771875 0.50625 0.771875 0.50625 0.6875
0 0.6359375 0.490625 0.60625 0.490625 0.60625 0.5359375 0.6359375 0.5359375 0.6359375 0.490625
0 0.7390625 0.47265625 0.6609375 0.47265625 0.6609375 0.57265625 0.7390625 0.57265625 0.7390625 0.47265625
0 0.40703125 0.6796875 0.31796875 0.6796875 0.31796875 0.765625 0.40703125 0.765625 0.40703125 0.6796875
0 0.2046875 0.4390625 0.1875 0.4390625 0.1875 0.4546875 0.2046875 0.4546875 0.2046875 0.4390625
0 0.29140625 0.38203125 0.25390625 0.38203125 0.25390625 0.40390625 0.29140625 0.40390625 0.29140625 0.38203125
0 0.6578125 0.6703125 0.634375 0.6703125 0.634375 0.69375 0.6578125 0.69375 0.6578125 0.6703125
0 0.6359375 0.61484375 0.6 0.61484375 0.6 0.64609375 0.6359375 0.64609375 0.6359375 0.61484375
0 0.253125 0.18828125 0.2328125 0.18828125 0.2328125 0.20546875 0.253125 0.20546875 0.253125 0.18828125
0 0.3109375 0.1890625 0.2890625 0.1890625 0.2890625 0.203125 0.3109375 0.203125 0.3109375 0.1890625