0 0.38046875 0.3171875 0.34921875 0.3171875 0.34921875 0.340625 0.38046875 0.340625 0.38046875 0.3171875
0 0.40078125 0.271875 0.36171875 0.271875 0.36171875 0.29375 0.40078125 0.29375 0.40078125 0.271875
0 0.58125 0.35 0.55625 0.35 0.55625 0.378125 0.58125 0.378125 0.58125 0.35
0 0.5484375 0.315625 0.5171875 0.315625 0.5171875 0.334375 0.5484375 0.334375 0.5484375 0.315625
0 0.621875 0.2859375 0.528125 0.2859375 0.528125 0.3265625 0.621875 0.3265625 0.621875 0.2859375
0 0.70234375 0.28203125 0.62109375 0.28203125 0.62109375 0.30703125 0.70234375 0.30703125 0.70234375 0.28203125
0 0.5203125 0.3640625 0.48125 0.3640625 0.48125 0.3859375 0.5203125 0.3859375 0.5203125 0.3640625
0 0.48203125 0.359375 0.41953125 0.359375 0.41953125 0.3953125 0.48203125 0.3953125 0.48203125 0.359375
0 0.56328125 0.3953125 0.50078125 0.3953125 0.50078125 0.4265625 0.56328125 0.4265625 0.56328125 0.3953125
0 0.54765625 0.4234375 0.51640625 0.4234375 0.51640625 0.4421875 0.54765625 0.4421875 0.54765625 0.4234375
0 0.3375 0.6578125 0.3015625 0.6578125 0.3015625 0.684375 0.3375 0.684375 0.3375 0.6578125
0 0.26484375 0.56484375 0.21796875 0.56484375 0.21796875 0.59921875 0.26484375 0.59921875 0.26484375 0.56484375
0 0.7546875 0.675 0.734375 0.675 0.734375 0.6953125 0.7546875 0.6953125 0.7546875 0.675
0 0.64765625 0.88828125 0.61171875 0.88828125 0.61171875 0.91328125 0.64765625 0.91328125 0.64765625 0.88828125
0 0.35 0.81015625 0.31875 0.81015625 0.31875 0.82890625 0.35 0.82890625 0.35 0.81015625
0 0.6203125 0.93203125 0.59375 0.93203125 0.59375 0.95390625 0.6203125 0.95390625 0.6203125 0.93203125
0 0.4765625 0.23203125 0.45625 0.23203125 0.45625 0.25078125 0.4765625 0.25078125 0.4765625 0.23203125
0 0.4765625 0.30078125 0.45 0.30078125 0.45 0.31484375 0.4765625 0.31484375 0.4765625 0.30078125
0 0.81796875 0.3625 0.80078125 0.3625 0.80078125 0.38125 0.81796875 0.38125 0.81796875 0.3625