8 0.6109375 0.2921875 0.3921875 0.2921875 0.3921875 0.30625 0.6109375 0.30625 0.6109375 0.2921875
8 0.5515625 0.43203125 0.4625 0.43203125 0.4625 0.44296875 0.5515625 0.44296875 0.5515625 0.43203125
8 0.5484375 0.37578125 0.525 0.37578125 0.525 0.43046875 0.5484375 0.43046875 0.5484375 0.37578125
8 0.4859375 0.36171875 0.45625 0.36171875 0.45625 0.42109375 0.4859375 0.42109375 0.4859375 0.36171875
8 0.70078125 0.471875 0.57578125 0.471875 0.57578125 0.503125 0.70078125 0.503125 0.70078125 0.471875
8 0.46015625 0.4734375 0.38671875 0.4734375 0.38671875 0.509375 0.46015625 0.509375 0.46015625 0.4734375
8 0.5375 0.678125 0.4734375 0.678125 0.4734375 0.6890625 0.5375 0.6890625 0.5375 0.678125
6 0.553125 0.37578125 0.45625 0.37578125 0.45625 0.43671875 0.553125 0.43671875 0.553125 0.37578125
6 0.45 0.36875 0.396875 0.36875 0.396875 0.3875 0.45 0.3875 0.45 0.36875
6 0.5953125 0.371875 0.540625 0.371875 0.540625 0.390625 0.5953125 0.390625 0.5953125 0.371875
6 0.64921875 0.51796875 0.58203125 0.51796875 0.58203125 0.62421875 0.64921875 0.62421875 0.64921875 0.51796875
6 0.4359375 0.51875 0.3234375 0.51875 0.3234375 0.60625 0.4359375 0.60625 0.4359375 0.51875
6 0.55 0.53125 0.4734375 0.53125 0.4734375 0.5671875 0.55 0.5671875 0.55 0.53125
6 0.58203125 0.69609375 0.43359375 0.69609375 0.43359375 0.75234375 0.58203125 0.75234375 0.58203125 0.69609375
6 0.52421875 0.59296875 0.49765625 0.59296875 0.49765625 0.61328125 0.52421875 0.61328125 0.52421875 0.59296875
6 0.68984375 0.53125 0.64765625 0.53125 0.64765625 0.5671875 0.68984375 0.5671875 0.68984375 0.53125
6 0.3265625 0.57734375 0.296875 0.57734375 0.296875 0.61640625 0.3265625 0.61640625 0.3265625 0.57734375
6 0.4015625 0.68671875 0.3546875 0.68671875 0.3546875 0.72734375 0.4015625 0.72734375 0.4015625 0.68671875
0 0.71484375 0.56953125 0.70078125 0.56953125 0.70078125 0.58828125 0.71484375 0.58828125 0.71484375 0.56953125
0 0.725 0.621875 0.70625 0.621875 0.70625 0.6453125 0.725 0.6453125 0.725 0.621875
0 0.3296875 0.66015625 0.309375 0.66015625 0.309375 0.67890625 0.3296875 0.67890625 0.3296875 0.66015625
0 0.28984375 0.58671875 0.26171875 0.58671875 0.26171875 0.61484375 0.28984375 0.61484375 0.28984375 0.58671875
0 0.32734375 0.5625 0.29921875 0.5625 0.29921875 0.58125 0.32734375 0.58125 0.32734375 0.5625