0 0.39296875 0.484375 0.33203125 0.484375 0.33203125 0.53125 0.39296875 0.53125 0.39296875 0.484375
3 0.48984375 0.48125 0.33203125 0.48125 0.33203125 0.5453125 0.48984375 0.5453125 0.48984375 0.48125
3 0.584375 0.4484375 0.478125 0.4484375 0.478125 0.521875 0.584375 0.521875 0.584375 0.4484375
3 0.775 0.4796875 0.7 0.4796875 0.7 0.5109375 0.775 0.5109375 0.775 0.4796875
3 0.615625 0.43046875 0.575 0.43046875 0.575 0.45859375 0.615625 0.45859375 0.615625 0.43046875
3 0.671875 0.6828125 0.5015625 0.6828125 0.5015625 0.7421875 0.671875 0.7421875 0.671875 0.6828125
0 0.4265625 0.59921875 0.3859375 0.59921875 0.3859375 0.63515625 0.4265625 0.63515625 0.4265625 0.59921875
0 0.28515625 0.3984375 0.25703125 0.3984375 0.25703125 0.4140625 0.28515625 0.4140625 0.28515625 0.3984375
8 0.73515625 0.16171875 0.58828125 0.16171875 0.58828125 0.21953125 0.73515625 0.21953125 0.73515625 0.16171875
8 0.70546875 0.3578125 0.64765625 0.3578125 0.64765625 0.38125 0.70546875 0.38125 0.70546875 0.3578125
8 0.67109375 0.66015625 0.60546875 0.66015625 0.60546875 0.67578125 0.67109375 0.67578125 0.67109375 0.66015625