8 0.38984375 0.4703125 0.35859375 0.4703125 0.35859375 0.4953125 0.38984375 0.4953125 0.38984375 0.4703125
8 0.3875 0.51328125 0.33125 0.51328125 0.33125 0.61328125 0.3875 0.61328125 0.3875 0.51328125
8 0.62421875 0.49453125 0.57421875 0.49453125 0.57421875 0.59609375 0.62421875 0.59609375 0.62421875 0.49453125
0 0.49296875 0.34921875 0.47421875 0.34921875 0.47421875 0.36484375 0.49296875 0.36484375 0.49296875 0.34921875
0 0.5859375 0.440625 0.56875 0.440625 0.56875 0.4625 0.5859375 0.4625 0.5859375 0.440625
0 0.54296875 0.4359375 0.52734375 0.4359375 0.52734375 0.45 0.54296875 0.45 0.54296875 0.4359375
0 0.6953125 0.3890625 0.68125 0.3890625 0.68125 0.403125 0.6953125 0.403125 0.6953125 0.3890625
0 0.36875 0.43203125 0.3421875 0.43203125 0.3421875 0.44609375 0.36875 0.44609375 0.36875 0.43203125
0 0.37265625 0.48671875 0.34453125 0.48671875 0.34453125 0.50703125 0.37265625 0.50703125 0.37265625 0.48671875
0 0.50859375 0.50859375 0.48671875 0.50859375 0.48671875 0.52109375 0.50859375 0.52109375 0.50859375 0.50859375
0 0.559375 0.60703125 0.5453125 0.60703125 0.5453125 0.61796875 0.559375 0.61796875 0.559375 0.60703125
1 0.67890625 0.36171875 0.52734375 0.36171875 0.52734375 0.42890625 0.67890625 0.42890625 0.67890625 0.36171875
1 0.440625 0.3578125 0.2875 0.3578125 0.2875 0.4078125 0.440625 0.4078125 0.440625 0.3578125
0 0.2875 0.4171875 0.271875 0.4171875 0.271875 0.43125 0.2875 0.43125 0.2875 0.4171875