0 0.66796875 0.26953125 0.64296875 0.26953125 0.64296875 0.28203125 0.66796875 0.28203125 0.66796875 0.26953125
0 0.67265625 0.29296875 0.65703125 0.29296875 0.65703125 0.30703125 0.67265625 0.30703125 0.67265625 0.29296875
0 0.7421875 0.31484375 0.721875 0.31484375 0.721875 0.33359375 0.7421875 0.33359375 0.7421875 0.31484375
0 0.7671875 0.45 0.75 0.45 0.75 0.46875 0.7671875 0.46875 0.7671875 0.45
0 0.47421875 0.55390625 0.43046875 0.55390625 0.43046875 0.59765625 0.47421875 0.59765625 0.47421875 0.55390625
0 0.38984375 0.5703125 0.36328125 0.5703125 0.36328125 0.5890625 0.38984375 0.5890625 0.38984375 0.5703125
0 0.4390625 0.66171875 0.415625 0.66171875 0.415625 0.67578125 0.4390625 0.67578125 0.4390625 0.66171875
0 0.49375 0.52265625 0.46875 0.52265625 0.46875 0.53828125 0.49375 0.53828125 0.49375 0.52265625
0 0.57578125 0.553125 0.47421875 0.553125 0.47421875 0.66875 0.57578125 0.66875 0.57578125 0.553125
0 0.653125 0.7125 0.5671875 0.7125 0.5671875 0.734375 0.653125 0.734375 0.653125 0.7125
1 0.65625 0.45390625 0.4890625 0.45390625 0.4890625 0.51171875 0.65625 0.51171875 0.65625 0.45390625
0 0.39375 0.5609375 0.2921875 0.5609375 0.2921875 0.678125 0.39375 0.678125 0.39375 0.5609375
0 0.48046875 0.709375 0.39765625 0.709375 0.39765625 0.74375 0.48046875 0.74375 0.48046875 0.709375