0 0.51640625 0.53359375 0.45859375 0.53359375 0.45859375 0.57265625 0.51640625 0.57265625 0.51640625 0.53359375
0 0.3359375 0.59765625 0.2953125 0.59765625 0.2953125 0.62421875 0.3359375 0.62421875 0.3359375 0.59765625
0 0.33125 0.77421875 0.2859375 0.77421875 0.2859375 0.79765625 0.33125 0.79765625 0.33125 0.77421875
0 0.28203125 0.78671875 0.25703125 0.78671875 0.25703125 0.79765625 0.28203125 0.79765625 0.28203125 0.78671875
0 0.31640625 0.8 0.25546875 0.8 0.25546875 0.834375 0.31640625 0.834375 0.31640625 0.8
0 0.3078125 0.72109375 0.284375 0.72109375 0.284375 0.73359375 0.3078125 0.73359375 0.3078125 0.72109375
0 0.203125 0.8046875 0.165625 0.8046875 0.165625 0.8203125 0.203125 0.8203125 0.203125 0.8046875
0 0.2203125 0.81953125 0.2015625 0.81953125 0.2015625 0.83203125 0.2203125 0.83203125 0.2203125 0.81953125
0 0.2578125 0.81484375 0.2296875 0.81484375 0.2296875 0.83515625 0.2578125 0.83515625 0.2578125 0.81484375
0 0.2140625 0.7125 0.178125 0.7125 0.178125 0.7296875 0.2140625 0.7296875 0.2140625 0.7125
0 0.21015625 0.57109375 0.19140625 0.57109375 0.19140625 0.58359375 0.21015625 0.58359375 0.21015625 0.57109375
6 0.325 0.53828125 0.25 0.53828125 0.25 0.59921875 0.325 0.59921875 0.325 0.53828125