0 0.49609375 0.57109375 0.44765625 0.57109375 0.44765625 0.62109375 0.49609375 0.62109375 0.49609375 0.57109375
0 0.6 0.5890625 0.5859375 0.5890625 0.5859375 0.6 0.6 0.6 0.6 0.5890625
0 0.36015625 0.621875 0.34140625 0.621875 0.34140625 0.6390625 0.36015625 0.6390625 0.36015625 0.621875
0 0.40078125 0.571875 0.37890625 0.571875 0.37890625 0.5859375 0.40078125 0.5859375 0.40078125 0.571875
0 0.55625 0.70625 0.5375 0.70625 0.5375 0.7234375 0.55625 0.7234375 0.55625 0.70625
0 0.41875 0.68828125 0.3984375 0.68828125 0.3984375 0.70234375 0.41875 0.70234375 0.41875 0.68828125
0 0.578125 0.62578125 0.5578125 0.62578125 0.5578125 0.64609375 0.578125 0.64609375 0.578125 0.62578125
0 0.5578125 0.6765625 0.5359375 0.6765625 0.5359375 0.69375 0.5578125 0.69375 0.5578125 0.6765625
0 0.6796875 0.77109375 0.6375 0.77109375 0.6375 0.79453125 0.6796875 0.79453125 0.6796875 0.77109375
0 0.70078125 0.759375 0.67734375 0.759375 0.67734375 0.7765625 0.70078125 0.7765625 0.70078125 0.759375
0 0.70546875 0.72421875 0.68046875 0.72421875 0.68046875 0.75546875 0.70546875 0.75546875 0.70546875 0.72421875
0 0.6078125 0.6875 0.575 0.6875 0.575 0.7109375 0.6078125 0.7109375 0.6078125 0.6875
0 0.59375 0.7125 0.56875 0.7125 0.56875 0.7453125 0.59375 0.7453125 0.59375 0.7125
0 0.615625 0.71875 0.6 0.71875 0.6 0.73125 0.615625 0.73125 0.615625 0.71875
0 0.6671875 0.6 0.6515625 0.6 0.6515625 0.6125 0.6671875 0.6125 0.6671875 0.6
0 0.6640625 0.6828125 0.6125 0.6828125 0.6125 0.7140625 0.6640625 0.7140625 0.6640625 0.6828125
0 0.72109375 0.6265625 0.67890625 0.6265625 0.67890625 0.6546875 0.72109375 0.6546875 0.72109375 0.6265625
0 0.69375 0.653125 0.6671875 0.653125 0.6671875 0.6765625 0.69375 0.6765625 0.69375 0.653125
0 0.62578125 0.73359375 0.60234375 0.73359375 0.60234375 0.76171875 0.62578125 0.76171875 0.62578125 0.73359375
0 0.59609375 0.7546875 0.56953125 0.7546875 0.56953125 0.771875 0.59609375 0.771875 0.59609375 0.7546875
0 0.5828125 0.828125 0.559375 0.828125 0.559375 0.846875 0.5828125 0.846875 0.5828125 0.828125
0 0.53828125 0.85703125 0.52109375 0.85703125 0.52109375 0.86796875 0.53828125 0.86796875 0.53828125 0.85703125
0 0.5734375 0.8515625 0.5515625 0.8515625 0.5515625 0.8609375 0.5734375 0.8609375 0.5734375 0.8515625
0 0.515625 0.81640625 0.4921875 0.81640625 0.4921875 0.83046875 0.515625 0.83046875 0.515625 0.81640625
0 0.6921875 0.8203125 0.671875 0.8203125 0.671875 0.8328125 0.6921875 0.8328125 0.6921875 0.8203125
0 0.66328125 0.8546875 0.64453125 0.8546875 0.64453125 0.8671875 0.66328125 0.8671875 0.66328125 0.8546875
0 0.725 0.7625 0.6921875 0.7625 0.6921875 0.778125 0.725 0.778125 0.725 0.7625
0 0.7375 0.7703125 0.715625 0.7703125 0.715625 0.7828125 0.7375 0.7828125 0.7375 0.7703125
0 0.83125 0.5234375 0.81875 0.5234375 0.81875 0.5328125 0.83125 0.5328125 0.83125 0.5234375
0 0.82734375 0.53984375 0.81640625 0.53984375 0.81640625 0.55078125 0.82734375 0.55078125 0.82734375 0.53984375
0 0.80859375 0.56484375 0.78984375 0.56484375 0.78984375 0.57421875 0.80859375 0.57421875 0.80859375 0.56484375
0 0.8203125 0.60859375 0.8046875 0.60859375 0.8046875 0.62109375 0.8203125 0.62109375 0.8203125 0.60859375
0 0.7703125 0.68203125 0.7546875 0.68203125 0.7546875 0.69921875 0.7703125 0.69921875 0.7703125 0.68203125
0 0.76015625 0.71953125 0.73515625 0.71953125 0.73515625 0.73515625 0.76015625 0.73515625 0.76015625 0.71953125
0 0.725 0.6609375 0.7 0.6609375 0.7 0.6765625 0.725 0.6765625 0.725 0.6609375
0 0.68984375 0.68203125 0.66953125 0.68203125 0.66953125 0.69453125 0.68984375 0.69453125 0.68984375 0.68203125
0 0.64921875 0.66484375 0.61328125 0.66484375 0.61328125 0.68203125 0.64921875 0.68203125 0.64921875 0.66484375
0 0.59140625 0.6609375 0.57109375 0.6609375 0.57109375 0.6734375 0.59140625 0.6734375 0.59140625 0.6609375
0 0.6671875 0.61328125 0.6203125 0.61328125 0.6203125 0.64921875 0.6671875 0.64921875 0.6671875 0.61328125
0 0.81328125 0.5828125 0.78828125 0.5828125 0.78828125 0.5984375 0.81328125 0.5984375 0.81328125 0.5828125
0 0.76640625 0.65 0.73359375 0.65 0.73359375 0.675 0.76640625 0.675 0.76640625 0.65
0 0.7453125 0.678125 0.725 0.678125 0.725 0.696875 0.7453125 0.696875 0.7453125 0.678125
0 0.78671875 0.72109375 0.76953125 0.72109375 0.76953125 0.74609375 0.78671875 0.74609375 0.78671875 0.72109375
0 0.78515625 0.6953125 0.76171875 0.6953125 0.76171875 0.7140625 0.78515625 0.7140625 0.78515625 0.6953125
0 0.72578125 0.790625 0.69453125 0.790625 0.69453125 0.8078125 0.72578125 0.8078125 0.72578125 0.790625
0 0.790625 0.6625 0.771875 0.6625 0.771875 0.678125 0.790625 0.678125 0.790625 0.6625
0 0.8390625 0.659375 0.8265625 0.659375 0.8265625 0.675 0.8390625 0.675 0.8390625 0.659375
0 0.82109375 0.68671875 0.80703125 0.68671875 0.80703125 0.69921875 0.82109375 0.69921875 0.82109375 0.68671875
0 0.796875 0.61484375 0.7734375 0.61484375 0.7734375 0.62890625 0.796875 0.62890625 0.796875 0.61484375
0 0.740625 0.4625 0.7265625 0.4625 0.7265625 0.471875 0.740625 0.471875 0.740625 0.4625
0 0.7171875 0.46484375 0.7015625 0.46484375 0.7015625 0.47734375 0.7171875 0.47734375 0.7171875 0.46484375
0 0.5921875 0.40703125 0.5640625 0.40703125 0.5640625 0.42265625 0.5921875 0.42265625 0.5921875 0.40703125
0 0.46328125 0.3453125 0.44765625 0.3453125 0.44765625 0.3578125 0.46328125 0.3578125 0.46328125 0.3453125
0 0.43203125 0.359375 0.41328125 0.359375 0.41328125 0.371875 0.43203125 0.371875 0.43203125 0.359375
0 0.41796875 0.31796875 0.40390625 0.31796875 0.40390625 0.32578125 0.41796875 0.32578125 0.41796875 0.31796875
0 0.37109375 0.32578125 0.35546875 0.32578125 0.35546875 0.34140625 0.37109375 0.34140625 0.37109375 0.32578125
0 0.409375 0.40859375 0.39375 0.40859375 0.39375 0.42109375 0.409375 0.42109375 0.409375 0.40859375
0 0.35 0.38359375 0.334375 0.38359375 0.334375 0.39609375 0.35 0.39609375 0.35 0.38359375
0 0.51328125 0.3125 0.50078125 0.3125 0.50078125 0.3234375 0.51328125 0.3234375 0.51328125 0.3125
0 0.54921875 0.34140625 0.52734375 0.34140625 0.52734375 0.35390625 0.54921875 0.35390625 0.54921875 0.34140625
0 0.45546875 0.33046875 0.44140625 0.33046875 0.44140625 0.33828125 0.45546875 0.33828125 0.45546875 0.33046875
0 0.525 0.596875 0.503125 0.596875 0.503125 0.63125 0.525 0.63125 0.525 0.596875
0 0.46796875 0.83359375 0.44609375 0.83359375 0.44609375 0.84453125 0.46796875 0.84453125 0.46796875 0.83359375
0 0.61953125 0.771875 0.60390625 0.771875 0.60390625 0.784375 0.61953125 0.784375 0.61953125 0.771875
0 0.6671875 0.7296875 0.653125 0.7296875 0.653125 0.7421875 0.6671875 0.7421875 0.6671875 0.7296875
0 0.64453125 0.71953125 0.62578125 0.71953125 0.62578125 0.72890625 0.64453125 0.72890625 0.64453125 0.71953125
0 0.725 0.72265625 0.703125 0.72265625 0.703125 0.74296875 0.725 0.74296875 0.725 0.72265625
0 0.61328125 0.82734375 0.59609375 0.82734375 0.59609375 0.83984375 0.61328125 0.83984375 0.61328125 0.82734375
0 0.5703125 0.8671875 0.5328125 0.8671875 0.5328125 0.88125 0.5703125 0.88125 0.5703125 0.8671875
0 0.63984375 0.825 0.62734375 0.825 0.62734375 0.834375 0.63984375 0.834375 0.63984375 0.825
0 0.6578125 0.8078125 0.64375 0.8078125 0.64375 0.815625 0.6578125 0.815625 0.6578125 0.8078125
0 0.78125 0.76171875 0.753125 0.76171875 0.753125 0.78515625 0.78125 0.78515625 0.78125 0.76171875
0 0.66875 0.46484375 0.6453125 0.46484375 0.6453125 0.49609375 0.66875 0.49609375 0.66875 0.46484375
0 0.39765625 0.546875 0.38203125 0.546875 0.38203125 0.5625 0.39765625 0.5625 0.39765625 0.546875
0 0.44921875 0.384375 0.43671875 0.384375 0.43671875 0.39375 0.44921875 0.39375 0.44921875 0.384375
0 0.3640625 0.34453125 0.340625 0.34453125 0.340625 0.36015625 0.3640625 0.36015625 0.3640625 0.34453125
0 0.44375 0.29921875 0.4203125 0.29921875 0.4203125 0.32734375 0.44375 0.32734375 0.44375 0.29921875
0 0.390625 0.346875 0.371875 0.346875 0.371875 0.36875 0.390625 0.36875 0.390625 0.346875