0 0.434375 0.19765625 0.415625 0.19765625 0.415625 0.21640625 0.434375 0.21640625 0.434375 0.19765625
0 0.3796875 0.2046875 0.353125 0.2046875 0.353125 0.2203125 0.3796875 0.2203125 0.3796875 0.2046875
0 0.63984375 0.240625 0.61328125 0.240625 0.61328125 0.25625 0.63984375 0.25625 0.63984375 0.240625
0 0.60234375 0.26328125 0.58984375 0.26328125 0.58984375 0.28671875 0.60234375 0.28671875 0.60234375 0.26328125
0 0.73046875 0.48984375 0.71015625 0.48984375 0.71015625 0.50859375 0.73046875 0.50859375 0.73046875 0.48984375
6 0.659375 0.4765625 0.596875 0.4765625 0.596875 0.534375 0.659375 0.534375 0.659375 0.4765625
0 0.690625 0.52734375 0.675 0.52734375 0.675 0.54453125 0.690625 0.54453125 0.690625 0.52734375
0 0.7078125 0.51484375 0.69375 0.51484375 0.69375 0.52734375 0.7078125 0.52734375 0.7078125 0.51484375
0 0.73359375 0.57265625 0.71796875 0.57265625 0.71796875 0.58828125 0.73359375 0.58828125 0.73359375 0.57265625
0 0.5359375 0.565625 0.5140625 0.565625 0.5140625 0.578125 0.5359375 0.578125 0.5359375 0.565625
0 0.51484375 0.58046875 0.47734375 0.58046875 0.47734375 0.59765625 0.51484375 0.59765625 0.51484375 0.58046875
0 0.3921875 0.70625 0.36875 0.70625 0.36875 0.71875 0.3921875 0.71875 0.3921875 0.70625
0 0.45859375 0.71953125 0.43984375 0.71953125 0.43984375 0.73515625 0.45859375 0.73515625 0.45859375 0.71953125
0 0.509375 0.71484375 0.49375 0.71484375 0.49375 0.72421875 0.509375 0.72421875 0.509375 0.71484375
0 0.65546875 0.64765625 0.64140625 0.64765625 0.64140625 0.65546875 0.65546875 0.65546875 0.65546875 0.64765625
0 0.60546875 0.709375 0.56640625 0.709375 0.56640625 0.725 0.60546875 0.725 0.60546875 0.709375
0 0.25390625 0.465625 0.23046875 0.465625 0.23046875 0.4875 0.25390625 0.4875 0.25390625 0.465625
0 0.32578125 0.48671875 0.27890625 0.48671875 0.27890625 0.51328125 0.32578125 0.51328125 0.32578125 0.48671875
0 0.3140625 0.525 0.2953125 0.525 0.2953125 0.5390625 0.3140625 0.5390625 0.3140625 0.525
0 0.46796875 0.34765625 0.44921875 0.34765625 0.44921875 0.36015625 0.46796875 0.36015625 0.46796875 0.34765625
0 0.2671875 0.58203125 0.240625 0.58203125 0.240625 0.60703125 0.2671875 0.60703125 0.2671875 0.58203125
0 0.4703125 0.16875 0.4546875 0.16875 0.4546875 0.178125 0.4703125 0.178125 0.4703125 0.16875
0 0.48671875 0.21796875 0.46796875 0.21796875 0.46796875 0.22734375 0.48671875 0.22734375 0.48671875 0.21796875
0 0.5 0.2140625 0.4890625 0.2140625 0.4890625 0.2234375 0.5 0.2234375 0.5 0.2140625
0 0.55859375 0.296875 0.54296875 0.296875 0.54296875 0.3078125 0.55859375 0.3078125 0.55859375 0.296875
0 0.48125 0.43125 0.465625 0.43125 0.465625 0.4421875 0.48125 0.4421875 0.48125 0.43125
0 0.46640625 0.4453125 0.45234375 0.4453125 0.45234375 0.4578125 0.46640625 0.4578125 0.46640625 0.4453125
0 0.2953125 0.471875 0.271875 0.471875 0.271875 0.4875 0.2953125 0.4875 0.2953125 0.471875
0 0.334375 0.51640625 0.3203125 0.51640625 0.3203125 0.52421875 0.334375 0.52421875 0.334375 0.51640625
0 0.340625 0.5046875 0.3296875 0.5046875 0.3296875 0.5125 0.340625 0.5125 0.340625 0.5046875
0 0.25703125 0.4953125 0.24140625 0.4953125 0.24140625 0.5078125 0.25703125 0.5078125 0.25703125 0.4953125
0 0.4734375 0.409375 0.4609375 0.409375 0.4609375 0.421875 0.4734375 0.421875 0.4734375 0.409375
0 0.36640625 0.25078125 0.34921875 0.25078125 0.34921875 0.26328125 0.36640625 0.26328125 0.36640625 0.25078125
0 0.3390625 0.25625 0.3140625 0.25625 0.3140625 0.2765625 0.3390625 0.2765625 0.3390625 0.25625
6 0.3625 0.49453125 0.3140625 0.49453125 0.3140625 0.54765625 0.3625 0.54765625 0.3625 0.49453125
1 0.709375 0.39140625 0.5296875 0.39140625 0.5296875 0.45390625 0.709375 0.45390625 0.709375 0.39140625
1 0.43984375 0.39921875 0.22578125 0.39921875 0.22578125 0.45390625 0.43984375 0.45390625 0.43984375 0.39921875