0 0.5640625 0.42421875 0.546875 0.42421875 0.546875 0.43515625 0.5640625 0.43515625 0.5640625 0.42421875
0 0.52578125 0.4125 0.51171875 0.4125 0.51171875 0.4234375 0.52578125 0.4234375 0.52578125 0.4125
0 0.55546875 0.46484375 0.54609375 0.46484375 0.54609375 0.47265625 0.55546875 0.47265625 0.55546875 0.46484375
0 0.55234375 0.4390625 0.53515625 0.4390625 0.53515625 0.4546875 0.55234375 0.4546875 0.55234375 0.4390625
0 0.46015625 0.5359375 0.43515625 0.5359375 0.43515625 0.553125 0.46015625 0.553125 0.46015625 0.5359375
0 0.3703125 0.4609375 0.3390625 0.4609375 0.3390625 0.4921875 0.3703125 0.4921875 0.3703125 0.4609375
0 0.4734375 0.40859375 0.4453125 0.40859375 0.4453125 0.42421875 0.4734375 0.42421875 0.4734375 0.40859375
0 0.73828125 0.38515625 0.71015625 0.38515625 0.71015625 0.39765625 0.73828125 0.39765625 0.73828125 0.38515625
0 0.69296875 0.38125 0.67265625 0.38125 0.67265625 0.3953125 0.69296875 0.3953125 0.69296875 0.38125
0 0.515625 0.590625 0.48125 0.590625 0.48125 0.621875 0.515625 0.621875 0.515625 0.590625
0 0.66875 0.646875 0.653125 0.646875 0.653125 0.6609375 0.66875 0.6609375 0.66875 0.646875
0 0.5875 0.64453125 0.5671875 0.64453125 0.5671875 0.65703125 0.5875 0.65703125 0.5875 0.64453125
0 0.5484375 0.609375 0.5359375 0.609375 0.5359375 0.621875 0.5484375 0.621875 0.5484375 0.609375
6 0.58515625 0.4203125 0.47890625 0.4203125 0.47890625 0.5296875 0.58515625 0.5296875 0.58515625 0.4203125
0 0.62578125 0.16796875 0.60078125 0.16796875 0.60078125 0.18515625 0.62578125 0.18515625 0.62578125 0.16796875
1 0.621875 0.346875 0.4453125 0.346875 0.4453125 0.3984375 0.621875 0.3984375 0.621875 0.346875