1 0.57578125 0.41875 0.40546875 0.41875 0.40546875 0.4765625 0.57578125 0.4765625 0.57578125 0.41875
0 0.57265625 0.5078125 0.55234375 0.5078125 0.55234375 0.5203125 0.57265625 0.5203125 0.57265625 0.5078125
6 0.5984375 0.49921875 0.4671875 0.49921875 0.4671875 0.58984375 0.5984375 0.58984375 0.5984375 0.49921875
0 0.6046875 0.5953125 0.5828125 0.5953125 0.5828125 0.6109375 0.6046875 0.6109375 0.6046875 0.5953125
0 0.534375 0.6734375 0.509375 0.6734375 0.509375 0.6859375 0.534375 0.6859375 0.534375 0.6734375
0 0.4765625 0.7359375 0.44375 0.7359375 0.44375 0.7546875 0.4765625 0.7546875 0.4765625 0.7359375
0 0.7625 0.52421875 0.74375 0.52421875 0.74375 0.54140625 0.7625 0.54140625 0.7625 0.52421875
0 0.45 0.26328125 0.4234375 0.26328125 0.4234375 0.28359375 0.45 0.28359375 0.45 0.26328125
0 0.35859375 0.29296875 0.33515625 0.29296875 0.33515625 0.30859375 0.35859375 0.30859375 0.35859375 0.29296875
0 0.340625 0.56484375 0.3203125 0.56484375 0.3203125 0.58046875 0.340625 0.58046875 0.340625 0.56484375
0 0.6484375 0.67421875 0.621875 0.67421875 0.621875 0.68671875 0.6484375 0.68671875 0.6484375 0.67421875
0 0.73984375 0.4578125 0.72421875 0.4578125 0.72421875 0.4703125 0.73984375 0.4703125 0.73984375 0.4578125