0 0.47109375 0.49375 0.44921875 0.49375 0.44921875 0.51875 0.47109375 0.51875 0.47109375 0.49375
0 0.2078125 0.4046875 0.1875 0.4046875 0.1875 0.421875 0.2078125 0.421875 0.2078125 0.4046875
0 0.24453125 0.6546875 0.21953125 0.6546875 0.21953125 0.6671875 0.24453125 0.6671875 0.24453125 0.6546875
0 0.28984375 0.63828125 0.26484375 0.63828125 0.26484375 0.65546875 0.28984375 0.65546875 0.28984375 0.63828125
0 0.2546875 0.6234375 0.2359375 0.6234375 0.2359375 0.6390625 0.2546875 0.6390625 0.2546875 0.6234375
0 0.24921875 0.5109375 0.19609375 0.5109375 0.19609375 0.534375 0.24921875 0.534375 0.24921875 0.5109375
0 0.146875 0.52578125 0.125 0.52578125 0.125 0.54453125 0.146875 0.54453125 0.146875 0.52578125
0 0.41484375 0.7171875 0.38828125 0.7171875 0.38828125 0.7359375 0.41484375 0.7359375 0.41484375 0.7171875
0 0.33125 0.728125 0.309375 0.728125 0.309375 0.740625 0.33125 0.740625 0.33125 0.728125
0 0.22578125 0.77421875 0.20390625 0.77421875 0.20390625 0.78828125 0.22578125 0.78828125 0.22578125 0.77421875
0 0.55 0.5203125 0.365625 0.5203125 0.365625 0.6609375 0.55 0.6609375 0.55 0.5203125
0 0.5953125 0.371875 0.5734375 0.371875 0.5734375 0.3875 0.5953125 0.3875 0.5953125 0.371875