0 0.428125 0.290625 0.40625 0.290625 0.40625 0.303125 0.428125 0.303125 0.428125 0.290625
0 0.6109375 0.41171875 0.590625 0.41171875 0.590625 0.42578125 0.6109375 0.42578125 0.6109375 0.41171875
0 0.57578125 0.4265625 0.55546875 0.4265625 0.55546875 0.4390625 0.57578125 0.4390625 0.57578125 0.4265625
0 0.46171875 0.41484375 0.43984375 0.41484375 0.43984375 0.42734375 0.46171875 0.42734375 0.46171875 0.41484375
0 0.31640625 0.61640625 0.29453125 0.61640625 0.29453125 0.63359375 0.31640625 0.63359375 0.31640625 0.61640625
0 0.48203125 0.8125 0.46640625 0.8125 0.46640625 0.828125 0.48203125 0.828125 0.48203125 0.8125
0 0.7546875 0.64765625 0.7328125 0.64765625 0.7328125 0.66328125 0.7546875 0.66328125 0.7546875 0.64765625
6 0.34609375 0.58203125 0.26015625 0.58203125 0.26015625 0.67734375 0.34609375 0.67734375 0.34609375 0.58203125
6 0.42890625 0.55625 0.36171875 0.55625 0.36171875 0.5921875 0.42890625 0.5921875 0.42890625 0.55625
6 0.84140625 0.57109375 0.75546875 0.57109375 0.75546875 0.65859375 0.84140625 0.65859375 0.84140625 0.57109375
6 0.77734375 0.5546875 0.69140625 0.5546875 0.69140625 0.590625 0.77734375 0.590625 0.77734375 0.5546875
0 0.5140625 0.2796875 0.48125 0.2796875 0.48125 0.2953125 0.5140625 0.2953125 0.5140625 0.2796875