0 0.31484375 0.46796875 0.29296875 0.46796875 0.29296875 0.48203125 0.31484375 0.48203125 0.31484375 0.46796875
0 0.29140625 0.47890625 0.27265625 0.47890625 0.27265625 0.49453125 0.29140625 0.49453125 0.29140625 0.47890625
0 0.33046875 0.47421875 0.31484375 0.47421875 0.31484375 0.48515625 0.33046875 0.48515625 0.33046875 0.47421875
0 0.57734375 0.64296875 0.55703125 0.64296875 0.55703125 0.65859375 0.57734375 0.65859375 0.57734375 0.64296875
0 0.56484375 0.6859375 0.54453125 0.6859375 0.54453125 0.7046875 0.56484375 0.7046875 0.56484375 0.6859375
6 0.52421875 0.65078125 0.44609375 0.65078125 0.44609375 0.75703125 0.52421875 0.75703125 0.52421875 0.65078125
6 0.47734375 0.80234375 0.45703125 0.80234375 0.45703125 0.81640625 0.47734375 0.81640625 0.47734375 0.80234375
6 0.675 0.79375 0.653125 0.79375 0.653125 0.80625 0.675 0.80625 0.675 0.79375
6 0.5984375 0.446875 0.571875 0.446875 0.571875 0.465625 0.5984375 0.465625 0.5984375 0.446875
6 0.675 0.60859375 0.6578125 0.60859375 0.6578125 0.62734375 0.675 0.62734375 0.675 0.60859375
6 0.6265625 0.51953125 0.6078125 0.51953125 0.6078125 0.53515625 0.6265625 0.53515625 0.6265625 0.51953125
6 0.678125 0.57109375 0.6578125 0.57109375 0.6578125 0.58671875 0.678125 0.58671875 0.678125 0.57109375