0 0.68203125 0.4046875 0.66640625 0.4046875 0.66640625 0.415625 0.68203125 0.415625 0.68203125 0.4046875
0 0.6375 0.3484375 0.621875 0.3484375 0.621875 0.3578125 0.6375 0.3578125 0.6375 0.3484375
0 0.6078125 0.3859375 0.590625 0.3859375 0.590625 0.396875 0.6078125 0.396875 0.6078125 0.3859375
0 0.4546875 0.28515625 0.4375 0.28515625 0.4375 0.29921875 0.4546875 0.29921875 0.4546875 0.28515625
0 0.72265625 0.56015625 0.68828125 0.56015625 0.68828125 0.59140625 0.72265625 0.59140625 0.72265625 0.56015625
0 0.71640625 0.59921875 0.68984375 0.59921875 0.68984375 0.61171875 0.71640625 0.61171875 0.71640625 0.59921875
0 0.68828125 0.56171875 0.63203125 0.56171875 0.63203125 0.60078125 0.68828125 0.60078125 0.68828125 0.56171875
0 0.68125 0.60625 0.665625 0.60625 0.665625 0.6171875 0.68125 0.6171875 0.68125 0.60625
0 0.65546875 0.61484375 0.63984375 0.61484375 0.63984375 0.62734375 0.65546875 0.62734375 0.65546875 0.61484375
0 0.5625 0.62265625 0.5453125 0.62265625 0.5453125 0.63515625 0.5625 0.63515625 0.5625 0.62265625
0 0.2109375 0.3703125 0.196875 0.3703125 0.196875 0.3796875 0.2109375 0.3796875 0.2109375 0.3703125
0 0.221875 0.2796875 0.20625 0.2796875 0.20625 0.2890625 0.221875 0.2890625 0.221875 0.2796875
0 0.24609375 0.3484375 0.23203125 0.3484375 0.23203125 0.3578125 0.24609375 0.3578125 0.24609375 0.3484375
0 0.1953125 0.6265625 0.16875 0.6265625 0.16875 0.6421875 0.1953125 0.6421875 0.1953125 0.6265625
0 0.2125 0.63515625 0.19375 0.63515625 0.19375 0.66328125 0.2125 0.66328125 0.2125 0.63515625
0 0.2484375 0.62109375 0.2140625 0.62109375 0.2140625 0.64140625 0.2484375 0.64140625 0.2484375 0.62109375
0 0.3109375 0.646875 0.2953125 0.646875 0.2953125 0.665625 0.3109375 0.665625 0.3109375 0.646875
0 0.178125 0.66484375 0.153125 0.66484375 0.153125 0.69609375 0.178125 0.69609375 0.178125 0.66484375
0 0.46953125 0.9046875 0.44765625 0.9046875 0.44765625 0.9171875 0.46953125 0.9171875 0.46953125 0.9046875
0 0.62578125 0.628125 0.60078125 0.628125 0.60078125 0.64375 0.62578125 0.64375 0.62578125 0.628125
0 0.5046875 0.334375 0.4734375 0.334375 0.4734375 0.359375 0.5046875 0.359375 0.5046875 0.334375
0 0.521875 0.36171875 0.4703125 0.36171875 0.4703125 0.41328125 0.521875 0.41328125 0.521875 0.36171875
0 0.5125 0.4390625 0.46875 0.4390625 0.46875 0.4640625 0.5125 0.4640625 0.5125 0.4390625
0 0.4546875 0.38515625 0.4203125 0.38515625 0.4203125 0.41328125 0.4546875 0.41328125 0.4546875 0.38515625
0 0.58359375 0.3890625 0.53203125 0.3890625 0.53203125 0.4171875 0.58359375 0.4171875 0.58359375 0.3890625
0 0.62421875 0.4359375 0.54609375 0.4359375 0.54609375 0.4546875 0.62421875 0.4546875 0.62421875 0.4359375
0 0.503125 0.27734375 0.4609375 0.27734375 0.4609375 0.31171875 0.503125 0.31171875 0.503125 0.27734375
0 0.45390625 0.36328125 0.43203125 0.36328125 0.43203125 0.37421875 0.45390625 0.37421875 0.45390625 0.36328125
0 0.4453125 0.31953125 0.4296875 0.31953125 0.4296875 0.33203125 0.4453125 0.33203125 0.4453125 0.31953125
0 0.44375 0.30078125 0.43125 0.30078125 0.43125 0.31015625 0.44375 0.31015625 0.44375 0.30078125
0 0.58984375 0.26015625 0.57421875 0.26015625 0.57421875 0.27421875 0.58984375 0.27421875 0.58984375 0.26015625
0 0.64140625 0.3078125 0.60078125 0.3078125 0.60078125 0.328125 0.64140625 0.328125 0.64140625 0.3078125
0 0.64140625 0.3296875 0.61796875 0.3296875 0.61796875 0.34375 0.64140625 0.34375 0.64140625 0.3296875
0 0.5296875 0.29296875 0.5046875 0.29296875 0.5046875 0.32109375 0.5296875 0.32109375 0.5296875 0.29296875
0 0.57421875 0.36484375 0.52578125 0.36484375 0.52578125 0.38359375 0.57421875 0.38359375 0.57421875 0.36484375
0 0.6234375 0.3625 0.578125 0.3625 0.578125 0.378125 0.6234375 0.378125 0.6234375 0.3625
0 0.6734375 0.35 0.64375 0.35 0.64375 0.3734375 0.6734375 0.3734375 0.6734375 0.35
0 0.63984375 0.38203125 0.61171875 0.38203125 0.61171875 0.40546875 0.63984375 0.40546875 0.63984375 0.38203125
0 0.5578125 0.27265625 0.5390625 0.27265625 0.5390625 0.29453125 0.5578125 0.29453125 0.5578125 0.27265625
0 0.553125 0.25390625 0.5359375 0.25390625 0.5359375 0.26796875 0.553125 0.26796875 0.553125 0.25390625
0 0.6296875 0.2765625 0.5671875 0.2765625 0.5671875 0.3046875 0.6296875 0.3046875 0.6296875 0.2765625
0 0.58671875 0.34375 0.53203125 0.34375 0.53203125 0.359375 0.58671875 0.359375 0.58671875 0.34375
0 0.38125 0.4109375 0.3671875 0.4109375 0.3671875 0.4390625 0.38125 0.4390625 0.38125 0.4109375
0 0.37578125 0.34453125 0.33203125 0.34453125 0.33203125 0.36796875 0.37578125 0.36796875 0.37578125 0.34453125
0 0.3296875 0.3578125 0.290625 0.3578125 0.290625 0.384375 0.3296875 0.384375 0.3296875 0.3578125
0 0.40234375 0.278125 0.38046875 0.278125 0.38046875 0.2984375 0.40234375 0.2984375 0.40234375 0.278125
0 0.4734375 0.34765625 0.4578125 0.34765625 0.4578125 0.36171875 0.4734375 0.36171875 0.4734375 0.34765625
0 0.475 0.32890625 0.459375 0.32890625 0.459375 0.33984375 0.475 0.33984375 0.475 0.32890625
0 0.50625 0.41796875 0.484375 0.41796875 0.484375 0.43203125 0.50625 0.43203125 0.50625 0.41796875
0 0.58046875 0.42265625 0.55546875 0.42265625 0.55546875 0.43515625 0.58046875 0.43515625 0.58046875 0.42265625
0 0.61015625 0.33203125 0.59140625 0.33203125 0.59140625 0.35390625 0.61015625 0.35390625 0.61015625 0.33203125
0 0.46484375 0.303125 0.45234375 0.303125 0.45234375 0.3203125 0.46484375 0.3203125 0.46484375 0.303125
0 0.5 0.31875 0.4828125 0.31875 0.4828125 0.33125 0.5 0.33125 0.5 0.31875
0 0.48515625 0.22578125 0.46328125 0.22578125 0.46328125 0.24609375 0.48515625 0.24609375 0.48515625 0.22578125
0 0.56640625 0.22578125 0.55390625 0.22578125 0.55390625 0.23984375 0.56640625 0.23984375 0.56640625 0.22578125
0 0.5296875 0.284375 0.5140625 0.284375 0.5140625 0.29375 0.5296875 0.29375 0.5296875 0.284375
0 0.521875 0.325 0.5046875 0.325 0.5046875 0.3375 0.521875 0.3375 0.521875 0.325
0 0.68984375 0.37265625 0.67734375 0.37265625 0.67734375 0.38046875 0.68984375 0.38046875 0.68984375 0.37265625
0 0.678125 0.38203125 0.665625 0.38203125 0.665625 0.39140625 0.678125 0.39140625 0.678125 0.38203125
0 0.6421875 0.41328125 0.6265625 0.41328125 0.6265625 0.42109375 0.6421875 0.42109375 0.6421875 0.41328125
0 0.59609375 0.4234375 0.57890625 0.4234375 0.57890625 0.4328125 0.59609375 0.4328125 0.59609375 0.4234375
0 0.6375 0.3625 0.625 0.3625 0.625 0.375 0.6375 0.375 0.6375 0.3625
0 0.5421875 0.325 0.5328125 0.325 0.5328125 0.340625 0.5421875 0.340625 0.5421875 0.325
0 0.5234375 0.33984375 0.5109375 0.33984375 0.5109375 0.35546875 0.5234375 0.35546875 0.5234375 0.33984375
1 0.684375 0.55546875 0.525 0.55546875 0.525 0.61640625 0.684375 0.61640625 0.684375 0.55546875
1 0.3375 0.5828125 0.1390625 0.5828125 0.1390625 0.6453125 0.3375 0.6453125 0.3375 0.5828125