0 0.53515625 0.30703125 0.47890625 0.30703125 0.47890625 0.32109375 0.53515625 0.32109375 0.53515625 0.30703125
0 0.6609375 0.303125 0.640625 0.303125 0.640625 0.315625 0.6609375 0.315625 0.6609375 0.303125
0 0.70703125 0.29765625 0.69453125 0.29765625 0.69453125 0.30546875 0.70703125 0.30546875 0.70703125 0.29765625
6 0.50078125 0.4328125 0.44453125 0.4328125 0.44453125 0.503125 0.50078125 0.503125 0.50078125 0.4328125
6 0.68515625 0.43828125 0.62265625 0.43828125 0.62265625 0.49453125 0.68515625 0.49453125 0.68515625 0.43828125
3 0.73046875 0.27265625 0.67890625 0.27265625 0.67890625 0.29609375 0.73046875 0.29609375 0.73046875 0.27265625
3 0.5265625 0.28046875 0.4515625 0.28046875 0.4515625 0.31796875 0.5265625 0.31796875 0.5265625 0.28046875
3 0.5765625 0.28125 0.5359375 0.28125 0.5359375 0.35625 0.5765625 0.35625 0.5765625 0.28125
3 0.70390625 0.29140625 0.59453125 0.29140625 0.59453125 0.32734375 0.70390625 0.32734375 0.70390625 0.29140625
3 0.6828125 0.26875 0.634375 0.26875 0.634375 0.2875 0.6828125 0.2875 0.6828125 0.26875
6 0.67421875 0.49375 0.64921875 0.49375 0.64921875 0.51875 0.67421875 0.51875 0.67421875 0.49375
1 0.51328125 0.39765625 0.40078125 0.39765625 0.40078125 0.42109375 0.51328125 0.42109375 0.51328125 0.39765625
1 0.71015625 0.396875 0.61953125 0.396875 0.61953125 0.4203125 0.71015625 0.4203125 0.71015625 0.396875