1 0.35390625 0.3421875 0.26484375 0.3421875 0.26484375 0.4078125 0.35390625 0.4078125 0.35390625 0.3421875
0 0.36953125 0.43203125 0.35546875 0.43203125 0.35546875 0.44296875 0.36953125 0.44296875 0.36953125 0.43203125
0 0.42421875 0.43203125 0.40859375 0.43203125 0.40859375 0.44453125 0.42421875 0.44453125 0.42421875 0.43203125
0 0.51328125 0.4046875 0.48828125 0.4046875 0.48828125 0.4234375 0.51328125 0.4234375 0.51328125 0.4046875
0 0.52734375 0.334375 0.51171875 0.334375 0.51171875 0.3453125 0.52734375 0.3453125 0.52734375 0.334375
0 0.58671875 0.4359375 0.56953125 0.4359375 0.56953125 0.4484375 0.58671875 0.4484375 0.58671875 0.4359375
0 0.63515625 0.4265625 0.61796875 0.4265625 0.61796875 0.4359375 0.63515625 0.4359375 0.63515625 0.4265625
0 0.61015625 0.46875 0.59296875 0.46875 0.59296875 0.4765625 0.61015625 0.4765625 0.61015625 0.46875
0 0.46640625 0.409375 0.44609375 0.409375 0.44609375 0.4203125 0.46640625 0.4203125 0.46640625 0.409375
0 0.55 0.44140625 0.5328125 0.44140625 0.5328125 0.45390625 0.55 0.45390625 0.55 0.44140625
0 0.565625 0.41171875 0.5484375 0.41171875 0.5484375 0.42421875 0.565625 0.42421875 0.565625 0.41171875
0 0.5875 0.390625 0.575 0.390625 0.575 0.4 0.5875 0.4 0.5875 0.390625
0 0.403125 0.30078125 0.39375 0.30078125 0.39375 0.31640625 0.403125 0.31640625 0.403125 0.30078125
0 0.48359375 0.23671875 0.45703125 0.23671875 0.45703125 0.26640625 0.48359375 0.26640625 0.48359375 0.23671875
0 0.2703125 0.21953125 0.25625 0.21953125 0.25625 0.23203125 0.2703125 0.23203125 0.2703125 0.21953125
0 0.40859375 0.2421875 0.37890625 0.2421875 0.37890625 0.2625 0.40859375 0.2625 0.40859375 0.2421875
0 0.43125 0.28046875 0.3953125 0.28046875 0.3953125 0.29609375 0.43125 0.29609375 0.43125 0.28046875
0 0.47265625 0.26484375 0.45546875 0.26484375 0.45546875 0.27734375 0.47265625 0.27734375 0.47265625 0.26484375
0 0.3140625 0.225 0.2984375 0.225 0.2984375 0.240625 0.3140625 0.240625 0.3140625 0.225
0 0.43671875 0.2203125 0.42265625 0.2203125 0.42265625 0.2328125 0.43671875 0.2328125 0.43671875 0.2203125
0 0.496875 0.37890625 0.4625 0.37890625 0.4625 0.39140625 0.496875 0.39140625 0.496875 0.37890625
0 0.43125 0.31484375 0.41875 0.31484375 0.41875 0.32421875 0.43125 0.32421875 0.43125 0.31484375
0 0.3875 0.2203125 0.3734375 0.2203125 0.3734375 0.2296875 0.3875 0.2296875 0.3875 0.2203125
0 0.36953125 0.23515625 0.35859375 0.23515625 0.35859375 0.24765625 0.36953125 0.24765625 0.36953125 0.23515625
0 0.33828125 0.21015625 0.32109375 0.21015625 0.32109375 0.23046875 0.33828125 0.23046875 0.33828125 0.21015625
0 0.40234375 0.60546875 0.38828125 0.60546875 0.38828125 0.61328125 0.40234375 0.61328125 0.40234375 0.60546875
0 0.40234375 0.63046875 0.38828125 0.63046875 0.38828125 0.63984375 0.40234375 0.63984375 0.40234375 0.63046875
0 0.434375 0.65390625 0.41875 0.65390625 0.41875 0.66484375 0.434375 0.66484375 0.434375 0.65390625
0 0.46015625 0.465625 0.44765625 0.465625 0.44765625 0.4765625 0.46015625 0.4765625 0.46015625 0.465625
0 0.54375 0.5171875 0.5265625 0.5171875 0.5265625 0.5296875 0.54375 0.5296875 0.54375 0.5171875
0 0.58046875 0.4625 0.56796875 0.4625 0.56796875 0.475 0.58046875 0.475 0.58046875 0.4625
0 0.45390625 0.3875 0.43984375 0.3875 0.43984375 0.3953125 0.45390625 0.3953125 0.45390625 0.3875
0 0.5453125 0.36953125 0.525 0.36953125 0.525 0.38046875 0.5453125 0.38046875 0.5453125 0.36953125
0 0.45078125 0.2359375 0.43515625 0.2359375 0.43515625 0.25 0.45078125 0.25 0.45078125 0.2359375
0 0.3390625 0.2515625 0.325 0.2515625 0.325 0.2625 0.3390625 0.2625 0.3390625 0.2515625
0 0.37265625 0.31328125 0.35859375 0.31328125 0.35859375 0.32421875 0.37265625 0.32421875 0.37265625 0.31328125
0 0.390625 0.26875 0.375 0.26875 0.375 0.28125 0.390625 0.28125 0.390625 0.26875
0 0.4203125 0.1890625 0.4078125 0.1890625 0.4078125 0.2015625 0.4203125 0.2015625 0.4203125 0.1890625
0 0.46953125 0.17109375 0.44921875 0.17109375 0.44921875 0.18515625 0.46953125 0.18515625 0.46953125 0.17109375
0 0.2484375 0.19140625 0.2359375 0.19140625 0.2359375 0.19921875 0.2484375 0.19921875 0.2484375 0.19140625
0 0.28046875 0.1875 0.26328125 0.1875 0.26328125 0.1984375 0.28046875 0.1984375 0.28046875 0.1875
0 0.43359375 0.3859375 0.41953125 0.3859375 0.41953125 0.396875 0.43359375 0.396875 0.43359375 0.3859375
0 0.46875 0.35546875 0.4484375 0.35546875 0.4484375 0.36953125 0.46875 0.36953125 0.46875 0.35546875
0 0.56015625 0.6453125 0.54765625 0.6453125 0.54765625 0.653125 0.56015625 0.653125 0.56015625 0.6453125
0 0.5375 0.653125 0.521875 0.653125 0.521875 0.6609375 0.5375 0.6609375 0.5375 0.653125
0 0.49453125 0.64375 0.47734375 0.64375 0.47734375 0.65625 0.49453125 0.65625 0.49453125 0.64375
0 0.4359375 0.5875 0.4234375 0.5875 0.4234375 0.5984375 0.4359375 0.5984375 0.4359375 0.5875
0 0.41640625 0.57265625 0.40390625 0.57265625 0.40390625 0.58359375 0.41640625 0.58359375 0.41640625 0.57265625
0 0.41171875 0.6640625 0.39765625 0.6640625 0.39765625 0.671875 0.41171875 0.671875 0.41171875 0.6640625
0 0.3875 0.5859375 0.3703125 0.5859375 0.3703125 0.5984375 0.3875 0.5984375 0.3875 0.5859375
0 0.55234375 0.5890625 0.53828125 0.5890625 0.53828125 0.5984375 0.55234375 0.5984375 0.55234375 0.5890625
0 0.50234375 0.4703125 0.48359375 0.4703125 0.48359375 0.4828125 0.50234375 0.4828125 0.50234375 0.4703125
0 0.52265625 0.45625 0.50703125 0.45625 0.50703125 0.4734375 0.52265625 0.4734375 0.52265625 0.45625
0 0.50859375 0.4234375 0.49765625 0.4234375 0.49765625 0.434375 0.50859375 0.434375 0.50859375 0.4234375
0 0.4609375 0.275 0.446875 0.275 0.446875 0.2875 0.4609375 0.2875 0.4609375 0.275
0 0.4296875 0.25703125 0.409375 0.25703125 0.409375 0.26953125 0.4296875 0.26953125 0.4296875 0.25703125