0 0.65703125 0.325 0.64296875 0.325 0.64296875 0.3375 0.65703125 0.3375 0.65703125 0.325
1 0.60078125 0.3796875 0.47421875 0.3796875 0.47421875 0.4375 0.60078125 0.4375 0.60078125 0.3796875
0 0.70078125 0.28828125 0.68671875 0.28828125 0.68671875 0.29921875 0.70078125 0.29921875 0.70078125 0.28828125
0 0.61953125 0.23046875 0.60703125 0.23046875 0.60703125 0.23984375 0.61953125 0.23984375 0.61953125 0.23046875
0 0.63359375 0.265625 0.62265625 0.265625 0.62265625 0.2734375 0.63359375 0.2734375 0.63359375 0.265625
0 0.62265625 0.25625 0.60859375 0.25625 0.60859375 0.2640625 0.62265625 0.2640625 0.62265625 0.25625
0 0.61875 0.29453125 0.603125 0.29453125 0.603125 0.30234375 0.61875 0.30234375 0.61875 0.29453125
0 0.5953125 0.25390625 0.5671875 0.25390625 0.5671875 0.26640625 0.5953125 0.26640625 0.5953125 0.25390625
0 0.671875 0.290625 0.6515625 0.290625 0.6515625 0.3046875 0.671875 0.3046875 0.671875 0.290625
0 0.62578125 0.2765625 0.60703125 0.2765625 0.60703125 0.2859375 0.62578125 0.2859375 0.62578125 0.2765625
0 0.63984375 0.4421875 0.61796875 0.4421875 0.61796875 0.4546875 0.63984375 0.4546875 0.63984375 0.4421875
0 0.6453125 0.371875 0.63125 0.371875 0.63125 0.384375 0.6453125 0.384375 0.6453125 0.371875
0 0.3875 0.42578125 0.3703125 0.42578125 0.3703125 0.44140625 0.3875 0.44140625 0.3875 0.42578125
0 0.5390625 0.2859375 0.525 0.2859375 0.525 0.29375 0.5390625 0.29375 0.5390625 0.2859375
0 0.63671875 0.240625 0.61640625 0.240625 0.61640625 0.25 0.63671875 0.25 0.63671875 0.240625
0 0.6765625 0.2484375 0.6640625 0.2484375 0.6640625 0.2546875 0.6765625 0.2546875 0.6765625 0.2484375
0 0.65390625 0.26484375 0.64453125 0.26484375 0.64453125 0.27109375 0.65390625 0.27109375 0.65390625 0.26484375
0 0.68046875 0.26328125 0.66796875 0.26328125 0.66796875 0.27578125 0.68046875 0.27578125 0.68046875 0.26328125
0 0.68359375 0.42109375 0.67265625 0.42109375 0.67265625 0.42734375 0.68359375 0.42734375 0.68359375 0.42109375