6 0.60234375 0.3890625 0.55859375 0.3890625 0.55859375 0.478125 0.60234375 0.478125 0.60234375 0.3890625
6 0.56640625 0.478125 0.42890625 0.478125 0.42890625 0.5515625 0.56640625 0.5515625 0.56640625 0.478125
6 0.5890625 0.478125 0.56875 0.478125 0.56875 0.50625 0.5890625 0.50625 0.5890625 0.478125
6 0.2359375 0.48515625 0.1953125 0.48515625 0.1953125 0.53046875 0.2359375 0.53046875 0.2359375 0.48515625
6 0.43359375 0.47109375 0.38671875 0.47109375 0.38671875 0.50390625 0.43359375 0.50390625 0.43359375 0.47109375
0 0.41953125 0.334375 0.39921875 0.334375 0.39921875 0.3453125 0.41953125 0.3453125 0.41953125 0.334375
0 0.48046875 0.328125 0.46640625 0.328125 0.46640625 0.3390625 0.48046875 0.3390625 0.48046875 0.328125
0 0.453125 0.31171875 0.4359375 0.31171875 0.4359375 0.32265625 0.453125 0.32265625 0.453125 0.31171875
0 0.30234375 0.3421875 0.24921875 0.3421875 0.24921875 0.353125 0.30234375 0.353125 0.30234375 0.3421875
0 0.3390625 0.40546875 0.3265625 0.40546875 0.3265625 0.41484375 0.3390625 0.41484375 0.3390625 0.40546875
3 0.41015625 0.32734375 0.23984375 0.32734375 0.23984375 0.35390625 0.41015625 0.35390625 0.41015625 0.32734375
3 0.34453125 0.35234375 0.29765625 0.35234375 0.29765625 0.39453125 0.34453125 0.39453125 0.34453125 0.35234375
3 0.428125 0.2875 0.3 0.2875 0.3 0.3265625 0.428125 0.3265625 0.428125 0.2875
3 0.471875 0.2765625 0.434375 0.2765625 0.434375 0.31875 0.471875 0.31875 0.471875 0.2765625
3 0.45859375 0.328125 0.41015625 0.328125 0.41015625 0.353125 0.45859375 0.353125 0.45859375 0.328125
1 0.30625 0.428125 0.21875 0.428125 0.21875 0.4609375 0.30625 0.4609375 0.30625 0.428125
1 0.49296875 0.42734375 0.38984375 0.42734375 0.38984375 0.46171875 0.49296875 0.46171875 0.49296875 0.42734375