1 0.525 0.42578125 0.415625 0.42578125 0.415625 0.46015625 0.525 0.46015625 0.525 0.42578125
1 0.68828125 0.4359375 0.61796875 0.4359375 0.61796875 0.4625 0.68828125 0.4625 0.68828125 0.4359375
6 0.70078125 0.4734375 0.64140625 0.4734375 0.64140625 0.5453125 0.70078125 0.5453125 0.70078125 0.4734375
6 0.41640625 0.465625 0.32734375 0.465625 0.32734375 0.5265625 0.41640625 0.5265625 0.41640625 0.465625
6 0.509375 0.49140625 0.4140625 0.49140625 0.4140625 0.53359375 0.509375 0.53359375 0.509375 0.49140625
0 0.57578125 0.33359375 0.51015625 0.33359375 0.51015625 0.35390625 0.57578125 0.35390625 0.57578125 0.33359375
0 0.696875 0.34375 0.6640625 0.34375 0.6640625 0.3671875 0.696875 0.3671875 0.696875 0.34375
0 0.6703125 0.31015625 0.6578125 0.31015625 0.6578125 0.32265625 0.6703125 0.32265625 0.6703125 0.31015625
0 0.60078125 0.415625 0.58359375 0.415625 0.58359375 0.4234375 0.60078125 0.4234375 0.60078125 0.415625
3 0.7 0.32890625 0.503125 0.32890625 0.503125 0.36328125 0.7 0.36328125 0.7 0.32890625
3 0.69609375 0.29609375 0.61015625 0.29609375 0.61015625 0.32734375 0.69609375 0.32734375 0.69609375 0.29609375
3 0.58359375 0.29765625 0.51015625 0.29765625 0.51015625 0.32578125 0.58359375 0.32578125 0.58359375 0.29765625