0 0.63359375 0.596875 0.61796875 0.596875 0.61796875 0.6125 0.63359375 0.6125 0.63359375 0.596875
0 0.62734375 0.5546875 0.60859375 0.5546875 0.60859375 0.5703125 0.62734375 0.5703125 0.62734375 0.5546875
0 0.60546875 0.559375 0.59453125 0.559375 0.59453125 0.5671875 0.60546875 0.5671875 0.60546875 0.559375
0 0.5828125 0.56171875 0.5671875 0.56171875 0.5671875 0.57109375 0.5828125 0.57109375 0.5828125 0.56171875
0 0.59765625 0.584375 0.58203125 0.584375 0.58203125 0.5984375 0.59765625 0.5984375 0.59765625 0.584375
0 0.496875 0.528125 0.4875 0.528125 0.4875 0.5375 0.496875 0.5375 0.496875 0.528125
0 0.56953125 0.52265625 0.55859375 0.52265625 0.55859375 0.53046875 0.56953125 0.53046875 0.56953125 0.52265625
0 0.5234375 0.50078125 0.5109375 0.50078125 0.5109375 0.50859375 0.5234375 0.50859375 0.5234375 0.50078125
0 0.51875 0.515625 0.5078125 0.515625 0.5078125 0.5234375 0.51875 0.5234375 0.51875 0.515625
0 0.40859375 0.5203125 0.39609375 0.5203125 0.39609375 0.53125 0.40859375 0.53125 0.40859375 0.5203125
0 0.38359375 0.42109375 0.37265625 0.42109375 0.37265625 0.42890625 0.38359375 0.42890625 0.38359375 0.42109375
0 0.60390625 0.3921875 0.58828125 0.3921875 0.58828125 0.403125 0.60390625 0.403125 0.60390625 0.3921875
0 0.615625 0.5125 0.603125 0.5125 0.603125 0.51875 0.615625 0.51875 0.615625 0.5125