1 0.52421875 0.4796875 0.34140625 0.4796875 0.34140625 0.5328125 0.52421875 0.5328125 0.52421875 0.4796875
0 0.675 0.52890625 0.6484375 0.52890625 0.6484375 0.54609375 0.675 0.54609375 0.675 0.52890625
0 0.6171875 0.53046875 0.5546875 0.53046875 0.5546875 0.54609375 0.6171875 0.54609375 0.6171875 0.53046875
0 0.56953125 0.56015625 0.55546875 0.56015625 0.55546875 0.57109375 0.56953125 0.57109375 0.56953125 0.56015625
0 0.56171875 0.590625 0.54140625 0.590625 0.54140625 0.60625 0.56171875 0.60625 0.56171875 0.590625
0 0.68515625 0.64296875 0.64140625 0.64296875 0.64140625 0.67265625 0.68515625 0.67265625 0.68515625 0.64296875
0 0.6421875 0.70390625 0.6140625 0.70390625 0.6140625 0.71796875 0.6421875 0.71796875 0.6421875 0.70390625
0 0.68828125 0.57734375 0.66328125 0.57734375 0.66328125 0.60078125 0.68828125 0.60078125 0.68828125 0.57734375
0 0.53671875 0.78046875 0.50234375 0.78046875 0.50234375 0.79609375 0.53671875 0.79609375 0.53671875 0.78046875
0 0.4890625 0.78515625 0.4703125 0.78515625 0.4703125 0.79765625 0.4890625 0.79765625 0.4890625 0.78515625
0 0.390625 0.7828125 0.3703125 0.7828125 0.3703125 0.7921875 0.390625 0.7921875 0.390625 0.7828125
0 0.3625 0.76796875 0.3390625 0.76796875 0.3390625 0.77890625 0.3625 0.77890625 0.3625 0.76796875