6 0.58203125 0.48203125 0.46015625 0.48203125 0.46015625 0.53671875 0.58203125 0.53671875 0.58203125 0.48203125
8 0.56171875 0.5703125 0.52734375 0.5703125 0.52734375 0.6140625 0.56171875 0.6140625 0.56171875 0.5703125
0 0.69140625 0.47265625 0.66640625 0.47265625 0.66640625 0.49140625 0.69140625 0.49140625 0.69140625 0.47265625
0 0.6953125 0.44921875 0.6671875 0.44921875 0.6671875 0.46328125 0.6953125 0.46328125 0.6953125 0.44921875
0 0.7359375 0.5140625 0.7140625 0.5140625 0.7140625 0.5453125 0.7359375 0.5453125 0.7359375 0.5140625
0 0.709375 0.5375 0.6890625 0.5375 0.6890625 0.553125 0.709375 0.553125 0.709375 0.5375
0 0.784375 0.50703125 0.765625 0.50703125 0.765625 0.52421875 0.784375 0.52421875 0.784375 0.50703125
0 0.64609375 0.48203125 0.62578125 0.48203125 0.62578125 0.49921875 0.64609375 0.49921875 0.64609375 0.48203125
0 0.6359375 0.49375 0.584375 0.49375 0.584375 0.51875 0.6359375 0.51875 0.6359375 0.49375
0 0.68828125 0.40546875 0.62890625 0.40546875 0.62890625 0.43203125 0.68828125 0.43203125 0.68828125 0.40546875
0 0.71328125 0.44765625 0.68671875 0.44765625 0.68671875 0.46796875 0.71328125 0.46796875 0.71328125 0.44765625
0 0.71796875 0.46875 0.69140625 0.46875 0.69140625 0.4921875 0.71796875 0.4921875 0.71796875 0.46875
0 0.53046875 0.66015625 0.50390625 0.66015625 0.50390625 0.68046875 0.53046875 0.68046875 0.53046875 0.66015625
0 0.52109375 0.62890625 0.49765625 0.62890625 0.49765625 0.64765625 0.52109375 0.64765625 0.52109375 0.62890625
0 0.55703125 0.54609375 0.53046875 0.54609375 0.53046875 0.56484375 0.55703125 0.56484375 0.55703125 0.54609375
0 0.696875 0.5171875 0.678125 0.5171875 0.678125 0.53125 0.696875 0.53125 0.696875 0.5171875
0 0.68828125 0.49296875 0.64921875 0.49296875 0.64921875 0.50859375 0.68828125 0.50859375 0.68828125 0.49296875
0 0.39140625 0.4671875 0.36484375 0.4671875 0.36484375 0.503125 0.39140625 0.503125 0.39140625 0.4671875