0 0.58046875 0.7109375 0.56171875 0.7109375 0.56171875 0.7265625 0.58046875 0.7265625 0.58046875 0.7109375
0 0.54296875 0.8421875 0.49921875 0.8421875 0.49921875 0.8796875 0.54296875 0.8796875 0.54296875 0.8421875
0 0.41015625 0.6734375 0.38203125 0.6734375 0.38203125 0.6921875 0.41015625 0.6921875 0.41015625 0.6734375
0 0.57734375 0.58671875 0.55703125 0.58671875 0.55703125 0.60078125 0.57734375 0.60078125 0.57734375 0.58671875
0 0.54140625 0.57265625 0.51328125 0.57265625 0.51328125 0.60390625 0.54140625 0.60390625 0.54140625 0.57265625
0 0.37578125 0.4859375 0.35078125 0.4859375 0.35078125 0.5078125 0.37578125 0.5078125 0.37578125 0.4859375
0 0.48671875 0.5875 0.46328125 0.5875 0.46328125 0.6171875 0.48671875 0.6171875 0.48671875 0.5875
0 0.49921875 0.70546875 0.46015625 0.70546875 0.46015625 0.72890625 0.49921875 0.72890625 0.49921875 0.70546875
0 0.5046875 0.62421875 0.4875 0.62421875 0.4875 0.64453125 0.5046875 0.64453125 0.5046875 0.62421875
0 0.80703125 0.36796875 0.78671875 0.36796875 0.78671875 0.39140625 0.80703125 0.39140625 0.80703125 0.36796875
0 0.79296875 0.321875 0.77265625 0.321875 0.77265625 0.3515625 0.79296875 0.3515625 0.79296875 0.321875