0 0.4125 0.37890625 0.3859375 0.37890625 0.3859375 0.40234375 0.4125 0.40234375 0.4125 0.37890625
0 0.41484375 0.35703125 0.40078125 0.35703125 0.40078125 0.36796875 0.41484375 0.36796875 0.41484375 0.35703125
1 0.58984375 0.49453125 0.46796875 0.49453125 0.46796875 0.52890625 0.58984375 0.52890625 0.58984375 0.49453125
1 0.3609375 0.49453125 0.2515625 0.49453125 0.2515625 0.52890625 0.3609375 0.52890625 0.3609375 0.49453125
0 0.509375 0.74453125 0.490625 0.74453125 0.490625 0.75859375 0.509375 0.75859375 0.509375 0.74453125
0 0.54765625 0.6734375 0.53828125 0.6734375 0.53828125 0.6828125 0.54765625 0.6828125 0.54765625 0.6734375
0 0.56640625 0.67578125 0.55078125 0.67578125 0.55078125 0.68828125 0.56640625 0.68828125 0.56640625 0.67578125
0 0.5890625 0.66484375 0.5765625 0.66484375 0.5765625 0.67734375 0.5890625 0.67734375 0.5890625 0.66484375
0 0.55546875 0.5578125 0.54296875 0.5578125 0.54296875 0.56875 0.55546875 0.56875 0.55546875 0.5578125
0 0.5875 0.546875 0.5765625 0.546875 0.5765625 0.559375 0.5875 0.559375 0.5875 0.546875
0 0.61796875 0.53515625 0.59453125 0.53515625 0.59453125 0.55390625 0.61796875 0.55390625 0.61796875 0.53515625
0 0.60234375 0.5609375 0.58671875 0.5609375 0.58671875 0.5890625 0.60234375 0.5890625 0.60234375 0.5609375
0 0.28046875 0.63046875 0.26796875 0.63046875 0.26796875 0.64140625 0.28046875 0.64140625 0.28046875 0.63046875
0 0.39453125 0.73671875 0.37578125 0.73671875 0.37578125 0.75234375 0.39453125 0.75234375 0.39453125 0.73671875
0 0.33359375 0.6875 0.31796875 0.6875 0.31796875 0.703125 0.33359375 0.703125 0.33359375 0.6875
0 0.4375 0.3984375 0.4203125 0.3984375 0.4203125 0.4078125 0.4375 0.4078125 0.4375 0.3984375
0 0.3984375 0.428125 0.38125 0.428125 0.38125 0.4421875 0.3984375 0.4421875 0.3984375 0.428125
0 0.39921875 0.40625 0.38671875 0.40625 0.38671875 0.4125 0.39921875 0.4125 0.39921875 0.40625
0 0.38203125 0.39140625 0.36171875 0.39140625 0.36171875 0.40703125 0.38203125 0.40703125 0.38203125 0.39140625
0 0.24140625 0.53359375 0.23046875 0.53359375 0.23046875 0.54765625 0.24140625 0.54765625 0.24140625 0.53359375
0 0.3125 0.57109375 0.3 0.57109375 0.3 0.58359375 0.3125 0.58359375 0.3125 0.57109375
0 0.27578125 0.565625 0.25390625 0.565625 0.25390625 0.578125 0.27578125 0.578125 0.27578125 0.565625
0 0.2421875 0.59609375 0.228125 0.59609375 0.228125 0.61171875 0.2421875 0.61171875 0.2421875 0.59609375
0 0.2578125 0.6328125 0.2421875 0.6328125 0.2421875 0.6453125 0.2578125 0.6453125 0.2578125 0.6328125
0 0.47109375 0.7234375 0.44609375 0.7234375 0.44609375 0.7390625 0.47109375 0.7390625 0.47109375 0.7234375
0 0.5828125 0.6125 0.5421875 0.6125 0.5421875 0.640625 0.5828125 0.640625 0.5828125 0.6125
0 0.58046875 0.64375 0.54921875 0.64375 0.54921875 0.6625 0.58046875 0.6625 0.58046875 0.64375
0 0.57890625 0.58359375 0.53984375 0.58359375 0.53984375 0.60390625 0.57890625 0.60390625 0.57890625 0.58359375
0 0.6234375 0.56015625 0.6078125 0.56015625 0.6078125 0.58359375 0.6234375 0.58359375 0.6234375 0.56015625