0 0.4796875 0.7359375 0.45625 0.7359375 0.45625 0.753125 0.4796875 0.753125 0.4796875 0.7359375
0 0.559375 0.70546875 0.528125 0.70546875 0.528125 0.72578125 0.559375 0.72578125 0.559375 0.70546875
0 0.53828125 0.634375 0.52265625 0.634375 0.52265625 0.646875 0.53828125 0.646875 0.53828125 0.634375
0 0.51171875 0.47890625 0.48984375 0.47890625 0.48984375 0.50078125 0.51171875 0.50078125 0.51171875 0.47890625
0 0.571875 0.57578125 0.55625 0.57578125 0.55625 0.59609375 0.571875 0.59609375 0.571875 0.57578125
0 0.553125 0.60390625 0.5328125 0.60390625 0.5328125 0.61953125 0.553125 0.61953125 0.553125 0.60390625
0 0.44375 0.59296875 0.428125 0.59296875 0.428125 0.60390625 0.44375 0.60390625 0.44375 0.59296875
0 0.24921875 0.6515625 0.23359375 0.6515625 0.23359375 0.6625 0.24921875 0.6625 0.24921875 0.6515625
0 0.21015625 0.540625 0.19296875 0.540625 0.19296875 0.5578125 0.21015625 0.5578125 0.21015625 0.540625
0 0.23671875 0.50234375 0.22578125 0.50234375 0.22578125 0.51796875 0.23671875 0.51796875 0.23671875 0.50234375
0 0.48984375 0.82421875 0.46640625 0.82421875 0.46640625 0.83828125 0.48984375 0.83828125 0.48984375 0.82421875
0 0.49140625 0.7921875 0.46953125 0.7921875 0.46953125 0.80625 0.49140625 0.80625 0.49140625 0.7921875
0 0.3609375 0.8328125 0.3453125 0.8328125 0.3453125 0.8453125 0.3609375 0.8453125 0.3609375 0.8328125
0 0.45078125 0.83828125 0.43203125 0.83828125 0.43203125 0.85234375 0.45078125 0.85234375 0.45078125 0.83828125
0 0.24296875 0.74375 0.23046875 0.74375 0.23046875 0.753125 0.24296875 0.753125 0.24296875 0.74375
0 0.24375 0.71484375 0.23125 0.71484375 0.23125 0.72578125 0.24375 0.72578125 0.24375 0.71484375
0 0.46015625 0.5375 0.44921875 0.5375 0.44921875 0.5484375 0.46015625 0.5484375 0.46015625 0.5375
0 0.47109375 0.56171875 0.45703125 0.56171875 0.45703125 0.57265625 0.47109375 0.57265625 0.47109375 0.56171875
0 0.4703125 0.59453125 0.459375 0.59453125 0.459375 0.60234375 0.4703125 0.60234375 0.4703125 0.59453125
0 0.50546875 0.6203125 0.43203125 0.6203125 0.43203125 0.6484375 0.50546875 0.6484375 0.50546875 0.6203125
0 0.48828125 0.66484375 0.46953125 0.66484375 0.46953125 0.68046875 0.48828125 0.68046875 0.48828125 0.66484375
0 0.459375 0.67265625 0.434375 0.67265625 0.434375 0.68515625 0.459375 0.68515625 0.459375 0.67265625
0 0.50703125 0.7375 0.48984375 0.7375 0.48984375 0.75 0.50703125 0.75 0.50703125 0.7375
0 0.5125 0.80625 0.496875 0.80625 0.496875 0.821875 0.5125 0.821875 0.5125 0.80625
0 0.5375 0.6671875 0.5171875 0.6671875 0.5171875 0.6796875 0.5375 0.6796875 0.5375 0.6671875
0 0.60859375 0.6265625 0.57890625 0.6265625 0.57890625 0.6515625 0.60859375 0.6515625 0.60859375 0.6265625
0 0.51640625 0.5984375 0.49609375 0.5984375 0.49609375 0.6125 0.51640625 0.6125 0.51640625 0.5984375
0 0.51875 0.56484375 0.4953125 0.56484375 0.4953125 0.58203125 0.51875 0.58203125 0.51875 0.56484375
0 0.5734375 0.63125 0.5515625 0.63125 0.5515625 0.646875 0.5734375 0.646875 0.5734375 0.63125
0 0.57734375 0.60625 0.55703125 0.60625 0.55703125 0.6203125 0.57734375 0.6203125 0.57734375 0.60625