1 0.4515625 0.5046875 0.2921875 0.5046875 0.2921875 0.56875 0.4515625 0.56875 0.4515625 0.5046875
1 0.74765625 0.50390625 0.59453125 0.50390625 0.59453125 0.57109375 0.74765625 0.57109375 0.74765625 0.50390625
0 0.5515625 0.6078125 0.525 0.6078125 0.525 0.628125 0.5515625 0.628125 0.5515625 0.6078125
0 0.528125 0.634375 0.48125 0.634375 0.48125 0.6578125 0.528125 0.6578125 0.528125 0.634375
0 0.67265625 0.58671875 0.63203125 0.58671875 0.63203125 0.60859375 0.67265625 0.60859375 0.67265625 0.58671875
0 0.65859375 0.82578125 0.63828125 0.82578125 0.63828125 0.83984375 0.65859375 0.83984375 0.65859375 0.82578125
0 0.396875 0.771875 0.3703125 0.771875 0.3703125 0.784375 0.396875 0.784375 0.396875 0.771875
0 0.5546875 0.83046875 0.534375 0.83046875 0.534375 0.84140625 0.5546875 0.84140625 0.5546875 0.83046875
0 0.5078125 0.83984375 0.484375 0.83984375 0.484375 0.85546875 0.5078125 0.85546875 0.5078125 0.83984375
0 0.5546875 0.865625 0.53125 0.865625 0.53125 0.8765625 0.5546875 0.8765625 0.5546875 0.865625
0 0.66328125 0.80390625 0.64453125 0.80390625 0.64453125 0.82109375 0.66328125 0.82109375 0.66328125 0.80390625
0 0.66328125 0.76796875 0.62890625 0.76796875 0.62890625 0.80390625 0.66328125 0.80390625 0.66328125 0.76796875
0 0.6 0.38671875 0.58125 0.38671875 0.58125 0.39921875 0.6 0.39921875 0.6 0.38671875
0 0.4484375 0.41875 0.434375 0.41875 0.434375 0.434375 0.4484375 0.434375 0.4484375 0.41875
0 0.70859375 0.3578125 0.58828125 0.3578125 0.58828125 0.3765625 0.70859375 0.3765625 0.70859375 0.3578125
6 0.29609375 0.63359375 0.28046875 0.63359375 0.28046875 0.64921875 0.29609375 0.64921875 0.29609375 0.63359375