0 0.4234375 0.36796875 0.371875 0.36796875 0.371875 0.40703125 0.4234375 0.40703125 0.4234375 0.36796875
0 0.33671875 0.3703125 0.29140625 0.3703125 0.29140625 0.4109375 0.33671875 0.4109375 0.33671875 0.3703125
0 0.41875 0.40703125 0.365625 0.40703125 0.365625 0.46015625 0.41875 0.46015625 0.41875 0.40703125
0 0.60859375 0.45859375 0.56796875 0.45859375 0.56796875 0.49296875 0.60859375 0.49296875 0.60859375 0.45859375
0 0.3484375 0.45625 0.3125 0.45625 0.3125 0.496875 0.3484375 0.496875 0.3484375 0.45625
0 0.571875 0.71015625 0.5359375 0.71015625 0.5359375 0.74609375 0.571875 0.74609375 0.571875 0.71015625
0 0.2953125 0.05546875 0.2640625 0.05546875 0.2640625 0.10859375 0.2953125 0.10859375 0.2953125 0.05546875
0 0.36484375 0.0734375 0.31953125 0.0734375 0.31953125 0.1140625 0.36484375 0.1140625 0.36484375 0.0734375
0 0.56015625 0.1015625 0.52578125 0.1015625 0.52578125 0.1421875 0.56015625 0.1421875 0.56015625 0.1015625
0 0.41328125 0.16015625 0.36015625 0.16015625 0.36015625 0.20078125 0.41328125 0.20078125 0.41328125 0.16015625
0 0.3609375 0.16328125 0.3171875 0.16328125 0.3171875 0.21015625 0.3609375 0.21015625 0.3609375 0.16328125
0 0.41640625 0.203125 0.35546875 0.203125 0.35546875 0.259375 0.41640625 0.259375 0.41640625 0.203125
0 0.67578125 0.228125 0.63984375 0.228125 0.63984375 0.271875 0.67578125 0.271875 0.67578125 0.228125
0 0.5265625 0.24921875 0.4734375 0.24921875 0.4734375 0.31484375 0.5265625 0.31484375 0.5265625 0.24921875