0 0.29921875 0.44609375 0.27890625 0.44609375 0.27890625 0.46171875 0.29921875 0.46171875 0.29921875 0.44609375
0 0.3296875 0.446875 0.3 0.446875 0.3 0.4625 0.3296875 0.4625 0.3296875 0.446875
0 0.325 0.4671875 0.3015625 0.4671875 0.3015625 0.484375 0.325 0.484375 0.325 0.4671875
0 0.3640625 0.46640625 0.34375 0.46640625 0.34375 0.47734375 0.3640625 0.47734375 0.3640625 0.46640625
0 0.4359375 0.36328125 0.4171875 0.36328125 0.4171875 0.37734375 0.4359375 0.37734375 0.4359375 0.36328125
0 0.3140625 0.40234375 0.2921875 0.40234375 0.2921875 0.41640625 0.3140625 0.41640625 0.3140625 0.40234375
0 0.51953125 0.3625 0.50703125 0.3625 0.50703125 0.3703125 0.51953125 0.3703125 0.51953125 0.3625
0 0.56953125 0.384375 0.55390625 0.384375 0.55390625 0.4 0.56953125 0.4 0.56953125 0.384375
0 0.6453125 0.4375 0.6296875 0.4375 0.6296875 0.4515625 0.6453125 0.4515625 0.6453125 0.4375
0 0.61484375 0.4515625 0.59140625 0.4515625 0.59140625 0.4671875 0.61484375 0.4671875 0.61484375 0.4515625
0 0.6734375 0.48125 0.6265625 0.48125 0.6265625 0.50625 0.6734375 0.50625 0.6734375 0.48125
0 0.65 0.53671875 0.6296875 0.53671875 0.6296875 0.54765625 0.65 0.54765625 0.65 0.53671875
0 0.7015625 0.51875 0.646875 0.51875 0.646875 0.559375 0.7015625 0.559375 0.7015625 0.51875
0 0.70625 0.6453125 0.690625 0.6453125 0.690625 0.6703125 0.70625 0.6703125 0.70625 0.6453125
0 0.70390625 0.7015625 0.67578125 0.7015625 0.67578125 0.753125 0.70390625 0.753125 0.70390625 0.7015625
0 0.59296875 0.70234375 0.55859375 0.70234375 0.55859375 0.72890625 0.59296875 0.72890625 0.59296875 0.70234375
0 0.54140625 0.6765625 0.51796875 0.6765625 0.51796875 0.7015625 0.54140625 0.7015625 0.54140625 0.6765625
0 0.50859375 0.61328125 0.48203125 0.61328125 0.48203125 0.64921875 0.50859375 0.64921875 0.50859375 0.61328125
0 0.659375 0.59296875 0.575 0.59296875 0.575 0.64296875 0.659375 0.64296875 0.659375 0.59296875
0 0.63203125 0.63984375 0.60703125 0.63984375 0.60703125 0.66015625 0.63203125 0.66015625 0.63203125 0.63984375
0 0.675 0.678125 0.65 0.678125 0.65 0.70625 0.675 0.70625 0.675 0.678125
0 0.64453125 0.66640625 0.62109375 0.66640625 0.62109375 0.69453125 0.64453125 0.69453125 0.64453125 0.66640625
0 0.615625 0.6609375 0.5875 0.6609375 0.5875 0.6828125 0.615625 0.6828125 0.615625 0.6609375
0 0.69453125 0.5921875 0.67578125 0.5921875 0.67578125 0.6125 0.69453125 0.6125 0.69453125 0.5921875
0 0.275 0.6515625 0.25625 0.6515625 0.25625 0.6734375 0.275 0.6734375 0.275 0.6515625
0 0.26484375 0.68125 0.24921875 0.68125 0.24921875 0.696875 0.26484375 0.696875 0.26484375 0.68125
0 0.553125 0.809375 0.5171875 0.809375 0.5171875 0.8375 0.553125 0.8375 0.553125 0.809375
0 0.43203125 0.71953125 0.41484375 0.71953125 0.41484375 0.73359375 0.43203125 0.73359375 0.43203125 0.71953125
0 0.74140625 0.825 0.72578125 0.825 0.72578125 0.846875 0.74140625 0.846875 0.74140625 0.825
0 0.63984375 0.81953125 0.61796875 0.81953125 0.61796875 0.83046875 0.63984375 0.83046875 0.63984375 0.81953125
0 0.6234375 0.846875 0.6046875 0.846875 0.6046875 0.8578125 0.6234375 0.8578125 0.6234375 0.846875
0 0.5453125 0.6421875 0.528125 0.6421875 0.528125 0.6609375 0.5453125 0.6609375 0.5453125 0.6421875
0 0.4703125 0.7609375 0.4484375 0.7609375 0.4484375 0.78125 0.4703125 0.78125 0.4703125 0.7609375
0 0.53359375 0.6171875 0.51328125 0.6171875 0.51328125 0.6328125 0.53359375 0.6328125 0.53359375 0.6171875
0 0.56796875 0.659375 0.54609375 0.659375 0.54609375 0.6875 0.56796875 0.6875 0.56796875 0.659375