0 0.41796875 0.415625 0.39140625 0.415625 0.39140625 0.434375 0.41796875 0.434375 0.41796875 0.415625
0 0.5015625 0.36328125 0.4859375 0.36328125 0.4859375 0.37578125 0.5015625 0.37578125 0.5015625 0.36328125
0 0.625 0.365625 0.609375 0.365625 0.609375 0.3765625 0.625 0.3765625 0.625 0.365625
0 0.63671875 0.40703125 0.61640625 0.40703125 0.61640625 0.41953125 0.63671875 0.41953125 0.63671875 0.40703125
0 0.67109375 0.43515625 0.64609375 0.43515625 0.64609375 0.45078125 0.67109375 0.45078125 0.67109375 0.43515625
0 0.64453125 0.6921875 0.61796875 0.6921875 0.61796875 0.709375 0.64453125 0.709375 0.64453125 0.6921875
0 0.51484375 0.79296875 0.47578125 0.79296875 0.47578125 0.81796875 0.51484375 0.81796875 0.51484375 0.79296875
0 0.5625 0.60859375 0.5359375 0.60859375 0.5359375 0.62578125 0.5625 0.62578125 0.5625 0.60859375
0 0.54765625 0.64375 0.53515625 0.64375 0.53515625 0.6546875 0.54765625 0.6546875 0.54765625 0.64375
0 0.51484375 0.66171875 0.50546875 0.66171875 0.50546875 0.66953125 0.51484375 0.66953125 0.51484375 0.66171875
0 0.5328125 0.73515625 0.509375 0.73515625 0.509375 0.75390625 0.5328125 0.75390625 0.5328125 0.73515625
0 0.35234375 0.5828125 0.33203125 0.5828125 0.33203125 0.596875 0.35234375 0.596875 0.35234375 0.5828125
0 0.3859375 0.56875 0.3671875 0.56875 0.3671875 0.584375 0.3859375 0.584375 0.3859375 0.56875
0 0.35703125 0.615625 0.33359375 0.615625 0.33359375 0.6390625 0.35703125 0.6390625 0.35703125 0.615625
0 0.421875 0.584375 0.4015625 0.584375 0.4015625 0.6109375 0.421875 0.6109375 0.421875 0.584375
0 0.396875 0.5890625 0.371875 0.5890625 0.371875 0.6171875 0.396875 0.6171875 0.396875 0.5890625
0 0.39140625 0.63046875 0.38046875 0.63046875 0.38046875 0.64609375 0.39140625 0.64609375 0.39140625 0.63046875
0 0.37421875 0.63203125 0.35078125 0.63203125 0.35078125 0.66171875 0.37421875 0.66171875 0.37421875 0.63203125
0 0.35234375 0.6640625 0.32578125 0.6640625 0.32578125 0.6859375 0.35234375 0.6859375 0.35234375 0.6640625
0 0.37578125 0.66328125 0.35234375 0.66328125 0.35234375 0.69140625 0.37578125 0.69140625 0.37578125 0.66328125
0 0.4671875 0.65546875 0.4359375 0.65546875 0.4359375 0.67109375 0.4671875 0.67109375 0.4671875 0.65546875
0 0.42265625 0.62109375 0.38984375 0.62109375 0.38984375 0.67578125 0.42265625 0.67578125 0.42265625 0.62109375
0 0.459375 0.72421875 0.4328125 0.72421875 0.4328125 0.74765625 0.459375 0.74765625 0.459375 0.72421875
0 0.5125 0.68515625 0.4734375 0.68515625 0.4734375 0.71015625 0.5125 0.71015625 0.5125 0.68515625
0 0.496875 0.7125 0.4671875 0.7125 0.4671875 0.7421875 0.496875 0.7421875 0.496875 0.7125
0 0.50859375 0.5890625 0.49296875 0.5890625 0.49296875 0.6 0.50859375 0.6 0.50859375 0.5890625
0 0.4890625 0.57578125 0.4765625 0.57578125 0.4765625 0.58828125 0.4890625 0.58828125 0.4890625 0.57578125
0 0.4953125 0.625 0.465625 0.625 0.465625 0.646875 0.4953125 0.646875 0.4953125 0.625
0 0.44765625 0.62578125 0.43203125 0.62578125 0.43203125 0.63984375 0.44765625 0.63984375 0.44765625 0.62578125
0 0.44765625 0.59140625 0.42578125 0.59140625 0.42578125 0.60859375 0.44765625 0.60859375 0.44765625 0.59140625
0 0.4125 0.70625 0.390625 0.70625 0.390625 0.7265625 0.4125 0.7265625 0.4125 0.70625
0 0.46328125 0.6796875 0.44765625 0.6796875 0.44765625 0.6953125 0.46328125 0.6953125 0.46328125 0.6796875
0 0.34296875 0.68671875 0.32734375 0.68671875 0.32734375 0.70234375 0.34296875 0.70234375 0.34296875 0.68671875
0 0.5734375 0.35625 0.5578125 0.35625 0.5578125 0.36875 0.5734375 0.36875 0.5734375 0.35625
0 0.60234375 0.35390625 0.58671875 0.35390625 0.58671875 0.36171875 0.60234375 0.36171875 0.60234375 0.35390625
0 0.73046875 0.36875 0.71796875 0.36875 0.71796875 0.38125 0.73046875 0.38125 0.73046875 0.36875
0 0.79453125 0.625 0.78203125 0.625 0.78203125 0.6421875 0.79453125 0.6421875 0.79453125 0.625
0 0.4453125 0.78125 0.4109375 0.78125 0.4109375 0.8015625 0.4453125 0.8015625 0.4453125 0.78125