0 0.63828125 0.56796875 0.55859375 0.56796875 0.55859375 0.61171875 0.63828125 0.61171875 0.63828125 0.56796875
0 0.71875 0.52890625 0.6328125 0.52890625 0.6328125 0.57421875 0.71875 0.57421875 0.71875 0.52890625
0 0.70234375 0.6015625 0.58359375 0.6015625 0.58359375 0.64375 0.70234375 0.64375 0.70234375 0.6015625
0 0.6078125 0.6515625 0.5734375 0.6515625 0.5734375 0.675 0.6078125 0.675 0.6078125 0.6515625
0 0.6640625 0.65625 0.6453125 0.65625 0.6453125 0.665625 0.6640625 0.665625 0.6640625 0.65625
0 0.64765625 0.68828125 0.59609375 0.68828125 0.59609375 0.73203125 0.64765625 0.73203125 0.64765625 0.68828125
0 0.5859375 0.7421875 0.5234375 0.7421875 0.5234375 0.778125 0.5859375 0.778125 0.5859375 0.7421875
0 0.50078125 0.74765625 0.45546875 0.74765625 0.45546875 0.78984375 0.50078125 0.78984375 0.50078125 0.74765625
0 0.37265625 0.5546875 0.31484375 0.5546875 0.31484375 0.5859375 0.37265625 0.5859375 0.37265625 0.5546875
0 0.3703125 0.61015625 0.3078125 0.61015625 0.3078125 0.63828125 0.3703125 0.63828125 0.3703125 0.61015625
0 0.3125 0.5359375 0.2734375 0.5359375 0.2734375 0.6046875 0.3125 0.6046875 0.3125 0.5359375
0 0.26796875 0.5265625 0.23515625 0.5265625 0.23515625 0.5765625 0.26796875 0.5765625 0.26796875 0.5265625
0 0.2875 0.6046875 0.2578125 0.6046875 0.2578125 0.640625 0.2875 0.640625 0.2875 0.6046875
0 0.3921875 0.584375 0.315625 0.584375 0.315625 0.6125 0.3921875 0.6125 0.3921875 0.584375
0 0.26953125 0.44765625 0.24296875 0.44765625 0.24296875 0.48828125 0.26953125 0.48828125 0.26953125 0.44765625
0 0.271875 0.4 0.253125 0.4 0.253125 0.4359375 0.271875 0.4359375 0.271875 0.4
0 0.40234375 0.3890625 0.38359375 0.3890625 0.38359375 0.4109375 0.40234375 0.4109375 0.40234375 0.3890625
0 0.46015625 0.39453125 0.40859375 0.39453125 0.40859375 0.42890625 0.46015625 0.42890625 0.46015625 0.39453125
0 0.565625 0.396875 0.478125 0.396875 0.478125 0.428125 0.565625 0.428125 0.565625 0.396875
0 0.51171875 0.43515625 0.45703125 0.43515625 0.45703125 0.46640625 0.51171875 0.46640625 0.51171875 0.43515625
0 0.50234375 0.35234375 0.47734375 0.35234375 0.47734375 0.36953125 0.50234375 0.36953125 0.50234375 0.35234375
0 0.55625 0.5265625 0.528125 0.5265625 0.528125 0.5640625 0.55625 0.5640625 0.55625 0.5265625
0 0.428125 0.52421875 0.3984375 0.52421875 0.3984375 0.55546875 0.428125 0.55546875 0.428125 0.52421875
0 0.3421875 0.53125 0.321875 0.53125 0.321875 0.5484375 0.3421875 0.5484375 0.3421875 0.53125
0 0.50625 0.54765625 0.4859375 0.54765625 0.4859375 0.55546875 0.50625 0.55546875 0.50625 0.54765625
0 0.48203125 0.55234375 0.46328125 0.55234375 0.46328125 0.57734375 0.48203125 0.57734375 0.48203125 0.55234375
0 0.45703125 0.56015625 0.43515625 0.56015625 0.43515625 0.60078125 0.45703125 0.60078125 0.45703125 0.56015625
0 0.50078125 0.590625 0.47421875 0.590625 0.47421875 0.60625 0.50078125 0.60625 0.50078125 0.590625
0 0.53203125 0.56171875 0.48671875 0.56171875 0.48671875 0.59296875 0.53203125 0.59296875 0.53203125 0.56171875
0 0.4203125 0.746875 0.3890625 0.746875 0.3890625 0.7640625 0.4203125 0.7640625 0.4203125 0.746875
0 0.43046875 0.76171875 0.41015625 0.76171875 0.41015625 0.77734375 0.43046875 0.77734375 0.43046875 0.76171875
0 0.40078125 0.69921875 0.34765625 0.69921875 0.34765625 0.73046875 0.40078125 0.73046875 0.40078125 0.69921875
0 0.33828125 0.65546875 0.29921875 0.65546875 0.29921875 0.69140625 0.33828125 0.69140625 0.33828125 0.65546875
0 0.36640625 0.65390625 0.35078125 0.65390625 0.35078125 0.66953125 0.36640625 0.66953125 0.36640625 0.65390625