0 0.5640625 0.3671875 0.5390625 0.3671875 0.5390625 0.3875 0.5640625 0.3875 0.5640625 0.3671875
0 0.61875 0.37578125 0.5796875 0.37578125 0.5796875 0.42890625 0.61875 0.42890625 0.61875 0.37578125
0 0.709375 0.39453125 0.6296875 0.39453125 0.6296875 0.43515625 0.709375 0.43515625 0.709375 0.39453125
0 0.39765625 0.3734375 0.35703125 0.3734375 0.35703125 0.4109375 0.39765625 0.4109375 0.39765625 0.3734375
0 0.3921875 0.42890625 0.3640625 0.42890625 0.3640625 0.44453125 0.3921875 0.44453125 0.3921875 0.42890625
0 0.34609375 0.4453125 0.33203125 0.4453125 0.33203125 0.4578125 0.34609375 0.4578125 0.34609375 0.4453125
0 0.57890625 0.509375 0.53984375 0.509375 0.53984375 0.540625 0.57890625 0.540625 0.57890625 0.509375
0 0.515625 0.5328125 0.4625 0.5328125 0.4625 0.553125 0.515625 0.553125 0.515625 0.5328125
0 0.52578125 0.565625 0.45234375 0.565625 0.45234375 0.6203125 0.52578125 0.6203125 0.52578125 0.565625
0 0.3765625 0.44921875 0.3640625 0.44921875 0.3640625 0.46171875 0.3765625 0.46171875 0.3765625 0.44921875
0 0.35234375 0.5015625 0.32421875 0.5015625 0.32421875 0.5328125 0.35234375 0.5328125 0.35234375 0.5015625
0 0.4078125 0.50703125 0.3609375 0.50703125 0.3609375 0.54609375 0.4078125 0.54609375 0.4078125 0.50703125
0 0.45625 0.52578125 0.4125 0.52578125 0.4125 0.57890625 0.45625 0.57890625 0.45625 0.52578125
0 0.42890625 0.61953125 0.39609375 0.61953125 0.39609375 0.64921875 0.42890625 0.64921875 0.42890625 0.61953125
0 0.41796875 0.559375 0.34765625 0.559375 0.34765625 0.60625 0.41796875 0.60625 0.41796875 0.559375
0 0.47109375 0.62578125 0.44140625 0.62578125 0.44140625 0.65546875 0.47109375 0.65546875 0.47109375 0.62578125
0 0.4390625 0.67109375 0.4109375 0.67109375 0.4109375 0.69921875 0.4390625 0.69921875 0.4390625 0.67109375
0 0.49765625 0.69921875 0.47421875 0.69921875 0.47421875 0.71640625 0.49765625 0.71640625 0.49765625 0.69921875
0 0.51875 0.73515625 0.49375 0.73515625 0.49375 0.75078125 0.51875 0.75078125 0.51875 0.73515625
0 0.60703125 0.728125 0.59140625 0.728125 0.59140625 0.74375 0.60703125 0.74375 0.60703125 0.728125
0 0.59296875 0.76328125 0.56328125 0.76328125 0.56328125 0.78203125 0.59296875 0.78203125 0.59296875 0.76328125
0 0.6140625 0.74140625 0.59375 0.74140625 0.59375 0.75703125 0.6140625 0.75703125 0.6140625 0.74140625
0 0.68671875 0.696875 0.63984375 0.696875 0.63984375 0.728125 0.68671875 0.728125 0.68671875 0.696875
0 0.7234375 0.55390625 0.671875 0.55390625 0.671875 0.60546875 0.7234375 0.60546875 0.7234375 0.55390625
0 0.61953125 0.5296875 0.59453125 0.5296875 0.59453125 0.5578125 0.61953125 0.5578125 0.61953125 0.5296875
0 0.74453125 0.56484375 0.71796875 0.56484375 0.71796875 0.60390625 0.74453125 0.60390625 0.74453125 0.56484375
0 0.6515625 0.34296875 0.6359375 0.34296875 0.6359375 0.35703125 0.6515625 0.35703125 0.6515625 0.34296875
0 0.48515625 0.5109375 0.46484375 0.5109375 0.46484375 0.53125 0.48515625 0.53125 0.48515625 0.5109375
0 0.4609375 0.66484375 0.4453125 0.66484375 0.4453125 0.67890625 0.4609375 0.67890625 0.4609375 0.66484375
0 0.346875 0.54453125 0.334375 0.54453125 0.334375 0.56953125 0.346875 0.56953125 0.346875 0.54453125