0 0.5140625 0.55546875 0.4921875 0.55546875 0.4921875 0.56953125 0.5140625 0.56953125 0.5140625 0.55546875
0 0.47734375 0.56328125 0.44296875 0.56328125 0.44296875 0.57578125 0.47734375 0.57578125 0.47734375 0.56328125
0 0.45625 0.51171875 0.428125 0.51171875 0.428125 0.53984375 0.45625 0.53984375 0.45625 0.51171875
0 0.521875 0.48125 0.43125 0.48125 0.43125 0.51875 0.521875 0.51875 0.521875 0.48125
0 0.42265625 0.4578125 0.38671875 0.4578125 0.38671875 0.5 0.42265625 0.5 0.42265625 0.4578125
0 0.34375 0.51484375 0.315625 0.51484375 0.315625 0.53671875 0.34375 0.53671875 0.34375 0.51484375
0 0.3703125 0.4640625 0.3296875 0.4640625 0.3296875 0.496875 0.3703125 0.496875 0.3703125 0.4640625
0 0.596875 0.39609375 0.5734375 0.39609375 0.5734375 0.42734375 0.596875 0.42734375 0.596875 0.39609375
0 0.6453125 0.4140625 0.6109375 0.4140625 0.6109375 0.4328125 0.6453125 0.4328125 0.6453125 0.4140625
0 0.6375 0.45703125 0.5546875 0.45703125 0.5546875 0.50703125 0.6375 0.50703125 0.6375 0.45703125
0 0.59453125 0.54765625 0.54296875 0.54765625 0.54296875 0.58359375 0.59453125 0.58359375 0.59453125 0.54765625
0 0.58046875 0.51953125 0.51015625 0.51953125 0.51015625 0.54765625 0.58046875 0.54765625 0.58046875 0.51953125
0 0.48984375 0.5328125 0.44140625 0.5328125 0.44140625 0.5609375 0.48984375 0.5609375 0.48984375 0.5328125
0 0.53046875 0.5875 0.49921875 0.5875 0.49921875 0.603125 0.53046875 0.603125 0.53046875 0.5875
0 0.4578125 0.6375 0.4203125 0.6375 0.4203125 0.665625 0.4578125 0.665625 0.4578125 0.6375
0 0.42421875 0.65078125 0.39296875 0.65078125 0.39296875 0.66328125 0.42421875 0.66328125 0.42421875 0.65078125
0 0.36640625 0.64609375 0.33984375 0.64609375 0.33984375 0.66640625 0.36640625 0.66640625 0.36640625 0.64609375
0 0.4046875 0.68671875 0.384375 0.68671875 0.384375 0.71640625 0.4046875 0.71640625 0.4046875 0.68671875
0 0.36796875 0.68203125 0.33046875 0.68203125 0.33046875 0.69609375 0.36796875 0.69609375 0.36796875 0.68203125
0 0.340625 0.70078125 0.325 0.70078125 0.325 0.71484375 0.340625 0.71484375 0.340625 0.70078125
0 0.50546875 0.62734375 0.48359375 0.62734375 0.48359375 0.64296875 0.50546875 0.64296875 0.50546875 0.62734375
0 0.4625 0.5796875 0.4265625 0.5796875 0.4265625 0.6 0.4625 0.6 0.4625 0.5796875
0 0.54765625 0.6453125 0.51484375 0.6453125 0.51484375 0.665625 0.54765625 0.665625 0.54765625 0.6453125
0 0.2796875 0.4875 0.2203125 0.4875 0.2203125 0.5046875 0.2796875 0.5046875 0.2796875 0.4875
0 0.2296875 0.47265625 0.2078125 0.47265625 0.2078125 0.53359375 0.2296875 0.53359375 0.2296875 0.47265625
0 0.26328125 0.534375 0.23984375 0.534375 0.23984375 0.56875 0.26328125 0.56875 0.26328125 0.534375
0 0.28984375 0.63828125 0.26796875 0.63828125 0.26796875 0.65078125 0.28984375 0.65078125 0.28984375 0.63828125
0 0.46328125 0.690625 0.43984375 0.690625 0.43984375 0.7015625 0.46328125 0.7015625 0.46328125 0.690625
0 0.440625 0.67890625 0.415625 0.67890625 0.415625 0.68671875 0.440625 0.68671875 0.440625 0.67890625
0 0.3484375 0.36015625 0.321875 0.36015625 0.321875 0.37734375 0.3484375 0.37734375 0.3484375 0.36015625
0 0.32265625 0.3265625 0.29140625 0.3265625 0.29140625 0.346875 0.32265625 0.346875 0.32265625 0.3265625
0 0.28125 0.32734375 0.265625 0.32734375 0.265625 0.33984375 0.28125 0.33984375 0.28125 0.32734375
0 0.41875 0.32421875 0.3890625 0.32421875 0.3890625 0.34765625 0.41875 0.34765625 0.41875 0.32421875
0 0.378125 0.35234375 0.35625 0.35234375 0.35625 0.36796875 0.378125 0.36796875 0.378125 0.35234375