0 0.44921875 0.49453125 0.42421875 0.49453125 0.42421875 0.50859375 0.44921875 0.50859375 0.44921875 0.49453125
0 0.6140625 0.57734375 0.5890625 0.57734375 0.5890625 0.60390625 0.6140625 0.60390625 0.6140625 0.57734375
0 0.34296875 0.5203125 0.26484375 0.5203125 0.26484375 0.5328125 0.34296875 0.5328125 0.34296875 0.5203125
0 0.2390625 0.51875 0.2125 0.51875 0.2125 0.5265625 0.2390625 0.5265625 0.2390625 0.51875
0 0.30859375 0.56875 0.27734375 0.56875 0.27734375 0.584375 0.30859375 0.584375 0.30859375 0.56875
0 0.2109375 0.57734375 0.1734375 0.57734375 0.1734375 0.61171875 0.2109375 0.61171875 0.2109375 0.57734375
0 0.359375 0.675 0.340625 0.675 0.340625 0.6890625 0.359375 0.6890625 0.359375 0.675
0 0.5359375 0.67578125 0.5046875 0.67578125 0.5046875 0.68828125 0.5359375 0.68828125 0.5359375 0.67578125
0 0.7375 0.59375 0.715625 0.59375 0.715625 0.60625 0.7375 0.60625 0.7375 0.59375
0 0.6828125 0.5265625 0.65625 0.5265625 0.65625 0.5453125 0.6828125 0.5453125 0.6828125 0.5265625
0 0.56796875 0.3921875 0.52734375 0.3921875 0.52734375 0.4125 0.56796875 0.4125 0.56796875 0.3921875
0 0.5359375 0.3765625 0.515625 0.3765625 0.515625 0.3859375 0.5359375 0.3859375 0.5359375 0.3765625
0 0.51015625 0.3546875 0.48828125 0.3546875 0.48828125 0.3671875 0.51015625 0.3671875 0.51015625 0.3546875
0 0.44296875 0.38671875 0.42265625 0.38671875 0.42265625 0.39453125 0.44296875 0.39453125 0.44296875 0.38671875
0 0.35625 0.34921875 0.3375 0.34921875 0.3375 0.35546875 0.35625 0.35546875 0.35625 0.34921875
0 0.41015625 0.303125 0.39609375 0.303125 0.39609375 0.3125 0.41015625 0.3125 0.41015625 0.303125
0 0.6609375 0.321875 0.640625 0.321875 0.640625 0.33125 0.6609375 0.33125 0.6609375 0.321875
0 0.57734375 0.29609375 0.55859375 0.29609375 0.55859375 0.30546875 0.57734375 0.30546875 0.57734375 0.29609375
0 0.53515625 0.29140625 0.51171875 0.29140625 0.51171875 0.29765625 0.53515625 0.29765625 0.53515625 0.29140625
0 0.37265625 0.3625 0.35390625 0.3625 0.35390625 0.3734375 0.37265625 0.3734375 0.37265625 0.3625
0 0.33828125 0.35390625 0.30859375 0.35390625 0.30859375 0.36171875 0.33828125 0.36171875 0.33828125 0.35390625
0 0.36484375 0.3171875 0.32890625 0.3171875 0.32890625 0.3375 0.36484375 0.3375 0.36484375 0.3171875
0 0.29140625 0.30390625 0.26171875 0.30390625 0.26171875 0.31640625 0.29140625 0.31640625 0.29140625 0.30390625