0 0.4390625 0.60703125 0.4015625 0.60703125 0.4015625 0.63828125 0.4390625 0.63828125 0.4390625 0.60703125
0 0.62109375 0.61484375 0.59296875 0.61484375 0.59296875 0.63203125 0.62109375 0.63203125 0.62109375 0.61484375
0 0.50546875 0.5453125 0.47109375 0.5453125 0.47109375 0.565625 0.50546875 0.565625 0.50546875 0.5453125
0 0.540625 0.5484375 0.5171875 0.5484375 0.5171875 0.559375 0.540625 0.559375 0.540625 0.5484375
0 0.6984375 0.4984375 0.6671875 0.4984375 0.6671875 0.51875 0.6984375 0.51875 0.6984375 0.4984375
0 0.71328125 0.4609375 0.64140625 0.4609375 0.64140625 0.48125 0.71328125 0.48125 0.71328125 0.4609375
0 0.36953125 0.4078125 0.33984375 0.4078125 0.33984375 0.4171875 0.36953125 0.4171875 0.36953125 0.4078125
0 0.44453125 0.37890625 0.40859375 0.37890625 0.40859375 0.39140625 0.44453125 0.39140625 0.44453125 0.37890625
0 0.48828125 0.378125 0.44140625 0.378125 0.44140625 0.3859375 0.48828125 0.3859375 0.48828125 0.378125
0 0.42265625 0.325 0.39609375 0.325 0.39609375 0.3375 0.42265625 0.3375 0.42265625 0.325
0 0.2203125 0.39453125 0.196875 0.39453125 0.196875 0.40703125 0.2203125 0.40703125 0.2203125 0.39453125
0 0.3234375 0.534375 0.2921875 0.534375 0.2921875 0.553125 0.3234375 0.553125 0.3234375 0.534375
0 0.6046875 0.52890625 0.5765625 0.52890625 0.5765625 0.54140625 0.6046875 0.54140625 0.6046875 0.52890625
0 0.56796875 0.546875 0.54453125 0.546875 0.54453125 0.565625 0.56796875 0.565625 0.56796875 0.546875
0 0.41171875 0.725 0.36484375 0.725 0.36484375 0.740625 0.41171875 0.740625 0.41171875 0.725
0 0.49140625 0.71640625 0.46328125 0.71640625 0.46328125 0.72890625 0.49140625 0.72890625 0.49140625 0.71640625
0 0.73203125 0.5859375 0.67890625 0.5859375 0.67890625 0.5984375 0.73203125 0.5984375 0.73203125 0.5859375
0 0.82734375 0.615625 0.79609375 0.615625 0.79609375 0.634375 0.82734375 0.634375 0.82734375 0.615625
0 0.47734375 0.5703125 0.45546875 0.5703125 0.45546875 0.5828125 0.47734375 0.5828125 0.47734375 0.5703125
0 0.4046875 0.54921875 0.3765625 0.54921875 0.3765625 0.56171875 0.4046875 0.56171875 0.4046875 0.54921875
0 0.59296875 0.34296875 0.56171875 0.34296875 0.56171875 0.35390625 0.59296875 0.35390625 0.59296875 0.34296875
0 0.5109375 0.34375 0.475 0.34375 0.475 0.3640625 0.5109375 0.3640625 0.5109375 0.34375