0 0.253125 0.621875 0.2140625 0.621875 0.2140625 0.65 0.253125 0.65 0.253125 0.621875
0 0.33046875 0.559375 0.30703125 0.559375 0.30703125 0.571875 0.33046875 0.571875 0.33046875 0.559375
0 0.30234375 0.56796875 0.28046875 0.56796875 0.28046875 0.58046875 0.30234375 0.58046875 0.30234375 0.56796875
0 0.33359375 0.58046875 0.31796875 0.58046875 0.31796875 0.59296875 0.33359375 0.59296875 0.33359375 0.58046875
0 0.32578125 0.62109375 0.30390625 0.62109375 0.30390625 0.64765625 0.32578125 0.64765625 0.32578125 0.62109375
0 0.48984375 0.58046875 0.46328125 0.58046875 0.46328125 0.59609375 0.48984375 0.59609375 0.48984375 0.58046875
0 0.49375 0.55 0.4640625 0.55 0.4640625 0.5765625 0.49375 0.5765625 0.49375 0.55
0 0.62421875 0.55703125 0.60859375 0.55703125 0.60859375 0.57578125 0.62421875 0.57578125 0.62421875 0.55703125
0 0.65234375 0.59140625 0.60390625 0.59140625 0.60390625 0.60390625 0.65234375 0.60390625 0.65234375 0.59140625
0 0.4828125 0.40234375 0.4625 0.40234375 0.4625 0.41640625 0.4828125 0.41640625 0.4828125 0.40234375
0 0.39921875 0.175 0.37109375 0.175 0.37109375 0.1875 0.39921875 0.1875 0.39921875 0.175
0 0.48984375 0.3 0.46328125 0.3 0.46328125 0.3140625 0.48984375 0.3140625 0.48984375 0.3
0 0.51328125 0.26171875 0.48671875 0.26171875 0.48671875 0.27734375 0.51328125 0.27734375 0.51328125 0.26171875
0 0.50234375 0.3546875 0.47109375 0.3546875 0.47109375 0.378125 0.50234375 0.378125 0.50234375 0.3546875
0 0.559375 0.24453125 0.528125 0.24453125 0.528125 0.25703125 0.559375 0.25703125 0.559375 0.24453125
0 0.4515625 0.321875 0.4046875 0.321875 0.4046875 0.3421875 0.4515625 0.3421875 0.4515625 0.321875
0 0.28046875 0.65 0.23203125 0.65 0.23203125 0.6796875 0.28046875 0.6796875 0.28046875 0.65
0 0.2921875 0.62265625 0.26875 0.62265625 0.26875 0.64296875 0.2921875 0.64296875 0.2921875 0.62265625