0 0.46171875 0.59296875 0.43515625 0.59296875 0.43515625 0.61015625 0.46171875 0.61015625 0.46171875 0.59296875
0 0.496875 0.60546875 0.4765625 0.60546875 0.4765625 0.61171875 0.496875 0.61171875 0.496875 0.60546875
0 0.525 0.58671875 0.5046875 0.58671875 0.5046875 0.59296875 0.525 0.59296875 0.525 0.58671875
0 0.70234375 0.4625 0.63515625 0.4625 0.63515625 0.4734375 0.70234375 0.4734375 0.70234375 0.4625
0 0.265625 0.478125 0.240625 0.478125 0.240625 0.4859375 0.265625 0.4859375 0.265625 0.478125
0 0.303125 0.47578125 0.2875 0.47578125 0.2875 0.48203125 0.303125 0.48203125 0.303125 0.47578125
0 0.30546875 0.46015625 0.28828125 0.46015625 0.28828125 0.46953125 0.30546875 0.46953125 0.30546875 0.46015625
0 0.571875 0.29140625 0.5328125 0.29140625 0.5328125 0.30390625 0.571875 0.30390625 0.571875 0.29140625
0 0.51328125 0.275 0.48984375 0.275 0.48984375 0.2859375 0.51328125 0.2859375 0.51328125 0.275
0 0.49609375 0.228125 0.47421875 0.228125 0.47421875 0.24375 0.49609375 0.24375 0.49609375 0.228125
0 0.47890625 0.215625 0.46171875 0.215625 0.46171875 0.225 0.47890625 0.225 0.47890625 0.215625
0 0.45390625 0.2109375 0.41171875 0.2109375 0.41171875 0.21875 0.45390625 0.21875 0.45390625 0.2109375
0 0.4046875 0.2484375 0.3765625 0.2484375 0.3765625 0.2609375 0.4046875 0.2609375 0.4046875 0.2484375
0 0.3859375 0.26328125 0.3546875 0.26328125 0.3546875 0.27265625 0.3859375 0.27265625 0.3859375 0.26328125
0 0.37265625 0.24375 0.35703125 0.24375 0.35703125 0.2546875 0.37265625 0.2546875 0.37265625 0.24375
0 0.3484375 0.25078125 0.334375 0.25078125 0.334375 0.25703125 0.3484375 0.25703125 0.3484375 0.25078125
0 0.57265625 0.1984375 0.54140625 0.1984375 0.54140625 0.20625 0.57265625 0.20625 0.57265625 0.1984375
0 0.53359375 0.2046875 0.51484375 0.2046875 0.51484375 0.2140625 0.53359375 0.2140625 0.53359375 0.2046875
0 0.47421875 0.1796875 0.43984375 0.1796875 0.43984375 0.1890625 0.47421875 0.1890625 0.47421875 0.1796875
0 0.4140625 0.190625 0.38125 0.190625 0.38125 0.1984375 0.4140625 0.1984375 0.4140625 0.190625
0 0.325 0.28203125 0.303125 0.28203125 0.303125 0.29140625 0.325 0.29140625 0.325 0.28203125
0 0.27890625 0.28046875 0.25546875 0.28046875 0.25546875 0.28984375 0.27890625 0.28984375 0.27890625 0.28046875
0 0.3390625 0.228125 0.315625 0.228125 0.315625 0.2359375 0.3390625 0.2359375 0.3390625 0.228125
0 0.4 0.2234375 0.3640625 0.2234375 0.3640625 0.234375 0.4 0.234375 0.4 0.2234375
0 0.828125 0.29375 0.8125 0.29375 0.8125 0.3015625 0.828125 0.3015625 0.828125 0.29375
0 0.72734375 0.2859375 0.70703125 0.2859375 0.70703125 0.2921875 0.72734375 0.2921875 0.72734375 0.2859375
0 0.6921875 0.24765625 0.66875 0.24765625 0.66875 0.25546875 0.6921875 0.25546875 0.6921875 0.24765625
0 0.640625 0.2078125 0.6140625 0.2078125 0.6140625 0.21875 0.640625 0.21875 0.640625 0.2078125
0 0.6078125 0.18828125 0.575 0.18828125 0.575 0.20390625 0.6078125 0.20390625 0.6078125 0.18828125
0 0.63828125 0.1875 0.61484375 0.1875 0.61484375 0.196875 0.63828125 0.196875 0.63828125 0.1875
0 0.63671875 0.21796875 0.61796875 0.21796875 0.61796875 0.22890625 0.63671875 0.22890625 0.63671875 0.21796875
0 0.55625 0.25 0.5375 0.25 0.5375 0.2578125 0.55625 0.2578125 0.55625 0.25
0 0.5125 0.2484375 0.496875 0.2484375 0.496875 0.2609375 0.5125 0.2609375 0.5125 0.2484375
0 0.428125 0.29921875 0.403125 0.29921875 0.403125 0.30859375 0.428125 0.30859375 0.428125 0.29921875
0 0.41875 0.26640625 0.3890625 0.26640625 0.3890625 0.27890625 0.41875 0.27890625 0.41875 0.26640625
0 0.49375 0.2515625 0.465625 0.2515625 0.465625 0.2625 0.49375 0.2625 0.49375 0.2515625
0 0.44765625 0.29453125 0.43359375 0.29453125 0.43359375 0.30234375 0.44765625 0.30234375 0.44765625 0.29453125
0 0.48046875 0.3109375 0.45703125 0.3109375 0.45703125 0.325 0.48046875 0.325 0.48046875 0.3109375
0 0.515625 0.2921875 0.4921875 0.2921875 0.4921875 0.3125 0.515625 0.3125 0.515625 0.2921875
0 0.48203125 0.27421875 0.46015625 0.27421875 0.46015625 0.28359375 0.48203125 0.28359375 0.48203125 0.27421875
0 0.540625 0.23203125 0.5078125 0.23203125 0.5078125 0.23984375 0.540625 0.23984375 0.540625 0.23203125
0 0.51640625 0.21796875 0.49921875 0.21796875 0.49921875 0.22734375 0.51640625 0.22734375 0.51640625 0.21796875
0 0.49375 0.209375 0.4796875 0.209375 0.4796875 0.21875 0.49375 0.21875 0.49375 0.209375
0 0.47421875 0.19609375 0.42578125 0.19609375 0.42578125 0.20859375 0.47421875 0.20859375 0.47421875 0.19609375
0 0.39375 0.5515625 0.3671875 0.5515625 0.3671875 0.559375 0.39375 0.559375 0.39375 0.5515625
0 0.31328125 0.43515625 0.28203125 0.43515625 0.28203125 0.44765625 0.31328125 0.44765625 0.31328125 0.43515625
0 0.53671875 0.346875 0.51953125 0.346875 0.51953125 0.3546875 0.53671875 0.3546875 0.53671875 0.346875
0 0.5 0.3328125 0.4734375 0.3328125 0.4734375 0.340625 0.5 0.340625 0.5 0.3328125
0 0.475 0.36015625 0.45625 0.36015625 0.45625 0.36796875 0.475 0.36796875 0.475 0.36015625
0 0.42265625 0.19921875 0.40234375 0.19921875 0.40234375 0.21015625 0.42265625 0.21015625 0.42265625 0.19921875
0 0.50078125 0.19296875 0.48046875 0.19296875 0.48046875 0.19765625 0.50078125 0.19765625 0.50078125 0.19296875
0 0.5234375 0.275 0.5078125 0.275 0.5078125 0.2875 0.5234375 0.2875 0.5234375 0.275
0 0.596875 0.25078125 0.584375 0.25078125 0.584375 0.25859375 0.596875 0.25859375 0.596875 0.25078125
0 0.5796875 0.23515625 0.5609375 0.23515625 0.5609375 0.24453125 0.5796875 0.24453125 0.5796875 0.23515625
0 0.5421875 0.25625 0.51875 0.25625 0.51875 0.2671875 0.5421875 0.2671875 0.5421875 0.25625
0 0.334375 0.19140625 0.3140625 0.19140625 0.3140625 0.20078125 0.334375 0.20078125 0.334375 0.19140625
0 0.6828125 0.2265625 0.66875 0.2265625 0.66875 0.2359375 0.6828125 0.2359375 0.6828125 0.2265625
0 0.63359375 0.23828125 0.61484375 0.23828125 0.61484375 0.24453125 0.63359375 0.24453125 0.63359375 0.23828125