0 0.6234375 0.48984375 0.5421875 0.48984375 0.5421875 0.49765625 0.6234375 0.49765625 0.6234375 0.48984375
0 0.4015625 0.40859375 0.3796875 0.40859375 0.3796875 0.41484375 0.4015625 0.41484375 0.4015625 0.40859375
0 0.37578125 0.39296875 0.35234375 0.39296875 0.35234375 0.40234375 0.37578125 0.40234375 0.37578125 0.39296875
0 0.37890625 0.3078125 0.35234375 0.3078125 0.35234375 0.321875 0.37890625 0.321875 0.37890625 0.3078125
0 0.5625 0.2828125 0.5359375 0.2828125 0.5359375 0.29375 0.5625 0.29375 0.5625 0.2828125
0 0.48125 0.31640625 0.4546875 0.31640625 0.4546875 0.32890625 0.48125 0.32890625 0.48125 0.31640625
0 0.440625 0.30625 0.4109375 0.30625 0.4109375 0.3234375 0.440625 0.3234375 0.440625 0.30625
0 0.5328125 0.2984375 0.490625 0.2984375 0.490625 0.3125 0.5328125 0.3125 0.5328125 0.2984375
0 0.35390625 0.290625 0.29921875 0.290625 0.29921875 0.303125 0.35390625 0.303125 0.35390625 0.290625
0 0.3625 0.26484375 0.303125 0.26484375 0.303125 0.28515625 0.3625 0.28515625 0.3625 0.26484375
0 0.2984375 0.21953125 0.275 0.21953125 0.275 0.23203125 0.2984375 0.23203125 0.2984375 0.21953125
0 0.41953125 0.20546875 0.39609375 0.20546875 0.39609375 0.21484375 0.41953125 0.21484375 0.41953125 0.20546875
0 0.3828125 0.209375 0.3421875 0.209375 0.3421875 0.225 0.3828125 0.225 0.3828125 0.209375
0 0.315625 0.25078125 0.2828125 0.25078125 0.2828125 0.26484375 0.315625 0.26484375 0.315625 0.25078125
0 0.2578125 0.29453125 0.21875 0.29453125 0.21875 0.30859375 0.2578125 0.30859375 0.2578125 0.29453125
0 0.30625 0.3390625 0.2828125 0.3390625 0.2828125 0.35 0.30625 0.35 0.30625 0.3390625
0 0.43671875 0.38828125 0.41328125 0.38828125 0.41328125 0.39609375 0.43671875 0.39609375 0.43671875 0.38828125
0 0.36953125 0.36640625 0.35078125 0.36640625 0.35078125 0.37578125 0.36953125 0.37578125 0.36953125 0.36640625
0 0.334375 0.3203125 0.315625 0.3203125 0.315625 0.3296875 0.334375 0.3296875 0.334375 0.3203125
0 0.78984375 0.3 0.77109375 0.3 0.77109375 0.309375 0.78984375 0.309375 0.78984375 0.3
0 0.74375 0.28671875 0.7171875 0.28671875 0.7171875 0.29921875 0.74375 0.29921875 0.74375 0.28671875
0 0.44140625 0.22265625 0.41953125 0.22265625 0.41953125 0.23203125 0.44140625 0.23203125 0.44140625 0.22265625
0 0.378125 0.246875 0.35625 0.246875 0.35625 0.25625 0.378125 0.25625 0.378125 0.246875
0 0.33515625 0.2484375 0.31796875 0.2484375 0.31796875 0.25625 0.33515625 0.25625 0.33515625 0.2484375
0 0.2265625 0.28046875 0.20625 0.28046875 0.20625 0.28828125 0.2265625 0.28828125 0.2265625 0.28046875
0 0.659375 0.49609375 0.64375 0.49609375 0.64375 0.50390625 0.659375 0.50390625 0.659375 0.49609375
0 0.66171875 0.50859375 0.64296875 0.50859375 0.64296875 0.51484375 0.66171875 0.51484375 0.66171875 0.50859375
0 0.79609375 0.48203125 0.77265625 0.48203125 0.77265625 0.49296875 0.79609375 0.49296875 0.79609375 0.48203125
0 0.75703125 0.44765625 0.74296875 0.44765625 0.74296875 0.45390625 0.75703125 0.45390625 0.75703125 0.44765625
0 0.85234375 0.3859375 0.82578125 0.3859375 0.82578125 0.396875 0.85234375 0.396875 0.85234375 0.3859375
0 0.3953125 0.6453125 0.3875 0.6453125 0.3875 0.65625 0.3953125 0.65625 0.3953125 0.6453125
0 0.7203125 0.56796875 0.6890625 0.56796875 0.6890625 0.57734375 0.7203125 0.57734375 0.7203125 0.56796875
0 0.740625 0.5234375 0.725 0.5234375 0.725 0.534375 0.740625 0.534375 0.740625 0.5234375
0 0.53828125 0.4484375 0.49453125 0.4484375 0.49453125 0.4671875 0.53828125 0.4671875 0.53828125 0.4484375
0 0.5984375 0.45 0.553125 0.45 0.553125 0.45625 0.5984375 0.45625 0.5984375 0.45
0 0.453125 0.20859375 0.4265625 0.20859375 0.4265625 0.21796875 0.453125 0.21796875 0.453125 0.20859375