8 0.676990309375 0.2791885703125 0.7113615296875 0.2720603515625 0.6776040812499999 0.2785945515625 0.6481430328125 0.2785945515625 0.6107593984374999 0.276054440625 0.5929321953125 0.27812485468750003 0.611316725 0.2762184796875 0.6481430328125 0.2791885703125 0.676990309375 0.2791885703125
8 0.4855345421875 0.30298658125 0.533392453125 0.285730984375 0.5296850734375 0.28631679062500004 0.49040367656250006 0.298791171875 0.45074985781250004 0.31068147968750004 0.4855345421875 0.30298658125
8 0.49815921875 0.202150215625 0.5032928859375 0.20196619999999998 0.5431880546875 0.19662003749999998 0.575717959375 0.19483798125000001 0.6039514625 0.19602601875 0.615825496875 0.195809190625 0.55975989375 0.1942439625 0.52354735625 0.1984020921875 0.49815921875 0.202150215625
8 0.470149209375 0.2031542375 0.45726000000000006 0.2031542375 0.48733481875000007 0.20374825468750002 0.49815921875 0.202150215625 0.470149209375 0.2031542375
8 0.4505085109375 0.2352312203125 0.4149097453125 0.250675696875 0.4505085109375 0.23760729375 0.48794859218750003 0.2239448765625 0.5223198124999999 0.2180046921875 0.4885623640625 0.2233508578125 0.4505085109375 0.2352312203125
8 0.5075892875 0.23998336718750002 0.550553315625 0.2364192578125 0.578173046875 0.2340431859375 0.54993954375 0.2364192578125 0.5075892875 0.23998336718750002
8 0.6637294390624999 0.317185184375 0.6211370734375 0.3148296640625 0.5824694484374999 0.3130476109375 0.5431880546875 0.311859575 0.584310765625 0.3136416296875 0.6205233015625 0.3148296640625 0.663487328125 0.31720573750000003 0.6637294390624999 0.317185184375
8 0.5683526984375 0.3344322671875 0.5959724296875 0.3344322671875 0.5665113828125 0.3338382484375 0.515568321875 0.3374023578125 0.5683526984375 0.3344322671875
8 0.6717618812499999 0.3428805265625 0.675762765625 0.32255190312500004 0.678831625 0.3130476109375 0.6720801328125 0.33086815937499997 0.6717618812499999 0.3428805265625
8 0.6714663640625 0.35403486875 0.6782178531249999 0.379577653125 0.6886519734375 0.40809052812499996 0.6776040812499999 0.3760135421875 0.6715602953124999 0.3504894390625 0.6714663640625 0.35403486875
8 0.6334125109375 0.3944281078125 0.6370150828125001 0.3700217078125 0.6315711953124999 0.386705871875 0.6315711953124999 0.4170008015625 0.6334125109375 0.3944281078125
8 0.3457069734375 0.481154771875 0.36043749687500004 0.4936291546875 0.3637349546875 0.49518390625 0.35997716875 0.49318364062500003 0.34432598593749997 0.4784816890625 0.3309764484375 0.4619976828125 0.3190079 0.44640470624999995 0.33189710625 0.4637797375 0.3457069734375 0.481154771875
8 0.394041503125 0.4985298046875 0.3783903234375 0.5020939156249999 0.3637349546875 0.49518390625 0.3783903234375 0.5029849421875 0.394041503125 0.4985298046875
8 0.306118690625 0.4619976828125 0.312247825 0.469041784375 0.303817046875 0.4566515203125 0.2936898125 0.44373162343750006 0.306118690625 0.4619976828125
8 0.312247825 0.469041784375 0.3162459265625 0.4749175796875 0.3205329140625 0.47856368437499996 0.312247825 0.469041784375
8 0.3205329140625 0.47856368437499996 0.3208492140625 0.4789272015625 0.3397226984375 0.49585672187499996 0.3431751640625 0.49752739999999995 0.3314367796875 0.4878374765625 0.3205329140625 0.47856368437499996
8 0.3431751640625 0.49752739999999995 0.347087959375 0.500757371875 0.360897825 0.5061035375 0.3431751640625 0.49752739999999995
8 0.36218997656249996 0.5066037624999999 0.3655011140625 0.50788559375 0.37343765625 0.5082602796875 0.36218997656249996 0.5066037624999999
8 0.37343765625 0.5082602796875 0.3829936109375 0.5096676453125 0.394041503125 0.5061035375 0.384374596875 0.50877661875 0.37343765625 0.5082602796875
8 0.3696440734375 0.514568296875 0.3457069734375 0.50877661875 0.3240715171875 0.4998663453125 0.308420334375 0.4856099078125 0.3240715171875 0.500757371875 0.34662763124999996 0.5096676453125 0.3701044015625 0.5154593234375 0.3912795296875 0.5163503515625 0.393019978125 0.515455496875 0.3696440734375 0.514568296875
8 0.384374596875 0.52748819375 0.3631994703125 0.531497815625 0.3848349265625 0.5279337078124999 0.40601005468749995 0.5225875421875 0.424423209375 0.519468946875 0.4354711 0.5199144625 0.424423209375 0.5185779203124999 0.40647038281250003 0.521696515625 0.384374596875 0.52748819375
8 0.33926236875 0.5341708984375 0.34009738437500003 0.534077653125 0.317166584375 0.5301612765625 0.30948263125 0.5258432203125001 0.3185475703125 0.531052303125 0.33926236875 0.5341708984375
8 0.29829310000000003 0.49585672187499996 0.3066776625 0.50126653125 0.29276915468750003 0.490956071875 0.280340275 0.481154771875 0.29829310000000003 0.49585672187499996
8 0.384374596875 0.5185779203124999 0.368723415625 0.5203599750000001 0.35536085 0.5222618140625 0.36458045625 0.5234785703125 0.384374596875 0.5185779203124999
8 0.3572151953125 0.5439722 0.37424736406250003 0.5408536046875 0.3618184828125 0.5426356593749999 0.34524664375 0.5444177125 0.32729381874999997 0.5475363109375 0.310721978125 0.550209390625 0.3263731609375 0.54887285 0.33880204062499997 0.5461997671875001 0.3572151953125 0.5439722
8 0.36734242968749997 0.5542190140625001 0.3538394484375 0.557486115625 0.3756283484375 0.5542190140625001 0.36734242968749997 0.5542190140625001
8 0.3314367796875 0.5715940484375001 0.34175449375 0.5604101171875 0.3415640140625 0.56045620625 0.332817765625 0.5693664796875 0.317166584375 0.573376103125 0.31557701250000003 0.575979571875 0.3314367796875 0.5715940484375001
8 0.35997716875 0.568475453125 0.38391426875 0.5595651796875 0.4000257796875 0.554664528125 0.4129149859375 0.5457542546874999 0.43409011406250003 0.53907155 0.45572557031249994 0.531497815625 0.4354711 0.53728949375 0.41383564375 0.5421901453125 0.40048610625 0.5524369609375 0.382072953125 0.5577831234375 0.360897825 0.5658023703125 0.343405328125 0.58139535 0.3314367796875 0.5965428140625 0.331298603125 0.5975591421875001 0.3480086171875 0.5809498343749999 0.35997716875 0.568475453125
8 0.40785136875 0.5631292875 0.390358871875 0.57515815625 0.36642177187499997 0.587632540625 0.35491355156250004 0.59877038125 0.341103684375 0.623273634375 0.35997716875 0.5960973015625 0.3765490078125 0.5827318890625001 0.394041503125 0.575603671875 0.40785136875 0.5631292875