0 0.55078125 0.25703125 0.52421875 0.25703125 0.52421875 0.27109375 0.55078125 0.27109375 0.55078125 0.25703125
0 0.56875 0.234375 0.5390625 0.234375 0.5390625 0.246875 0.56875 0.246875 0.56875 0.234375
0 0.5984375 0.23671875 0.5703125 0.23671875 0.5703125 0.25078125 0.5984375 0.25078125 0.5984375 0.23671875
0 0.67421875 0.196875 0.64765625 0.196875 0.64765625 0.2125 0.67421875 0.2125 0.67421875 0.196875
0 0.61171875 0.1765625 0.58984375 0.1765625 0.58984375 0.1921875 0.61171875 0.1921875 0.61171875 0.1765625
0 0.528125 0.16953125 0.5015625 0.16953125 0.5015625 0.19296875 0.528125 0.19296875 0.528125 0.16953125
0 0.4796875 0.24140625 0.45625 0.24140625 0.45625 0.25703125 0.4796875 0.25703125 0.4796875 0.24140625
0 0.42734375 0.27109375 0.40703125 0.27109375 0.40703125 0.28515625 0.42734375 0.28515625 0.42734375 0.27109375
0 0.515625 0.31484375 0.4671875 0.31484375 0.4671875 0.34609375 0.515625 0.34609375 0.515625 0.31484375
0 0.5703125 0.31875 0.546875 0.31875 0.546875 0.334375 0.5703125 0.334375 0.5703125 0.31875
0 0.59765625 0.25625 0.58515625 0.25625 0.58515625 0.2671875 0.59765625 0.2671875 0.59765625 0.25625
0 0.66328125 0.23515625 0.63046875 0.23515625 0.63046875 0.26171875 0.66328125 0.26171875 0.66328125 0.23515625
0 0.53515625 0.3953125 0.50078125 0.3953125 0.50078125 0.415625 0.53515625 0.415625 0.53515625 0.3953125
0 0.3875 0.1890625 0.35 0.1890625 0.35 0.20625 0.3875 0.20625 0.3875 0.1890625
0 0.37578125 0.1453125 0.34296875 0.1453125 0.34296875 0.1796875 0.37578125 0.1796875 0.37578125 0.1453125
0 0.43046875 0.2046875 0.40703125 0.2046875 0.40703125 0.21875 0.43046875 0.21875 0.43046875 0.2046875
0 0.39609375 0.24609375 0.34296875 0.24609375 0.34296875 0.27265625 0.39609375 0.27265625 0.39609375 0.24609375
0 0.37109375 0.23203125 0.35390625 0.23203125 0.35390625 0.24296875 0.37109375 0.24296875 0.37109375 0.23203125
0 0.25859375 0.26796875 0.21328125 0.26796875 0.21328125 0.28359375 0.25859375 0.28359375 0.25859375 0.26796875
0 0.29609375 0.2875 0.26015625 0.2875 0.26015625 0.328125 0.29609375 0.328125 0.29609375 0.2875
0 0.26484375 0.3140625 0.24921875 0.3140625 0.24921875 0.33125 0.26484375 0.33125 0.26484375 0.3140625
0 0.30546875 0.20703125 0.28984375 0.20703125 0.28984375 0.22890625 0.30546875 0.22890625 0.30546875 0.20703125
0 0.31015625 0.23671875 0.28046875 0.23671875 0.28046875 0.25078125 0.31015625 0.25078125 0.31015625 0.23671875
0 0.26640625 0.21640625 0.25234375 0.21640625 0.25234375 0.23203125 0.26640625 0.23203125 0.26640625 0.21640625
0 0.33984375 0.2359375 0.31484375 0.2359375 0.31484375 0.26875 0.33984375 0.26875 0.33984375 0.2359375
0 0.334375 0.2 0.30625 0.2 0.30625 0.2265625 0.334375 0.2265625 0.334375 0.2
0 0.4671875 0.27265625 0.45 0.27265625 0.45 0.28671875 0.4671875 0.28671875 0.4671875 0.27265625
0 0.44765625 0.24140625 0.43515625 0.24140625 0.43515625 0.25546875 0.44765625 0.25546875 0.44765625 0.24140625
0 0.4875 0.3 0.4703125 0.3 0.4703125 0.3109375 0.4875 0.3109375 0.4875 0.3
0 0.63828125 0.171875 0.62421875 0.171875 0.62421875 0.184375 0.63828125 0.184375 0.63828125 0.171875
0 0.56171875 0.15703125 0.54609375 0.15703125 0.54609375 0.16953125 0.56171875 0.16953125 0.56171875 0.15703125
0 0.740625 0.559375 0.7171875 0.559375 0.7171875 0.5796875 0.740625 0.5796875 0.740625 0.559375