0 0.36640625 0.15 0.34140625 0.15 0.34140625 0.165625 0.36640625 0.165625 0.36640625 0.15
0 0.34140625 0.1765625 0.32265625 0.1765625 0.32265625 0.184375 0.34140625 0.184375 0.34140625 0.1765625
0 0.33125 0.22734375 0.3078125 0.22734375 0.3078125 0.24140625 0.33125 0.24140625 0.33125 0.22734375
0 0.4921875 0.2234375 0.46875 0.2234375 0.46875 0.234375 0.4921875 0.234375 0.4921875 0.2234375
0 0.528125 0.23203125 0.490625 0.23203125 0.490625 0.24296875 0.528125 0.24296875 0.528125 0.23203125
0 0.50390625 0.1421875 0.49140625 0.1421875 0.49140625 0.1546875 0.50390625 0.1546875 0.50390625 0.1421875
0 0.52109375 0.17265625 0.50703125 0.17265625 0.50703125 0.18203125 0.52109375 0.18203125 0.52109375 0.17265625
0 0.5390625 0.17265625 0.525 0.17265625 0.525 0.18046875 0.5390625 0.18046875 0.5390625 0.17265625
0 0.57109375 0.1984375 0.55546875 0.1984375 0.55546875 0.2078125 0.57109375 0.2078125 0.57109375 0.1984375
0 0.6234375 0.23203125 0.603125 0.23203125 0.603125 0.24765625 0.6234375 0.24765625 0.6234375 0.23203125
0 0.57890625 0.25546875 0.55859375 0.25546875 0.55859375 0.26796875 0.57890625 0.26796875 0.57890625 0.25546875
0 0.57890625 0.23671875 0.56171875 0.23671875 0.56171875 0.24921875 0.57890625 0.24921875 0.57890625 0.23671875
0 0.41640625 0.2625 0.39921875 0.2625 0.39921875 0.2765625 0.41640625 0.2765625 0.41640625 0.2625
0 0.4140625 0.24921875 0.3921875 0.24921875 0.3921875 0.26171875 0.4140625 0.26171875 0.4140625 0.24921875
0 0.38046875 0.23359375 0.34921875 0.23359375 0.34921875 0.25234375 0.38046875 0.25234375 0.38046875 0.23359375
0 0.2640625 0.309375 0.2421875 0.309375 0.2421875 0.3421875 0.2640625 0.3421875 0.2640625 0.309375
0 0.21328125 0.315625 0.19453125 0.315625 0.19453125 0.3328125 0.21328125 0.3328125 0.21328125 0.315625
0 0.68125 0.23828125 0.6625 0.23828125 0.6625 0.25546875 0.68125 0.25546875 0.68125 0.23828125
0 0.62265625 0.30390625 0.61484375 0.30390625 0.61484375 0.31640625 0.62265625 0.31640625 0.62265625 0.30390625
0 0.65234375 0.17578125 0.63671875 0.17578125 0.63671875 0.19765625 0.65234375 0.19765625 0.65234375 0.17578125
0 0.36796875 0.165625 0.34921875 0.165625 0.34921875 0.178125 0.36796875 0.178125 0.36796875 0.165625
0 0.55 0.22578125 0.5359375 0.22578125 0.5359375 0.23671875 0.55 0.23671875 0.55 0.22578125
0 0.24921875 0.5734375 0.22890625 0.5734375 0.22890625 0.5875 0.24921875 0.5875 0.24921875 0.5734375
0 0.2984375 0.38203125 0.2859375 0.38203125 0.2859375 0.39296875 0.2984375 0.39296875 0.2984375 0.38203125
0 0.346875 0.625 0.3328125 0.625 0.3328125 0.634375 0.346875 0.634375 0.346875 0.625