0 0.46015625 0.48828125 0.43359375 0.48828125 0.43359375 0.51484375 0.46015625 0.51484375 0.46015625 0.48828125
0 0.5375 0.50546875 0.4734375 0.50546875 0.4734375 0.52265625 0.5375 0.52265625 0.5375 0.50546875
0 0.58046875 0.71328125 0.56484375 0.71328125 0.56484375 0.72734375 0.58046875 0.72734375 0.58046875 0.71328125
0 0.6609375 0.55390625 0.64375 0.55390625 0.64375 0.56953125 0.6609375 0.56953125 0.6609375 0.55390625
0 0.6859375 0.53828125 0.6703125 0.53828125 0.6703125 0.55078125 0.6859375 0.55078125 0.6859375 0.53828125
0 0.6796875 0.55546875 0.671875 0.55546875 0.671875 0.56640625 0.6796875 0.56640625 0.6796875 0.55546875
0 0.65 0.59140625 0.6390625 0.59140625 0.6390625 0.60234375 0.65 0.60234375 0.65 0.59140625
0 0.73046875 0.5171875 0.71796875 0.5171875 0.71796875 0.5328125 0.73046875 0.5328125 0.73046875 0.5171875
0 0.746875 0.56328125 0.7296875 0.56328125 0.7296875 0.57890625 0.746875 0.57890625 0.746875 0.56328125
0 0.6859375 0.35703125 0.665625 0.35703125 0.665625 0.38203125 0.6859375 0.38203125 0.6859375 0.35703125
0 0.53203125 0.28046875 0.51640625 0.28046875 0.51640625 0.29296875 0.53203125 0.29296875 0.53203125 0.28046875
0 0.43046875 0.20703125 0.41640625 0.20703125 0.41640625 0.21796875 0.43046875 0.21796875 0.43046875 0.20703125
0 0.465625 0.19765625 0.446875 0.19765625 0.446875 0.21328125 0.465625 0.21328125 0.465625 0.19765625
0 0.4046875 0.19140625 0.3921875 0.19140625 0.3921875 0.20234375 0.4046875 0.20234375 0.4046875 0.19140625
0 0.3734375 0.20234375 0.35625 0.20234375 0.35625 0.21640625 0.3734375 0.21640625 0.3734375 0.20234375
0 0.2671875 0.28125 0.25625 0.28125 0.25625 0.29375 0.2671875 0.29375 0.2671875 0.28125
0 0.29453125 0.22578125 0.28359375 0.22578125 0.28359375 0.23671875 0.29453125 0.23671875 0.29453125 0.22578125
0 0.30625 0.2125 0.29375 0.2125 0.29375 0.2234375 0.30625 0.2234375 0.30625 0.2125
0 0.36015625 0.2546875 0.34453125 0.2546875 0.34453125 0.26875 0.36015625 0.26875 0.36015625 0.2546875
0 0.35 0.25078125 0.3328125 0.25078125 0.3328125 0.26015625 0.35 0.26015625 0.35 0.25078125
0 0.340625 0.259375 0.315625 0.259375 0.315625 0.2734375 0.340625 0.2734375 0.340625 0.259375
0 0.3234375 0.27578125 0.309375 0.27578125 0.309375 0.29140625 0.3234375 0.29140625 0.3234375 0.27578125
0 0.3125 0.31796875 0.2890625 0.31796875 0.2890625 0.33359375 0.3125 0.33359375 0.3125 0.31796875
0 0.28828125 0.33984375 0.27421875 0.33984375 0.27421875 0.35390625 0.28828125 0.35390625 0.28828125 0.33984375
0 0.36875 0.34296875 0.3484375 0.34296875 0.3484375 0.35546875 0.36875 0.35546875 0.36875 0.34296875
0 0.37578125 0.26640625 0.35390625 0.26640625 0.35390625 0.28046875 0.37578125 0.28046875 0.37578125 0.26640625
0 0.33984375 0.29453125 0.31484375 0.29453125 0.31484375 0.30234375 0.33984375 0.30234375 0.33984375 0.29453125
0 0.34609375 0.2765625 0.32578125 0.2765625 0.32578125 0.2859375 0.34609375 0.2859375 0.34609375 0.2765625
0 0.4578125 0.2390625 0.4109375 0.2390625 0.4109375 0.2515625 0.4578125 0.2515625 0.4578125 0.2390625
6 0.4546875 0.2515625 0.3171875 0.2515625 0.3171875 0.2890625 0.4546875 0.2890625 0.4546875 0.2515625
0 0.2421875 0.25859375 0.2234375 0.25859375 0.2234375 0.28671875 0.2421875 0.28671875 0.2421875 0.25859375
0 0.2953125 0.25078125 0.2703125 0.25078125 0.2703125 0.27734375 0.2953125 0.27734375 0.2953125 0.25078125
0 0.53828125 0.2421875 0.52109375 0.2421875 0.52109375 0.253125 0.53828125 0.253125 0.53828125 0.2421875
0 0.56796875 0.253125 0.54921875 0.253125 0.54921875 0.2640625 0.56796875 0.2640625 0.56796875 0.253125