0 0.34453125 0.41015625 0.33046875 0.41015625 0.33046875 0.42265625 0.34453125 0.42265625 0.34453125 0.41015625
0 0.521875 0.47890625 0.5 0.47890625 0.5 0.48984375 0.521875 0.48984375 0.521875 0.47890625
0 0.5125 0.496875 0.496875 0.496875 0.496875 0.509375 0.5125 0.509375 0.5125 0.496875
0 0.55546875 0.43671875 0.49609375 0.43671875 0.49609375 0.47109375 0.55546875 0.47109375 0.55546875 0.43671875
0 0.61015625 0.49296875 0.59453125 0.49296875 0.59453125 0.50703125 0.61015625 0.50703125 0.61015625 0.49296875
0 0.609375 0.4671875 0.5828125 0.4671875 0.5828125 0.478125 0.609375 0.478125 0.609375 0.4671875
0 0.52265625 0.584375 0.50234375 0.584375 0.50234375 0.6046875 0.52265625 0.6046875 0.52265625 0.584375
0 0.50625 0.565625 0.490625 0.565625 0.490625 0.578125 0.50625 0.578125 0.50625 0.565625
0 0.55390625 0.575 0.52734375 0.575 0.52734375 0.59375 0.55390625 0.59375 0.55390625 0.575
0 0.5578125 0.53984375 0.53125 0.53984375 0.53125 0.56015625 0.5578125 0.56015625 0.5578125 0.53984375
0 0.5765625 0.4703125 0.540625 0.4703125 0.540625 0.5015625 0.5765625 0.5015625 0.5765625 0.4703125
0 0.63984375 0.4765625 0.60703125 0.4765625 0.60703125 0.534375 0.63984375 0.534375 0.63984375 0.4765625
0 0.42421875 0.23828125 0.39296875 0.23828125 0.39296875 0.25390625 0.42421875 0.25390625 0.42421875 0.23828125
0 0.36171875 0.253125 0.33046875 0.253125 0.33046875 0.2625 0.36171875 0.2625 0.36171875 0.253125
0 0.38515625 0.24609375 0.36953125 0.24609375 0.36953125 0.25703125 0.38515625 0.25703125 0.38515625 0.24609375
0 0.61640625 0.28125 0.59453125 0.28125 0.59453125 0.2953125 0.61640625 0.2953125 0.61640625 0.28125
0 0.571875 0.2484375 0.559375 0.2484375 0.559375 0.2609375 0.571875 0.2609375 0.571875 0.2484375
0 0.56015625 0.40234375 0.54453125 0.40234375 0.54453125 0.41796875 0.56015625 0.41796875 0.56015625 0.40234375
0 0.62734375 0.45546875 0.59765625 0.45546875 0.59765625 0.46640625 0.62734375 0.46640625 0.62734375 0.45546875
0 0.57734375 0.57734375 0.56484375 0.57734375 0.56484375 0.59609375 0.57734375 0.59609375 0.57734375 0.57734375
0 0.5375 0.478125 0.51875 0.478125 0.51875 0.5 0.5375 0.5 0.5375 0.478125
8 0.46875 0.5078125 0.38125 0.5078125 0.38125 0.5703125 0.46875 0.5703125 0.46875 0.5078125