0 0.48203125 0.69375 0.42734375 0.69375 0.42734375 0.73125 0.48203125 0.73125 0.48203125 0.69375
0 0.71796875 0.5796875 0.68671875 0.5796875 0.68671875 0.61875 0.71796875 0.61875 0.71796875 0.5796875
0 0.80703125 0.57578125 0.77421875 0.57578125 0.77421875 0.60234375 0.80703125 0.60234375 0.80703125 0.57578125
0 0.81328125 0.60078125 0.79453125 0.60078125 0.79453125 0.62890625 0.81328125 0.62890625 0.81328125 0.60078125
0 0.8328125 0.38828125 0.8125 0.38828125 0.8125 0.41484375 0.8328125 0.41484375 0.8328125 0.38828125
0 0.434375 0.28359375 0.3859375 0.28359375 0.3859375 0.30703125 0.434375 0.30703125 0.434375 0.28359375
0 0.359375 0.56484375 0.3296875 0.56484375 0.3296875 0.59609375 0.359375 0.59609375 0.359375 0.56484375
0 0.434375 0.59765625 0.4046875 0.59765625 0.4046875 0.62265625 0.434375 0.62265625 0.434375 0.59765625
0 0.73359375 0.4359375 0.70546875 0.4359375 0.70546875 0.4578125 0.73359375 0.4578125 0.73359375 0.4359375
0 0.6203125 0.171875 0.60625 0.171875 0.60625 0.1890625 0.6203125 0.1890625 0.6203125 0.171875
0 0.66171875 0.12265625 0.63359375 0.12265625 0.63359375 0.14296875 0.66171875 0.14296875 0.66171875 0.12265625
0 0.63203125 0.08046875 0.59921875 0.08046875 0.59921875 0.10703125 0.63203125 0.10703125 0.63203125 0.08046875
0 0.4859375 0.590625 0.45625 0.590625 0.45625 0.6125 0.4859375 0.6125 0.4859375 0.590625
0 0.6171875 0.52890625 0.590625 0.52890625 0.590625 0.54921875 0.6171875 0.54921875 0.6171875 0.52890625
0 0.39921875 0.68828125 0.38671875 0.68828125 0.38671875 0.70546875 0.39921875 0.70546875 0.39921875 0.68828125
0 0.46875 0.7796875 0.4359375 0.7796875 0.4359375 0.803125 0.46875 0.803125 0.46875 0.7796875
0 0.746875 0.67734375 0.7171875 0.67734375 0.7171875 0.70859375 0.746875 0.70859375 0.746875 0.67734375