6 0.58203125 0.49453125 0.52421875 0.49453125 0.52421875 0.54296875 0.58203125 0.54296875 0.58203125 0.49453125
6 0.35625 0.50859375 0.2875 0.50859375 0.2875 0.56640625 0.35625 0.56640625 0.35625 0.50859375
8 0.40625 0.34609375 0.3421875 0.34609375 0.3421875 0.36015625 0.40625 0.36015625 0.40625 0.34609375
8 0.45078125 0.365625 0.34921875 0.365625 0.34921875 0.3734375 0.45078125 0.3734375 0.45078125 0.365625
8 0.6015625 0.3734375 0.5265625 0.3734375 0.5265625 0.4046875 0.6015625 0.4046875 0.6015625 0.3734375
8 0.578125 0.3421875 0.509375 0.3421875 0.509375 0.365625 0.578125 0.365625 0.578125 0.3421875
8 0.38515625 0.5328125 0.32265625 0.5328125 0.32265625 0.5890625 0.38515625 0.5890625 0.38515625 0.5328125
8 0.58671875 0.56015625 0.53984375 0.56015625 0.53984375 0.60546875 0.58671875 0.60546875 0.58671875 0.56015625
6 0.48984375 0.42109375 0.43671875 0.42109375 0.43671875 0.45234375 0.48984375 0.45234375 0.48984375 0.42109375
8 0.3 0.46953125 0.26875 0.46953125 0.26875 0.47421875 0.3 0.47421875 0.3 0.46953125
8 0.30234375 0.4890625 0.28203125 0.4890625 0.28203125 0.5046875 0.30234375 0.5046875 0.30234375 0.4890625
8 0.290625 0.48359375 0.275 0.48359375 0.275 0.49453125 0.290625 0.49453125 0.290625 0.48359375
8 0.28984375 0.478125 0.27109375 0.478125 0.27109375 0.4890625 0.28984375 0.4890625 0.28984375 0.478125
8 0.63046875 0.48515625 0.61484375 0.48515625 0.61484375 0.49921875 0.63046875 0.49921875 0.63046875 0.48515625
8 0.6171875 0.490625 0.6046875 0.490625 0.6046875 0.4984375 0.6171875 0.4984375 0.6171875 0.490625