0 0.60078125 0.80390625 0.57734375 0.80390625 0.57734375 0.82734375 0.60078125 0.82734375 0.60078125 0.80390625
0 0.60390625 0.84609375 0.57890625 0.84609375 0.57890625 0.87265625 0.60390625 0.87265625 0.60390625 0.84609375
0 0.46953125 0.88125 0.43671875 0.88125 0.43671875 0.9015625 0.46953125 0.9015625 0.46953125 0.88125
0 0.75390625 0.78828125 0.73828125 0.78828125 0.73828125 0.80703125 0.75390625 0.80703125 0.75390625 0.78828125
0 0.75078125 0.75390625 0.73203125 0.75390625 0.73203125 0.76953125 0.75078125 0.76953125 0.75078125 0.75390625
0 0.71171875 0.7515625 0.69453125 0.7515625 0.69453125 0.7671875 0.71171875 0.7671875 0.71171875 0.7515625
0 0.72109375 0.80703125 0.69296875 0.80703125 0.69296875 0.82265625 0.72109375 0.82265625 0.72109375 0.80703125
0 0.73203125 0.77734375 0.70390625 0.77734375 0.70390625 0.79296875 0.73203125 0.79296875 0.73203125 0.77734375
0 0.58828125 0.6109375 0.55703125 0.6109375 0.55703125 0.640625 0.58828125 0.640625 0.58828125 0.6109375
0 0.61171875 0.57890625 0.58984375 0.57890625 0.58984375 0.58828125 0.61171875 0.58828125 0.61171875 0.57890625
0 0.7296875 0.48671875 0.6875 0.48671875 0.6875 0.51640625 0.7296875 0.51640625 0.7296875 0.48671875
0 0.65 0.5515625 0.6296875 0.5515625 0.6296875 0.5640625 0.65 0.5640625 0.65 0.5515625
0 0.684375 0.61953125 0.6609375 0.61953125 0.6609375 0.63359375 0.684375 0.63359375 0.684375 0.61953125
0 0.66328125 0.67734375 0.64765625 0.67734375 0.64765625 0.68671875 0.66328125 0.68671875 0.66328125 0.67734375
0 0.64296875 0.72578125 0.62265625 0.72578125 0.62265625 0.73828125 0.64296875 0.73828125 0.64296875 0.72578125
0 0.821875 0.7390625 0.80625 0.7390625 0.80625 0.7484375 0.821875 0.7484375 0.821875 0.7390625
0 0.71640625 0.68671875 0.69609375 0.68671875 0.69609375 0.71484375 0.71640625 0.71484375 0.71640625 0.68671875
0 0.76875 0.56328125 0.74375 0.56328125 0.74375 0.59453125 0.76875 0.59453125 0.76875 0.56328125
0 0.765625 0.4515625 0.753125 0.4515625 0.753125 0.4640625 0.765625 0.4640625 0.765625 0.4515625
0 0.55703125 0.80234375 0.52890625 0.80234375 0.52890625 0.82265625 0.55703125 0.82265625 0.55703125 0.80234375