0 0.38046875 0.42578125 0.35859375 0.42578125 0.35859375 0.44609375 0.38046875 0.44609375 0.38046875 0.42578125
0 0.2640625 0.57109375 0.25625 0.57109375 0.25625 0.58359375 0.2640625 0.58359375 0.2640625 0.57109375
0 0.37578125 0.5578125 0.36484375 0.5578125 0.36484375 0.5703125 0.37578125 0.5703125 0.37578125 0.5578125
0 0.565625 0.7296875 0.5515625 0.7296875 0.5515625 0.746875 0.565625 0.746875 0.565625 0.7296875
0 0.4953125 0.77265625 0.4765625 0.77265625 0.4765625 0.79296875 0.4953125 0.79296875 0.4953125 0.77265625
0 0.62734375 0.840625 0.61484375 0.840625 0.61484375 0.853125 0.62734375 0.853125 0.62734375 0.840625
0 0.65078125 0.81796875 0.63828125 0.81796875 0.63828125 0.83203125 0.65078125 0.83203125 0.65078125 0.81796875
0 0.72734375 0.884375 0.70859375 0.884375 0.70859375 0.9 0.72734375 0.9 0.72734375 0.884375
0 0.76953125 0.9078125 0.75078125 0.9078125 0.75078125 0.91875 0.76953125 0.91875 0.76953125 0.9078125
0 0.66875 0.8390625 0.6515625 0.8390625 0.6515625 0.8515625 0.66875 0.8515625 0.66875 0.8390625
0 0.65 0.85625 0.6359375 0.85625 0.6359375 0.8671875 0.65 0.8671875 0.65 0.85625
0 0.35234375 0.7921875 0.33515625 0.7921875 0.33515625 0.81875 0.35234375 0.81875 0.35234375 0.7921875
0 0.50859375 0.85546875 0.46484375 0.85546875 0.46484375 0.88515625 0.50859375 0.88515625 0.50859375 0.85546875
0 0.33515625 0.65703125 0.31953125 0.65703125 0.31953125 0.67265625 0.33515625 0.67265625 0.33515625 0.65703125
0 0.3578125 0.6859375 0.340625 0.6859375 0.340625 0.696875 0.3578125 0.696875 0.3578125 0.6859375
0 0.29453125 0.603125 0.27890625 0.603125 0.27890625 0.6109375 0.29453125 0.6109375 0.29453125 0.603125
0 0.33671875 0.521875 0.32265625 0.521875 0.32265625 0.5421875 0.33671875 0.5421875 0.33671875 0.521875
0 0.61015625 0.66875 0.58671875 0.66875 0.58671875 0.6859375 0.61015625 0.6859375 0.61015625 0.66875
0 0.70859375 0.86328125 0.69765625 0.86328125 0.69765625 0.87734375 0.70859375 0.87734375 0.70859375 0.86328125