1 0.40546875 0.37734375 0.26015625 0.37734375 0.26015625 0.44609375 0.40546875 0.44609375 0.40546875 0.37734375
1 0.70625 0.37265625 0.534375 0.37265625 0.534375 0.44140625 0.70625 0.44140625 0.70625 0.37265625
6 0.396875 0.43828125 0.353125 0.43828125 0.353125 0.47578125 0.396875 0.47578125 0.396875 0.43828125
6 0.596875 0.44453125 0.559375 0.44453125 0.559375 0.48828125 0.596875 0.48828125 0.596875 0.44453125
0 0.465625 0.390625 0.4515625 0.390625 0.4515625 0.425 0.465625 0.425 0.465625 0.390625
0 0.68515625 0.440625 0.66640625 0.440625 0.66640625 0.453125 0.68515625 0.453125 0.68515625 0.440625
0 0.54765625 0.16875 0.51484375 0.16875 0.51484375 0.1875 0.54765625 0.1875 0.54765625 0.16875
8 0.55546875 0.21015625 0.48515625 0.21015625 0.48515625 0.22109375 0.55546875 0.22109375 0.55546875 0.21015625
0 0.64609375 0.15 0.61015625 0.15 0.61015625 0.1828125 0.64609375 0.1828125 0.64609375 0.15
0 0.4640625 0.17734375 0.428125 0.17734375 0.428125 0.21015625 0.4640625 0.21015625 0.4640625 0.17734375
0 0.51953125 0.28515625 0.49609375 0.28515625 0.49609375 0.30703125 0.51953125 0.30703125 0.51953125 0.28515625
0 0.54296875 0.240625 0.51796875 0.240625 0.51796875 0.278125 0.54296875 0.278125 0.54296875 0.240625
0 0.4890625 0.11875 0.4625 0.11875 0.4625 0.13125 0.4890625 0.13125 0.4890625 0.11875
0 0.58359375 0.1421875 0.55546875 0.1421875 0.55546875 0.1546875 0.58359375 0.1546875 0.58359375 0.1421875
0 0.52890625 0.1390625 0.47578125 0.1390625 0.47578125 0.153125 0.52890625 0.153125 0.52890625 0.1390625
0 0.4234375 0.13515625 0.4078125 0.13515625 0.4078125 0.14921875 0.4234375 0.14921875 0.4234375 0.13515625
0 0.37421875 0.14609375 0.35703125 0.14609375 0.35703125 0.16015625 0.37421875 0.16015625 0.37421875 0.14609375
0 0.5125 0.6828125 0.4921875 0.6828125 0.4921875 0.7 0.5125 0.7 0.5125 0.6828125
0 0.6359375 0.4625 0.621875 0.4625 0.621875 0.4734375 0.6359375 0.4734375 0.6359375 0.4625
0 0.71640625 0.41484375 0.69609375 0.41484375 0.69609375 0.43203125 0.71640625 0.43203125 0.71640625 0.41484375
0 0.58125 0.4546875 0.5671875 0.4546875 0.5671875 0.4796875 0.58125 0.4796875 0.58125 0.4546875
0 0.40234375 0.19140625 0.38203125 0.19140625 0.38203125 0.20703125 0.40234375 0.20703125 0.40234375 0.19140625