0 0.321875 0.30625 0.2953125 0.30625 0.2953125 0.3265625 0.321875 0.3265625 0.321875 0.30625
0 0.4046875 0.35703125 0.3734375 0.35703125 0.3734375 0.37578125 0.4046875 0.37578125 0.4046875 0.35703125
0 0.4125 0.28203125 0.3921875 0.28203125 0.3921875 0.30703125 0.4125 0.30703125 0.4125 0.28203125
0 0.37421875 0.2703125 0.35546875 0.2703125 0.35546875 0.290625 0.37421875 0.290625 0.37421875 0.2703125
0 0.36484375 0.30546875 0.34921875 0.30546875 0.34921875 0.33671875 0.36484375 0.33671875 0.36484375 0.30546875
0 0.91953125 0.09375 0.89921875 0.09375 0.89921875 0.1296875 0.91953125 0.1296875 0.91953125 0.09375
0 0.915625 0.17734375 0.8859375 0.17734375 0.8859375 0.20859375 0.915625 0.20859375 0.915625 0.17734375
0 0.9015625 0.21484375 0.865625 0.21484375 0.865625 0.24296875 0.9015625 0.24296875 0.9015625 0.21484375
0 0.8015625 0.015625 0.775 0.015625 0.775 0.040625 0.8015625 0.040625 0.8015625 0.015625
0 0.490625 0.17890625 0.4609375 0.17890625 0.4609375 0.21953125 0.490625 0.21953125 0.490625 0.17890625
0 0.47578125 0.11953125 0.43515625 0.11953125 0.43515625 0.14296875 0.47578125 0.14296875 0.47578125 0.11953125
0 0.825 0.3140625 0.8046875 0.3140625 0.8046875 0.328125 0.825 0.328125 0.825 0.3140625
0 0.82578125 0.42890625 0.74140625 0.42890625 0.74140625 0.45390625 0.82578125 0.45390625 0.82578125 0.42890625
0 0.74453125 0.6859375 0.72734375 0.6859375 0.72734375 0.709375 0.74453125 0.709375 0.74453125 0.6859375
0 0.41484375 0.42734375 0.39609375 0.42734375 0.39609375 0.44609375 0.41484375 0.44609375 0.41484375 0.42734375
0 0.41015625 0.22578125 0.39453125 0.22578125 0.39453125 0.24609375 0.41015625 0.24609375 0.41015625 0.22578125
0 0.77265625 0.34375 0.75859375 0.34375 0.75859375 0.359375 0.77265625 0.359375 0.77265625 0.34375