0 0.51640625 0.17109375 0.49453125 0.17109375 0.49453125 0.18359375 0.51640625 0.18359375 0.51640625 0.17109375
0 0.54296875 0.17734375 0.51796875 0.17734375 0.51796875 0.18984375 0.54296875 0.18984375 0.54296875 0.17734375
0 0.54140625 0.27265625 0.51015625 0.27265625 0.51015625 0.28671875 0.54140625 0.28671875 0.54140625 0.27265625
0 0.5671875 0.2140625 0.55625 0.2140625 0.55625 0.2265625 0.5671875 0.2265625 0.5671875 0.2140625
0 0.49921875 0.325 0.48203125 0.325 0.48203125 0.340625 0.49921875 0.340625 0.49921875 0.325
6 0.74765625 0.45390625 0.60859375 0.45390625 0.60859375 0.54140625 0.74765625 0.54140625 0.74765625 0.45390625
0 0.746875 0.58515625 0.7203125 0.58515625 0.7203125 0.60078125 0.746875 0.60078125 0.746875 0.58515625
0 0.51015625 0.5484375 0.47109375 0.5484375 0.47109375 0.565625 0.51015625 0.565625 0.51015625 0.5484375
0 0.4796875 0.4 0.4484375 0.4 0.4484375 0.421875 0.4796875 0.421875 0.4796875 0.4
0 0.23203125 0.43515625 0.21015625 0.43515625 0.21015625 0.44921875 0.23203125 0.44921875 0.23203125 0.43515625
0 0.31796875 0.51171875 0.29609375 0.51171875 0.29609375 0.52734375 0.31796875 0.52734375 0.31796875 0.51171875
0 0.44375 0.690625 0.409375 0.690625 0.409375 0.70625 0.44375 0.70625 0.44375 0.690625
0 0.45859375 0.70703125 0.43828125 0.70703125 0.43828125 0.71640625 0.45859375 0.71640625 0.45859375 0.70703125
0 0.5359375 0.68046875 0.5046875 0.68046875 0.5046875 0.69453125 0.5359375 0.69453125 0.5359375 0.68046875
0 0.446875 0.11875 0.4171875 0.11875 0.4171875 0.1328125 0.446875 0.1328125 0.446875 0.11875