0 0.4234375 0.43515625 0.3828125 0.43515625 0.3828125 0.46015625 0.4234375 0.46015625 0.4234375 0.43515625
0 0.353125 0.46484375 0.3296875 0.46484375 0.3296875 0.48828125 0.353125 0.48828125 0.353125 0.46484375
0 0.20078125 0.46171875 0.17890625 0.46171875 0.17890625 0.47734375 0.20078125 0.47734375 0.20078125 0.46171875
6 0.6984375 0.46328125 0.525 0.46328125 0.525 0.56640625 0.6984375 0.56640625 0.6984375 0.46328125
0 0.77578125 0.49296875 0.75234375 0.49296875 0.75234375 0.51640625 0.77578125 0.51640625 0.77578125 0.49296875
0 0.75703125 0.565625 0.70859375 0.565625 0.70859375 0.5921875 0.75703125 0.5921875 0.75703125 0.565625
0 0.3625 0.2328125 0.3234375 0.2328125 0.3234375 0.253125 0.3625 0.253125 0.3625 0.2328125
0 0.31953125 0.17734375 0.27890625 0.17734375 0.27890625 0.19609375 0.31953125 0.19609375 0.31953125 0.17734375
0 0.41640625 0.16953125 0.36328125 0.16953125 0.36328125 0.20078125 0.41640625 0.20078125 0.41640625 0.16953125
0 0.5359375 0.13203125 0.5015625 0.13203125 0.5015625 0.14921875 0.5359375 0.14921875 0.5359375 0.13203125
0 0.3234375 0.72734375 0.2984375 0.72734375 0.2984375 0.73828125 0.3234375 0.73828125 0.3234375 0.72734375
0 0.59609375 0.6328125 0.57109375 0.6328125 0.57109375 0.6515625 0.59609375 0.6515625 0.59609375 0.6328125
0 0.18828125 0.228125 0.16484375 0.228125 0.16484375 0.24375 0.18828125 0.24375 0.18828125 0.228125