6 0.40703125 0.465625 0.31328125 0.465625 0.31328125 0.5671875 0.40703125 0.5671875 0.40703125 0.465625
0 0.3546875 0.5390625 0.334375 0.5390625 0.334375 0.5578125 0.3546875 0.5578125 0.3546875 0.5390625
0 0.3984375 0.50546875 0.3828125 0.50546875 0.3828125 0.51328125 0.3984375 0.51328125 0.3984375 0.50546875
0 0.39921875 0.53125 0.37734375 0.53125 0.37734375 0.546875 0.39921875 0.546875 0.39921875 0.53125
6 0.6890625 0.4703125 0.5546875 0.4703125 0.5546875 0.5546875 0.6890625 0.5546875 0.6890625 0.4703125
6 0.49140625 0.33828125 0.45234375 0.33828125 0.45234375 0.42109375 0.49140625 0.42109375 0.49140625 0.33828125
6 0.52265625 0.209375 0.36484375 0.209375 0.36484375 0.2859375 0.52265625 0.2859375 0.52265625 0.209375
6 0.5390625 0.2984375 0.3625 0.2984375 0.3625 0.340625 0.5390625 0.340625 0.5390625 0.2984375
6 0.55859375 0.678125 0.41796875 0.678125 0.41796875 0.7203125 0.55859375 0.7203125 0.55859375 0.678125
0 0.55 0.68125 0.5265625 0.68125 0.5265625 0.7 0.55 0.7 0.55 0.68125
0 0.3 0.53046875 0.2890625 0.53046875 0.2890625 0.54296875 0.3 0.54296875 0.3 0.53046875
0 0.32734375 0.5765625 0.30078125 0.5765625 0.30078125 0.6046875 0.32734375 0.6046875 0.32734375 0.5765625
0 0.54296875 0.46796875 0.53046875 0.46796875 0.53046875 0.48671875 0.54296875 0.48671875 0.54296875 0.46796875
0 0.29765625 0.28671875 0.28671875 0.28671875 0.28671875 0.29921875 0.29765625 0.29921875 0.29765625 0.28671875
0 0.32109375 0.25 0.29453125 0.25 0.29453125 0.2625 0.32109375 0.2625 0.32109375 0.25
0 0.615625 0.25 0.5875 0.25 0.5875 0.2671875 0.615625 0.2671875 0.615625 0.25