0 0.40234375 0.39765625 0.35546875 0.39765625 0.35546875 0.43046875 0.40234375 0.43046875 0.40234375 0.39765625
6 0.65546875 0.371875 0.40546875 0.371875 0.40546875 0.4625 0.65546875 0.4625 0.65546875 0.371875
6 0.9078125 0.3984375 0.8609375 0.3984375 0.8609375 0.45 0.9078125 0.45 0.9078125 0.3984375
0 0.53203125 0.49296875 0.46484375 0.49296875 0.46484375 0.51015625 0.53203125 0.51015625 0.53203125 0.49296875
0 0.41328125 0.24375 0.38515625 0.24375 0.38515625 0.2625 0.41328125 0.2625 0.41328125 0.24375
0 0.29140625 0.41328125 0.26328125 0.41328125 0.26328125 0.43828125 0.29140625 0.43828125 0.29140625 0.41328125
0 0.51640625 0.521875 0.43671875 0.521875 0.43671875 0.55 0.51640625 0.55 0.51640625 0.521875
0 0.34921875 0.428125 0.31796875 0.428125 0.31796875 0.4640625 0.34921875 0.4640625 0.34921875 0.428125
0 0.6046875 0.57265625 0.5765625 0.57265625 0.5765625 0.58984375 0.6046875 0.58984375 0.6046875 0.57265625
0 0.51328125 0.571875 0.47734375 0.571875 0.47734375 0.584375 0.51328125 0.584375 0.51328125 0.571875
0 0.56015625 0.57890625 0.51796875 0.57890625 0.51796875 0.59296875 0.56015625 0.59296875 0.56015625 0.57890625
0 0.528125 0.6 0.5015625 0.6 0.5015625 0.6265625 0.528125 0.6265625 0.528125 0.6
0 0.5140625 0.6046875 0.4734375 0.6046875 0.4734375 0.6203125 0.5140625 0.6203125 0.5140625 0.6046875
0 0.64609375 0.6203125 0.61171875 0.6203125 0.61171875 0.6328125 0.64609375 0.6328125 0.64609375 0.6203125
0 0.61640625 0.596875 0.56328125 0.596875 0.56328125 0.6171875 0.61640625 0.6171875 0.61640625 0.596875
0 0.6375 0.5734375 0.6109375 0.5734375 0.6109375 0.590625 0.6375 0.590625 0.6375 0.5734375
0 0.77890625 0.5984375 0.75546875 0.5984375 0.75546875 0.6140625 0.77890625 0.6140625 0.77890625 0.5984375
0 0.7859375 0.575 0.746875 0.575 0.746875 0.590625 0.7859375 0.590625 0.7859375 0.575
0 0.72734375 0.571875 0.69609375 0.571875 0.69609375 0.5953125 0.72734375 0.5953125 0.72734375 0.571875
0 0.7234375 0.6046875 0.659375 0.6046875 0.659375 0.625 0.7234375 0.625 0.7234375 0.6046875
0 0.66171875 0.64140625 0.62734375 0.64140625 0.62734375 0.65859375 0.66171875 0.65859375 0.66171875 0.64140625
0 0.5453125 0.62578125 0.5125 0.62578125 0.5125 0.64140625 0.5453125 0.64140625 0.5453125 0.62578125
0 0.81875 0.5828125 0.79375 0.5828125 0.79375 0.6015625 0.81875 0.6015625 0.81875 0.5828125
0 0.85859375 0.55703125 0.83984375 0.55703125 0.83984375 0.57265625 0.85859375 0.57265625 0.85859375 0.55703125
0 0.79453125 0.6171875 0.78046875 0.6171875 0.78046875 0.628125 0.79453125 0.628125 0.79453125 0.6171875
0 0.76328125 0.6328125 0.72890625 0.6328125 0.72890625 0.65 0.76328125 0.65 0.76328125 0.6328125
0 0.7078125 0.63515625 0.6765625 0.63515625 0.6765625 0.65078125 0.7078125 0.65078125 0.7078125 0.63515625