0 0.5265625 0.51796875 0.50625 0.51796875 0.50625 0.53671875 0.5265625 0.53671875 0.5265625 0.51796875
0 0.6453125 0.48046875 0.621875 0.48046875 0.621875 0.49921875 0.6453125 0.49921875 0.6453125 0.48046875
0 0.4359375 0.66796875 0.4109375 0.66796875 0.4109375 0.68359375 0.4359375 0.68359375 0.4359375 0.66796875
0 0.50546875 0.6875 0.47734375 0.6875 0.47734375 0.703125 0.50546875 0.703125 0.50546875 0.6875
0 0.3875 0.45390625 0.36875 0.45390625 0.36875 0.46640625 0.3875 0.46640625 0.3875 0.45390625
0 0.2890625 0.53203125 0.2734375 0.53203125 0.2734375 0.53984375 0.2890625 0.53984375 0.2890625 0.53203125
0 0.278125 0.5453125 0.2515625 0.5453125 0.2515625 0.5578125 0.278125 0.5578125 0.278125 0.5453125
0 0.41171875 0.23359375 0.38203125 0.23359375 0.38203125 0.25234375 0.41171875 0.25234375 0.41171875 0.23359375
6 0.55703125 0.44140625 0.43828125 0.44140625 0.43828125 0.56484375 0.55703125 0.56484375 0.55703125 0.44140625
6 0.5 0.6515625 0.3828125 0.6515625 0.3828125 0.70625 0.5 0.70625 0.5 0.6515625
6 0.3421875 0.3453125 0.3125 0.3453125 0.3125 0.4046875 0.3421875 0.4046875 0.3421875 0.3453125