0 0.45859375 0.2125 0.41796875 0.2125 0.41796875 0.2515625 0.45859375 0.2515625 0.45859375 0.2125
0 0.3890625 0.1921875 0.3734375 0.1921875 0.3734375 0.20625 0.3890625 0.20625 0.3890625 0.1921875
0 0.3640625 0.2125 0.3390625 0.2125 0.3390625 0.234375 0.3640625 0.234375 0.3640625 0.2125
0 0.534375 0.26328125 0.5109375 0.26328125 0.5109375 0.28046875 0.534375 0.28046875 0.534375 0.26328125
0 0.540625 0.3015625 0.5234375 0.3015625 0.5234375 0.315625 0.540625 0.315625 0.540625 0.3015625
0 0.52421875 0.29140625 0.50546875 0.29140625 0.50546875 0.29921875 0.52421875 0.29921875 0.52421875 0.29140625
0 0.51015625 0.18515625 0.49453125 0.18515625 0.49453125 0.20078125 0.51015625 0.20078125 0.51015625 0.18515625
0 0.4875 0.21015625 0.4734375 0.21015625 0.4734375 0.22421875 0.4875 0.22421875 0.4875 0.21015625
0 0.25546875 0.47578125 0.22265625 0.47578125 0.22265625 0.49296875 0.25546875 0.49296875 0.25546875 0.47578125
0 0.365625 0.76875 0.3421875 0.76875 0.3421875 0.784375 0.365625 0.784375 0.365625 0.76875
0 0.48671875 0.77421875 0.44765625 0.77421875 0.44765625 0.80390625 0.48671875 0.80390625 0.48671875 0.77421875
0 0.49921875 0.35078125 0.44296875 0.35078125 0.44296875 0.37578125 0.49921875 0.37578125 0.49921875 0.35078125
0 0.40546875 0.23125 0.38984375 0.23125 0.38984375 0.2484375 0.40546875 0.2484375 0.40546875 0.23125