0 0.4375 0.48203125 0.4234375 0.48203125 0.4234375 0.49609375 0.4375 0.49609375 0.4375 0.48203125
0 0.46640625 0.521875 0.45078125 0.521875 0.45078125 0.534375 0.46640625 0.534375 0.46640625 0.521875
0 0.32109375 0.29609375 0.29765625 0.29609375 0.29765625 0.31953125 0.32109375 0.31953125 0.32109375 0.29609375
0 0.28125 0.30859375 0.2609375 0.30859375 0.2609375 0.32890625 0.28125 0.32890625 0.28125 0.30859375
0 0.2671875 0.34765625 0.246875 0.34765625 0.246875 0.36796875 0.2671875 0.36796875 0.2671875 0.34765625
0 0.30546875 0.3875 0.28984375 0.3875 0.28984375 0.403125 0.30546875 0.403125 0.30546875 0.3875
0 0.353125 0.2625 0.3171875 0.2625 0.3171875 0.2828125 0.353125 0.2828125 0.353125 0.2625
0 0.4734375 0.2359375 0.4578125 0.2359375 0.4578125 0.25 0.4734375 0.25 0.4734375 0.2359375
0 0.40859375 0.21640625 0.39140625 0.21640625 0.39140625 0.23984375 0.40859375 0.23984375 0.40859375 0.21640625
0 0.2234375 0.49296875 0.2078125 0.49296875 0.2078125 0.50859375 0.2234375 0.50859375 0.2234375 0.49296875
0 0.5765625 0.546875 0.55 0.546875 0.55 0.58125 0.5765625 0.58125 0.5765625 0.546875
0 0.56953125 0.24140625 0.55234375 0.24140625 0.55234375 0.25703125 0.56953125 0.25703125 0.56953125 0.24140625
0 0.52265625 0.20625 0.50703125 0.20625 0.50703125 0.2171875 0.52265625 0.2171875 0.52265625 0.20625
0 0.43359375 0.20078125 0.41328125 0.20078125 0.41328125 0.21484375 0.43359375 0.21484375 0.43359375 0.20078125
0 0.3734375 0.2703125 0.359375 0.2703125 0.359375 0.278125 0.3734375 0.278125 0.3734375 0.2703125
0 0.30703125 0.46484375 0.28984375 0.46484375 0.28984375 0.48203125 0.30703125 0.48203125 0.30703125 0.46484375