8 0.4524096375 0.12591720312500002 0.46507539218750005 0.12767146093749998 0.45421686875 0.12410544375000002 0.3873493984375 0.11731135 0.3498493984375 0.1213878078125 0.363855421875 0.1213878078125 0.40843373437499997 0.12002898749999999 0.4524096375 0.12591720312500002
8 0.25455154062499996 0.1453981796875 0.283734940625 0.14041126875 0.337349296875 0.122746659375 0.29939759062500004 0.13497599375 0.25455154062499996 0.1453981796875
8 0.4753012046875 0.12908777968750001 0.46507539218750005 0.12767146093749998 0.50662650625 0.1413171484375 0.4753012046875 0.12908777968750001
8 0.1653949125 0.14584654375 0.22790575937500002 0.1493138046875 0.2108433734375 0.14584654375 0.1653949125 0.14584654375
8 0.23072289218750003 0.149470059375 0.22790575937500002 0.1493138046875 0.23313252968749998 0.15037594062499998 0.25455154062499996 0.1453981796875 0.23072289218750003 0.149470059375
8 0.095180721875 0.1598876703125 0.1512711265625 0.14678530625 0.1331325296875 0.14856418124999998 0.095180721875 0.1598876703125
8 0.35722891562500003 0.1748346765625 0.3096385546875 0.187516984375 0.35 0.178911134375 0.38855421562500003 0.1721170390625 0.4475903625 0.1725699796875 0.5126506015625 0.178911134375 0.4939759046875 0.17302291875 0.4536144578125 0.167134703125 0.404819278125 0.16758764375 0.35722891562500003 0.1748346765625
8 0.3825301203125 0.2074463265625 0.34578313125000004 0.21605217968749998 0.3740963859375 0.214693359375 0.40120482031250004 0.2074463265625 0.3825301203125 0.2074463265625
8 0.454819278125 0.19431107812499998 0.40903614375 0.19431107812499998 0.4626506015625 0.2006522328125 0.49096385624999994 0.2020110515625 0.454819278125 0.19431107812499998
8 0.2658486703125 0.2573919453125 0.26748466249999997 0.28476098125 0.2797546015625 0.298599259375 0.283026584375 0.29121884531250003 0.2695296515625 0.25985208437499996 0.2752556234375 0.2401709796875 0.2658486703125 0.2573919453125
8 0.09611452031249999 0.1866629765625 0.0883435578125 0.195273459375 0.10414751250000001 0.1861139 0.09611452031249999 0.1866629765625
8 0.1541922296875 0.19496594218750002 0.17627811875 0.2026538734375 0.2114519421875 0.2038839421875 0.1725971375 0.20080877031250002 0.1370143140625 0.18451035625 0.107975459375 0.183895321875 0.10414751250000001 0.1861139 0.1276073625 0.18451035625 0.1541922296875 0.19496594218750002
8 0.497267759375 0.4268868890625 0.5322404374999999 0.42195653125000004 0.49945355156250004 0.424010846875 0.44754098437499995 0.4182587625 0.43114754062499994 0.41497185625000005 0.450819671875 0.41990221562499996 0.497267759375 0.4268868890625
8 0.6289617484375001 0.45071695624999997 0.616939890625 0.435104153125 0.6284153 0.4519495453125 0.6704918046875 0.47290357031249997 0.6289617484375001 0.45071695624999997