8 0.68671875 0.275 0.36484375 0.275 0.36484375 0.30625 0.68671875 0.30625 0.68671875 0.275
8 0.465625 0.20234375 0.234375 0.20234375 0.234375 0.23203125 0.465625 0.23203125 0.465625 0.20234375
8 0.33359375 0.26875 0.17890625 0.26875 0.17890625 0.3046875 0.33359375 0.3046875 0.33359375 0.26875
0 0.79609375 0.546875 0.63984375 0.546875 0.63984375 0.6203125 0.79609375 0.6203125 0.79609375 0.546875
0 0.53828125 0.3375 0.49921875 0.3375 0.49921875 0.3703125 0.53828125 0.3703125 0.53828125 0.3375
0 0.43671875 0.35703125 0.38203125 0.35703125 0.38203125 0.38359375 0.43671875 0.38359375 0.43671875 0.35703125
0 0.65234375 0.2125 0.62265625 0.2125 0.62265625 0.2375 0.65234375 0.2375 0.65234375 0.2125
0 0.50859375 0.22890625 0.47421875 0.22890625 0.47421875 0.25234375 0.50859375 0.25234375 0.50859375 0.22890625
0 0.540625 0.134375 0.5140625 0.134375 0.5140625 0.15625 0.540625 0.15625 0.540625 0.134375
0 0.4609375 0.10703125 0.4171875 0.10703125 0.4171875 0.12578125 0.4609375 0.12578125 0.4609375 0.10703125
0 0.38828125 0.1359375 0.36640625 0.1359375 0.36640625 0.1609375 0.38828125 0.1609375 0.38828125 0.1359375
0 0.15078125 0.553125 0.08359375 0.553125 0.08359375 0.6140625 0.15078125 0.6140625 0.15078125 0.553125
0 0.240625 0.6640625 0.20625 0.6640625 0.20625 0.684375 0.240625 0.684375 0.240625 0.6640625
0 0.23515625 0.5640625 0.19609375 0.5640625 0.19609375 0.5921875 0.23515625 0.5921875 0.23515625 0.5640625
0 0.6453125 0.6765625 0.6265625 0.6765625 0.6265625 0.715625 0.6453125 0.715625 0.6453125 0.6765625
0 0.8109375 0.42421875 0.7890625 0.42421875 0.7890625 0.45390625 0.8109375 0.45390625 0.8109375 0.42421875