0 0.2921875 0.17265625 0.259375 0.17265625 0.259375 0.19765625 0.2921875 0.19765625 0.2921875 0.17265625
0 0.153125 0.309375 0.1203125 0.309375 0.1203125 0.3328125 0.153125 0.3328125 0.153125 0.309375
0 0.28203125 0.22109375 0.22578125 0.22109375 0.22578125 0.24453125 0.28203125 0.24453125 0.28203125 0.22109375
0 0.325 0.25390625 0.2703125 0.25390625 0.2703125 0.28515625 0.325 0.28515625 0.325 0.25390625
0 0.41953125 0.21328125 0.38984375 0.21328125 0.38984375 0.26484375 0.41953125 0.26484375 0.41953125 0.21328125
0 0.51171875 0.16640625 0.48359375 0.16640625 0.48359375 0.18984375 0.51171875 0.18984375 0.51171875 0.16640625
0 0.44375 0.1328125 0.4140625 0.1328125 0.4140625 0.153125 0.44375 0.153125 0.44375 0.1328125
0 0.7359375 0.2109375 0.7140625 0.2109375 0.7140625 0.234375 0.7359375 0.234375 0.7359375 0.2109375
0 0.75390625 0.25703125 0.72734375 0.25703125 0.72734375 0.28671875 0.75390625 0.28671875 0.75390625 0.25703125
0 0.7390625 0.3390625 0.7140625 0.3390625 0.7140625 0.3625 0.7390625 0.3625 0.7390625 0.3390625
0 0.6875 0.48359375 0.5 0.48359375 0.5 0.55859375 0.6875 0.55859375 0.6875 0.48359375
0 0.62109375 0.63984375 0.57890625 0.63984375 0.57890625 0.66328125 0.62109375 0.66328125 0.62109375 0.63984375
0 0.28046875 0.33046875 0.24765625 0.33046875 0.24765625 0.39140625 0.28046875 0.39140625 0.28046875 0.33046875
0 0.44609375 0.67109375 0.41640625 0.67109375 0.41640625 0.69609375 0.44609375 0.69609375 0.44609375 0.67109375
8 0.5609375 0.1984375 0.3453125 0.1984375 0.3453125 0.209375 0.5609375 0.209375 0.5609375 0.1984375