0 0.559375 0.36015625 0.515625 0.36015625 0.515625 0.38671875 0.559375 0.38671875 0.559375 0.36015625
0 0.465625 0.225 0.4375 0.225 0.4375 0.2453125 0.465625 0.2453125 0.465625 0.225
0 0.36640625 0.23515625 0.31015625 0.23515625 0.31015625 0.26640625 0.36640625 0.26640625 0.36640625 0.23515625
0 0.528125 0.15625 0.49375 0.15625 0.49375 0.178125 0.528125 0.178125 0.528125 0.15625
0 0.765625 0.15703125 0.721875 0.15703125 0.721875 0.20078125 0.765625 0.20078125 0.765625 0.15703125
0 0.8109375 0.225 0.7828125 0.225 0.7828125 0.246875 0.8109375 0.246875 0.8109375 0.225
8 0.896875 0.25546875 0.721875 0.25546875 0.721875 0.29453125 0.896875 0.29453125 0.896875 0.25546875
0 0.47890625 0.1125 0.45859375 0.1125 0.45859375 0.1265625 0.47890625 0.1265625 0.47890625 0.1125
0 0.31328125 0.44921875 0.28984375 0.44921875 0.28984375 0.47421875 0.31328125 0.47421875 0.31328125 0.44921875
0 0.83515625 0.32265625 0.80078125 0.32265625 0.80078125 0.33984375 0.83515625 0.33984375 0.83515625 0.32265625
0 0.76171875 0.3890625 0.73828125 0.3890625 0.73828125 0.409375 0.76171875 0.409375 0.76171875 0.3890625
0 0.3734375 0.15 0.35625 0.15 0.35625 0.1640625 0.3734375 0.1640625 0.3734375 0.15
0 0.3171875 0.2171875 0.3015625 0.2171875 0.3015625 0.2375 0.3171875 0.2375 0.3171875 0.2171875