0 0.65078125 0.58984375 0.63203125 0.58984375 0.63203125 0.61015625 0.65078125 0.61015625 0.65078125 0.58984375
0 0.7015625 0.5984375 0.678125 0.5984375 0.678125 0.6109375 0.7015625 0.6109375 0.7015625 0.5984375
0 0.50234375 0.4390625 0.48203125 0.4390625 0.48203125 0.459375 0.50234375 0.459375 0.50234375 0.4390625
0 0.33046875 0.6359375 0.30703125 0.6359375 0.30703125 0.6515625 0.33046875 0.6515625 0.33046875 0.6359375
0 0.36796875 0.61875 0.33359375 0.61875 0.33359375 0.6375 0.36796875 0.6375 0.36796875 0.61875
0 0.32265625 0.66015625 0.30859375 0.66015625 0.30859375 0.68359375 0.32265625 0.68359375 0.32265625 0.66015625
0 0.2953125 0.60703125 0.265625 0.60703125 0.265625 0.65234375 0.2953125 0.65234375 0.2953125 0.60703125
0 0.32890625 0.68515625 0.27734375 0.68515625 0.27734375 0.75078125 0.32890625 0.75078125 0.32890625 0.68515625
0 0.3875 0.69765625 0.3328125 0.69765625 0.3328125 0.75390625 0.3875 0.75390625 0.3875 0.69765625
0 0.725 0.61015625 0.7015625 0.61015625 0.7015625 0.62734375 0.725 0.62734375 0.725 0.61015625
0 0.75859375 0.6453125 0.71484375 0.6453125 0.71484375 0.6625 0.75859375 0.6625 0.75859375 0.6453125
0 0.8 0.64375 0.7609375 0.64375 0.7609375 0.6796875 0.8 0.6796875 0.8 0.64375
0 0.63359375 0.84609375 0.60234375 0.84609375 0.60234375 0.87265625 0.63359375 0.87265625 0.63359375 0.84609375
0 0.5390625 0.8734375 0.4921875 0.8734375 0.4921875 0.9078125 0.5390625 0.9078125 0.5390625 0.8734375
0 0.45390625 0.8453125 0.42421875 0.8453125 0.42421875 0.865625 0.45390625 0.865625 0.45390625 0.8453125
0 0.44921875 0.64140625 0.41953125 0.64140625 0.41953125 0.66484375 0.44921875 0.66484375 0.44921875 0.64140625
0 0.37890625 0.64453125 0.35859375 0.64453125 0.35859375 0.66015625 0.37890625 0.66015625 0.37890625 0.64453125