0 0.40234375 0.53828125 0.38046875 0.53828125 0.38046875 0.55234375 0.40234375 0.55234375 0.40234375 0.53828125
0 0.41953125 0.553125 0.39921875 0.553125 0.39921875 0.5671875 0.41953125 0.5671875 0.41953125 0.553125
0 0.40078125 0.56171875 0.37734375 0.56171875 0.37734375 0.57421875 0.40078125 0.57421875 0.40078125 0.56171875
0 0.43203125 0.59375 0.39765625 0.59375 0.39765625 0.6109375 0.43203125 0.6109375 0.43203125 0.59375
0 0.3796875 0.6 0.35625 0.6 0.35625 0.6171875 0.3796875 0.6171875 0.3796875 0.6
0 0.36796875 0.61875 0.34453125 0.61875 0.34453125 0.653125 0.36796875 0.653125 0.36796875 0.61875
0 0.3359375 0.6234375 0.315625 0.6234375 0.315625 0.64375 0.3359375 0.64375 0.3359375 0.6234375
0 0.3390625 0.58046875 0.3046875 0.58046875 0.3046875 0.61171875 0.3390625 0.61171875 0.3390625 0.58046875
0 0.3 0.59921875 0.278125 0.59921875 0.278125 0.61171875 0.3 0.61171875 0.3 0.59921875
0 0.22890625 0.625 0.20703125 0.625 0.20703125 0.6375 0.22890625 0.6375 0.22890625 0.625
0 0.24453125 0.61796875 0.22890625 0.61796875 0.22890625 0.63046875 0.24453125 0.63046875 0.24453125 0.61796875
0 0.27265625 0.6921875 0.24609375 0.6921875 0.24609375 0.70625 0.27265625 0.70625 0.27265625 0.6921875
0 0.2875 0.62578125 0.2640625 0.62578125 0.2640625 0.63984375 0.2875 0.63984375 0.2875 0.62578125
0 0.2765625 0.665625 0.2515625 0.665625 0.2515625 0.678125 0.2765625 0.678125 0.2765625 0.665625
0 0.3546875 0.65390625 0.315625 0.65390625 0.315625 0.68828125 0.3546875 0.68828125 0.3546875 0.65390625
0 0.42109375 0.6421875 0.39765625 0.6421875 0.39765625 0.6609375 0.42109375 0.6609375 0.42109375 0.6421875
0 0.3875 0.6375 0.359375 0.6375 0.359375 0.6703125 0.3875 0.6703125 0.3875 0.6375
0 0.4109375 0.6234375 0.3875 0.6234375 0.3875 0.6359375 0.4109375 0.6359375 0.4109375 0.6234375
0 0.29765625 0.65546875 0.27734375 0.65546875 0.27734375 0.67421875 0.29765625 0.67421875 0.29765625 0.65546875
0 0.32421875 0.55078125 0.29296875 0.55078125 0.29296875 0.57578125 0.32421875 0.57578125 0.32421875 0.55078125
0 0.1984375 0.671875 0.178125 0.671875 0.178125 0.6890625 0.1984375 0.6890625 0.1984375 0.671875
0 0.23046875 0.665625 0.21171875 0.665625 0.21171875 0.68125 0.23046875 0.68125 0.23046875 0.665625
0 0.24609375 0.86015625 0.23046875 0.86015625 0.23046875 0.89609375 0.24609375 0.89609375 0.24609375 0.86015625
0 0.20625 0.453125 0.1921875 0.453125 0.1921875 0.465625 0.20625 0.465625 0.20625 0.453125
0 0.4046875 0.67734375 0.3828125 0.67734375 0.3828125 0.68828125 0.4046875 0.68828125 0.4046875 0.67734375
0 0.28984375 0.646875 0.27578125 0.646875 0.27578125 0.659375 0.28984375 0.659375 0.28984375 0.646875
0 0.3109375 0.6203125 0.2859375 0.6203125 0.2859375 0.6359375 0.3109375 0.6359375 0.3109375 0.6203125