0 0.465625 0.31953125 0.4453125 0.31953125 0.4453125 0.33046875 0.465625 0.33046875 0.465625 0.31953125
0 0.48046875 0.33515625 0.46640625 0.33515625 0.46640625 0.34921875 0.48046875 0.34921875 0.48046875 0.33515625
0 0.4703125 0.3734375 0.4578125 0.3734375 0.4578125 0.3859375 0.4703125 0.3859375 0.4703125 0.3734375
0 0.51328125 0.4234375 0.49296875 0.4234375 0.49296875 0.4390625 0.51328125 0.4390625 0.51328125 0.4234375
0 0.52421875 0.36640625 0.51328125 0.36640625 0.51328125 0.37734375 0.52421875 0.37734375 0.52421875 0.36640625
0 0.66328125 0.6125 0.64296875 0.6125 0.64296875 0.6359375 0.66328125 0.6359375 0.66328125 0.6125
0 0.3015625 0.596875 0.284375 0.596875 0.284375 0.6109375 0.3015625 0.6109375 0.3015625 0.596875
0 0.5109375 0.73203125 0.4828125 0.73203125 0.4828125 0.75390625 0.5109375 0.75390625 0.5109375 0.73203125
0 0.665625 0.66171875 0.6453125 0.66171875 0.6453125 0.67734375 0.665625 0.67734375 0.665625 0.66171875
0 0.65703125 0.68203125 0.63671875 0.68203125 0.63671875 0.69609375 0.65703125 0.69609375 0.65703125 0.68203125
0 0.67578125 0.634375 0.65546875 0.634375 0.65546875 0.6515625 0.67578125 0.6515625 0.67578125 0.634375