8 0.71015625 0.3109375 0.69140625 0.3109375 0.69140625 0.3703125 0.71015625 0.3703125 0.71015625 0.3109375
6 0.43359375 0.45390625 0.34453125 0.45390625 0.34453125 0.57109375 0.43359375 0.57109375 0.43359375 0.45390625
6 0.51953125 0.53515625 0.36328125 0.53515625 0.36328125 0.62265625 0.51953125 0.62265625 0.51953125 0.53515625
0 0.64140625 0.71171875 0.58515625 0.71171875 0.58515625 0.73046875 0.64140625 0.73046875 0.64140625 0.71171875
0 0.6078125 0.65703125 0.584375 0.65703125 0.584375 0.69453125 0.6078125 0.69453125 0.6078125 0.65703125
0 0.68203125 0.690625 0.64765625 0.690625 0.64765625 0.703125 0.68203125 0.703125 0.68203125 0.690625
0 0.6796875 0.70859375 0.6671875 0.70859375 0.6671875 0.72265625 0.6796875 0.72265625 0.6796875 0.70859375
0 0.66796875 0.7390625 0.62109375 0.7390625 0.62109375 0.7484375 0.66796875 0.7484375 0.66796875 0.7390625
0 0.47890625 0.4828125 0.45859375 0.4828125 0.45859375 0.5 0.47890625 0.5 0.47890625 0.4828125
0 0.57734375 0.54765625 0.55234375 0.54765625 0.55234375 0.56953125 0.57734375 0.56953125 0.57734375 0.54765625
0 0.42890625 0.4296875 0.38984375 0.4296875 0.38984375 0.44375 0.42890625 0.44375 0.42890625 0.4296875