0 0.328125 0.3671875 0.3015625 0.3671875 0.3015625 0.39375 0.328125 0.39375 0.328125 0.3671875
0 0.5515625 0.371875 0.5203125 0.371875 0.5203125 0.4203125 0.5515625 0.4203125 0.5515625 0.371875
0 0.33046875 0.3859375 0.30390625 0.3859375 0.30390625 0.4203125 0.33046875 0.4203125 0.33046875 0.3859375
0 0.421875 0.3859375 0.3875 0.3859375 0.3875 0.428125 0.421875 0.428125 0.421875 0.3859375
0 0.3734375 0.38984375 0.3390625 0.38984375 0.3390625 0.43515625 0.3734375 0.43515625 0.3734375 0.38984375
0 0.70390625 0.41328125 0.67265625 0.41328125 0.67265625 0.45078125 0.70390625 0.45078125 0.70390625 0.41328125
0 0.37109375 0.42421875 0.33984375 0.42421875 0.33984375 0.46953125 0.37109375 0.46953125 0.37109375 0.42421875
0 0.43203125 0.4328125 0.40546875 0.4328125 0.40546875 0.4703125 0.43203125 0.4703125 0.43203125 0.4328125
0 0.61015625 0.45078125 0.57578125 0.45078125 0.57578125 0.48515625 0.61015625 0.48515625 0.61015625 0.45078125
0 0.2359375 0.45078125 0.209375 0.45078125 0.209375 0.49609375 0.2359375 0.49609375 0.2359375 0.45078125
0 0.4 0.4578125 0.3703125 0.4578125 0.3703125 0.5 0.4 0.5 0.4 0.4578125
0 0.5421875 0.50703125 0.503125 0.50703125 0.503125 0.54921875 0.5421875 0.54921875 0.5421875 0.50703125
0 0.609375 0.5484375 0.578125 0.5484375 0.578125 0.60625 0.609375 0.60625 0.609375 0.5484375
0 0.69453125 0.553125 0.65546875 0.553125 0.65546875 0.60625 0.69453125 0.60625 0.69453125 0.553125
0 0.39765625 0.5875 0.37109375 0.5875 0.37109375 0.625 0.39765625 0.625 0.39765625 0.5875
0 0.38046875 0.66640625 0.34921875 0.66640625 0.34921875 0.71171875 0.38046875 0.71171875 0.38046875 0.66640625
0 0.3421875 0.696875 0.3078125 0.696875 0.3078125 0.746875 0.3421875 0.746875 0.3421875 0.696875
0 0.7765625 0.7046875 0.7296875 0.7046875 0.7296875 0.7578125 0.7765625 0.7578125 0.7765625 0.7046875
0 0.24375 0.71953125 0.2171875 0.71953125 0.2171875 0.75390625 0.24375 0.75390625 0.24375 0.71953125
0 0.29921875 0.73125 0.27734375 0.73125 0.27734375 0.765625 0.29921875 0.765625 0.29921875 0.73125
0 0.253125 0.8671875 0.221875 0.8671875 0.221875 0.925 0.253125 0.925 0.253125 0.8671875
0 0.3703125 0.0640625 0.3375 0.0640625 0.3375 0.121875 0.3703125 0.121875 0.3703125 0.0640625
0 0.7828125 0.89375 0.7421875 0.89375 0.7421875 0.94375 0.7828125 0.94375 0.7828125 0.89375
0 0.39296875 0.1328125 0.38046875 0.1328125 0.38046875 0.1671875 0.39296875 0.1671875 0.39296875 0.1328125
0 0.41484375 0.14765625 0.38828125 0.14765625 0.38828125 0.19296875 0.41484375 0.19296875 0.41484375 0.14765625
0 0.60703125 0.16328125 0.57109375 0.16328125 0.57109375 0.20078125 0.60703125 0.20078125 0.60703125 0.16328125
0 0.3515625 0.1625 0.315625 0.1625 0.315625 0.2046875 0.3515625 0.2046875 0.3515625 0.1625
0 0.36875 0.18984375 0.346875 0.18984375 0.346875 0.22734375 0.36875 0.22734375 0.36875 0.18984375
0 0.4296875 0.22734375 0.4 0.22734375 0.4 0.26953125 0.4296875 0.26953125 0.4296875 0.22734375
0 0.53984375 0.23828125 0.50859375 0.23828125 0.50859375 0.27265625 0.53984375 0.27265625 0.53984375 0.23828125
0 0.36640625 0.24296875 0.34453125 0.24296875 0.34453125 0.28359375 0.36640625 0.28359375 0.36640625 0.24296875
0 0.453125 0.2765625 0.428125 0.2765625 0.428125 0.303125 0.453125 0.303125 0.453125 0.2765625
0 0.38984375 0.2875 0.35703125 0.2875 0.35703125 0.321875 0.38984375 0.321875 0.38984375 0.2875
0 0.403125 0.31484375 0.3875 0.31484375 0.3875 0.35234375 0.403125 0.35234375 0.403125 0.31484375
0 0.56640625 0.3109375 0.53046875 0.3109375 0.53046875 0.35625 0.56640625 0.35625 0.56640625 0.3109375
0 0.61171875 0.31015625 0.58515625 0.31015625 0.58515625 0.36015625 0.61171875 0.36015625 0.61171875 0.31015625
0 0.45546875 0.321875 0.43359375 0.321875 0.43359375 0.35625 0.45546875 0.35625 0.45546875 0.321875
0 0.3546875 0.33671875 0.3375 0.33671875 0.3375 0.37109375 0.3546875 0.37109375 0.3546875 0.33671875
0 0.29609375 0.34453125 0.26484375 0.34453125 0.26484375 0.38203125 0.29609375 0.38203125 0.29609375 0.34453125
0 0.63828125 0.34921875 0.60703125 0.34921875 0.60703125 0.39765625 0.63828125 0.39765625 0.63828125 0.34921875
0 0.58984375 0.3609375 0.55859375 0.3609375 0.55859375 0.3953125 0.58984375 0.3953125 0.58984375 0.3609375