8 0.521545340625 0.3878066375 0.52190134375 0.41343889999999994 0.524037365625 0.388281309375 0.524037365625 0.3730918203125 0.5137132609374999 0.36027568906249996 0.5179853046875 0.3707184625 0.521545340625 0.3878066375
8 0.572809865625 0.363835725 0.55109364375 0.36620908281250003 0.5888300296875 0.36549707656249997 0.617666325 0.362174375 0.6358225109375 0.362649046875 0.6269224203125 0.3607503609375 0.6109022562499999 0.3612250328125 0.588118021875 0.36312371875 0.572809865625 0.363835725
8 0.5119332421875 0.34888357187499996 0.49520107031249994 0.3500702515625 0.502677146875 0.3512569296875 0.523325359375 0.3519689375 0.5439735703124999 0.35291828125 0.5717418546874999 0.35315561562500003 0.5614177484375 0.351494265625 0.531869446875 0.3505449234375 0.5119332421875 0.34888357187499996
8 0.5963061062499999 0.3491209078125 0.5842019828125 0.3484089015625 0.56462178125 0.3462728796875 0.5550096828125 0.3462728796875 0.5635537703125 0.34722222187499996 0.5888300296875 0.3505449234375 0.605206196875 0.3522062734375 0.622452921875 0.3488962953125 0.6126822734374999 0.3491209078125 0.5963061062499999 0.3491209078125
8 0.6507746640625001 0.3495955796875 0.660742765625 0.35244360937499997 0.653978696875 0.3491209078125 0.6376025296875001 0.346510215625 0.6287024375 0.346510215625 0.623422384375 0.3487102375 0.6287024375 0.34769689375 0.6361785140625 0.34722222187499996 0.6507746640625001 0.3495955796875
8 0.5731658687500001 0.338678134375 0.564265778125 0.335355434375 0.549313625 0.3355927703125 0.5731658687500001 0.338678134375
8 0.49769309687499996 0.3372541203125 0.48309694687500004 0.3365421125 0.46921280468750004 0.341288828125 0.48096092500000004 0.33796612812500004 0.5016091359375 0.3384407984375 0.5186973109374999 0.3398648140625 0.5400575296875 0.340339484375 0.5443295734375 0.33939014218749997 0.5176293000000001 0.3367794484375 0.49769309687499996 0.3372541203125
8 0.3987240828125 0.3688197765625 0.4225763265625 0.3624117109375 0.4524806328125 0.35624098125 0.49377705625 0.345560871875 0.47668888125000003 0.34935824375 0.44393654531250004 0.355766309375 0.419016290625 0.36193703906249997 0.3987240828125 0.3688197765625
8 0.6123262703125001 0.33749145625 0.5916780593750001 0.3332194125 0.5824219640625 0.32799802499999997 0.5671138078125 0.3227766390625 0.547177603125 0.3227766390625 0.531869446875 0.3227766390625 0.5151372750000001 0.323251309375 0.4919970375 0.323251309375 0.4734848484375 0.32372598125 0.46494076093750003 0.3270486828125 0.4774008890625 0.325862003125 0.5033891546875 0.325862003125 0.5407695375 0.32491266093750004 0.566757803125 0.3234886453125 0.58099795 0.3303713828125 0.5959501031250001 0.3355927703125 0.6123262703125001 0.33749145625
8 0.6187343359375 0.33274474062500004 0.6076982234375 0.3329820765625 0.6333304859375 0.333694084375 0.656470721875 0.3363047765625 0.6749829125 0.343899521875 0.660030759375 0.336067440625 0.64507860625 0.3332194125 0.6368905218750001 0.33274474062500004 0.6187343359375 0.33274474062500004
8 0.38519594375 0.349832915625 0.3777198671875 0.3522062734375 0.3705997953125 0.360038353125 0.37843187500000003 0.35315561562500003 0.39124800625 0.3495955796875 0.408692184375 0.34437419375 0.43539245781249997 0.3334567484375 0.4222203234375 0.33796612812500004 0.400148096875 0.344611528125 0.38519594375 0.349832915625
8 0.4304084078125 0.378075871875 0.41260822499999994 0.380686565625 0.39943609062499996 0.38804397343749997 0.3980986171875 0.38900249531250003 0.41225222187500005 0.3849586078125 0.420796309375 0.3804492296875 0.42791638125000003 0.37926255000000003 0.44180052343750004 0.3768891921875 0.45960070625 0.372854484375 0.4734848359375 0.3697691234375 0.463516746875 0.37166780625 0.44856459375 0.3752278421875 0.4304084078125 0.378075871875
8 0.48131692812500004 0.36620908281250003 0.47348485 0.36976911874999996 0.4756208703125 0.3692944484375 0.49021702031250003 0.365971746875 0.504457165625 0.36810776875 0.49235304218750003 0.36549707656249997 0.48131692812500004 0.36620908281250003
8 0.4183042828125 0.3500702515625 0.4115402140625 0.35291828125 0.409601971875 0.35406686875000004 0.4183042828125 0.3500702515625
8 0.40228411875000003 0.357427659375 0.3938744171875 0.36187416875 0.40192811562499997 0.3586143390625 0.409601971875 0.35406686875000004 0.40228411875000003 0.357427659375
8 0.39196001406250003 0.3628863828125 0.3938744171875 0.36187416875 0.39196001406250003 0.362649046875 0.3905359984375 0.367870434375 0.3844839375 0.374515834375 0.39124800625 0.3688197765625 0.39196001406250003 0.3628863828125
8 0.4026401234375 0.32799802499999997 0.42293233125 0.323251309375 0.410472203125 0.325862003125 0.398012075 0.3287100328125 0.3869759625 0.3320327328125 0.3773638640625 0.3348807625 0.375856084375 0.33588594843749997 0.384839940625 0.3329820765625 0.4026401234375 0.32799802499999997
8 0.375856084375 0.33588594843749997 0.3730918203125 0.3367794484375 0.365971746875 0.34247550625 0.375856084375 0.33588594843749997
8 0.45960070625 0.33227006875 0.45426065156249995 0.3365421125 0.44393654531250004 0.34010215 0.4350364546875 0.34247550625 0.42578035937500003 0.34413685781250003 0.4389524953125 0.3431875140625 0.450700615625 0.3398648140625 0.46102472031249997 0.3334567484375 0.466364775 0.3317953984375 0.4709928234375 0.3282353609375 0.47028081562499996 0.3282353609375 0.45960070625 0.33227006875
8 0.6518426749999999 0.3218272953125 0.665014809375 0.326811346875 0.6749829125 0.3308460546875 0.6671508312500001 0.3260993390625 0.6529106859375 0.3206406171875 0.6383145359375 0.31755525156250003 0.6518426749999999 0.3218272953125
8 0.5041011625 0.30663780625000003 0.494133059375 0.3073498140625 0.47953691093749995 0.3092485 0.465689315625 0.3096681234375 0.459244703125 0.3120965296875 0.46672077968750003 0.311384521875 0.48630097968749997 0.31019784375000004 0.5019651406250001 0.3111471859375 0.5151372750000001 0.3120965296875 0.5275974031249999 0.3120965296875 0.5400575296875 0.3099605078125 0.5372095015625 0.30758715 0.5162052859374999 0.3094858359375 0.5041011625 0.30663780625000003
8 0.672846890625 0.43883382656250003 0.6682188421874999 0.43883382656250003 0.6610987703125 0.436935140625 0.66893085 0.43930849843750003 0.672846890625 0.43883382656250003
8 0.6824589890625 0.4407325125 0.692168178125 0.44332163125 0.6867310328125 0.4407325125 0.6767629296875 0.43835915625000005 0.672846890625 0.43883382656250003 0.675338915625 0.43883382656250003 0.6824589890625 0.4407325125
8 0.6931390984375 0.4435805421875 0.692168178125 0.44332163125 0.696699134375 0.44547922812499996 0.711295284375 0.4490392640625 0.6931390984375 0.4435805421875
8 0.3894679875 0.45853269531249996 0.37665185625 0.4611433890625 0.3753953734375 0.4618553953125 0.3894679875 0.45853269531249996
8 0.3723798125 0.462567403125 0.3624117109375 0.46921280468750004 0.3753953734375 0.4618553953125 0.3723798125 0.462567403125
8 0.4158122578125 0.462567403125 0.3983680796875 0.465178096875 0.3961466171875 0.46604199843750005 0.40192811562499997 0.46494076093750003 0.4158122578125 0.462567403125
8 0.39445203906250004 0.466364775 0.389111984375 0.468500796875 0.3868335609375 0.47077922031249997 0.3898239921875 0.468500796875 0.3961466171875 0.46604199843750005 0.39445203906250004 0.466364775
8 0.384839940625 0.4722981703125 0.3812799046875 0.476332878125 0.3868335609375 0.47077922031249997 0.384839940625 0.4722981703125