0 0.58203125 0.2390625 0.56328125 0.2390625 0.56328125 0.25 0.58203125 0.25 0.58203125 0.2390625
0 0.66171875 0.20703125 0.64296875 0.20703125 0.64296875 0.21640625 0.66171875 0.21640625 0.66171875 0.20703125
0 0.64765625 0.19765625 0.62578125 0.19765625 0.62578125 0.20859375 0.64765625 0.20859375 0.64765625 0.19765625
0 0.62578125 0.18046875 0.60859375 0.18046875 0.60859375 0.18671875 0.62578125 0.18671875 0.62578125 0.18046875
0 0.596875 0.19375 0.5765625 0.19375 0.5765625 0.203125 0.596875 0.203125 0.596875 0.19375
0 0.44140625 0.19140625 0.42421875 0.19140625 0.42421875 0.19921875 0.44140625 0.19921875 0.44140625 0.19140625
0 0.43828125 0.2 0.41015625 0.2 0.41015625 0.2125 0.43828125 0.2125 0.43828125 0.2
0 0.40546875 0.2125 0.38359375 0.2125 0.38359375 0.2234375 0.40546875 0.2234375 0.40546875 0.2125
0 0.3921875 0.221875 0.3734375 0.221875 0.3734375 0.240625 0.3921875 0.240625 0.3921875 0.221875
0 0.43359375 0.25078125 0.39765625 0.25078125 0.39765625 0.26953125 0.43359375 0.26953125 0.43359375 0.25078125
0 0.4484375 0.21953125 0.43125 0.21953125 0.43125 0.22734375 0.4484375 0.22734375 0.4484375 0.21953125
0 0.5171875 0.22109375 0.4484375 0.22109375 0.4484375 0.23671875 0.5171875 0.23671875 0.5171875 0.22109375
0 0.578125 0.2109375 0.540625 0.2109375 0.540625 0.221875 0.578125 0.221875 0.578125 0.2109375
0 0.65390625 0.24453125 0.63828125 0.24453125 0.63828125 0.25234375 0.65390625 0.25234375 0.65390625 0.24453125
0 0.628125 0.2546875 0.6171875 0.2546875 0.6171875 0.2625 0.628125 0.2625 0.628125 0.2546875
0 0.58125 0.28046875 0.5671875 0.28046875 0.5671875 0.29609375 0.58125 0.29609375 0.58125 0.28046875
0 0.55390625 0.30546875 0.53515625 0.30546875 0.53515625 0.31484375 0.55390625 0.31484375 0.55390625 0.30546875
0 0.55078125 0.28046875 0.53984375 0.28046875 0.53984375 0.29453125 0.55078125 0.29453125 0.55078125 0.28046875
0 0.4546875 0.24453125 0.440625 0.24453125 0.440625 0.25546875 0.4546875 0.25546875 0.4546875 0.24453125
0 0.4921875 0.259375 0.478125 0.259375 0.478125 0.26875 0.4921875 0.26875 0.4921875 0.259375
0 0.6296875 0.225 0.60625 0.225 0.60625 0.2359375 0.6296875 0.2359375 0.6296875 0.225
0 0.72578125 0.2875 0.70546875 0.2875 0.70546875 0.2984375 0.72578125 0.2984375 0.72578125 0.2875
0 0.7765625 0.43203125 0.7171875 0.43203125 0.7171875 0.44765625 0.7765625 0.44765625 0.7765625 0.43203125
0 0.76171875 0.40703125 0.73671875 0.40703125 0.73671875 0.42890625 0.76171875 0.42890625 0.76171875 0.40703125
0 0.67421875 0.45 0.65546875 0.45 0.65546875 0.465625 0.67421875 0.465625 0.67421875 0.45
6 0.68671875 0.4078125 0.58046875 0.4078125 0.58046875 0.48125 0.68671875 0.48125 0.68671875 0.4078125
0 0.6765625 0.46640625 0.653125 0.46640625 0.653125 0.48671875 0.6765625 0.48671875 0.6765625 0.46640625
6 0.4125 0.40625 0.328125 0.40625 0.328125 0.446875 0.4125 0.446875 0.4125 0.40625
0 0.5421875 0.46875 0.528125 0.46875 0.528125 0.4765625 0.5421875 0.4765625 0.5421875 0.46875
0 0.32421875 0.46328125 0.29921875 0.46328125 0.29921875 0.47421875 0.32421875 0.47421875 0.32421875 0.46328125
0 0.2890625 0.4234375 0.275 0.4234375 0.275 0.4359375 0.2890625 0.4359375 0.2890625 0.4234375
0 0.42734375 0.39453125 0.41328125 0.39453125 0.41328125 0.40078125 0.42734375 0.40078125 0.42734375 0.39453125
0 0.46875 0.29375 0.4578125 0.29375 0.4578125 0.3 0.46875 0.3 0.46875 0.29375
0 0.39140625 0.2703125 0.37421875 0.2703125 0.37421875 0.2796875 0.39140625 0.2796875 0.39140625 0.2703125
0 0.6765625 0.48984375 0.65 0.48984375 0.65 0.50390625 0.6765625 0.50390625 0.6765625 0.48984375
0 0.71875 0.459375 0.7 0.459375 0.7 0.48125 0.71875 0.48125 0.71875 0.459375
0 0.59921875 0.475 0.57890625 0.475 0.57890625 0.4875 0.59921875 0.4875 0.59921875 0.475
0 0.33671875 0.44453125 0.32578125 0.44453125 0.32578125 0.45234375 0.33671875 0.45234375 0.33671875 0.44453125
0 0.32890625 0.43046875 0.31328125 0.43046875 0.31328125 0.43984375 0.32890625 0.43984375 0.32890625 0.43046875
0 0.3890625 0.4109375 0.3671875 0.4109375 0.3671875 0.421875 0.3890625 0.421875 0.3890625 0.4109375
0 0.33125 0.41796875 0.309375 0.41796875 0.309375 0.42734375 0.33125 0.42734375 0.33125 0.41796875
0 0.61796875 0.5515625 0.60078125 0.5515625 0.60078125 0.5625 0.61796875 0.5625 0.61796875 0.5515625
0 0.425 0.30859375 0.4078125 0.30859375 0.4078125 0.31484375 0.425 0.31484375 0.425 0.30859375
0 0.621875 0.23984375 0.6046875 0.23984375 0.6046875 0.24609375 0.621875 0.24609375 0.621875 0.23984375
0 0.5359375 0.228125 0.5203125 0.228125 0.5203125 0.234375 0.5359375 0.234375 0.5359375 0.228125
0 0.68828125 0.434375 0.65703125 0.434375 0.65703125 0.45 0.68828125 0.45 0.68828125 0.434375
0 0.6125 0.425 0.59375 0.425 0.59375 0.4375 0.6125 0.4375 0.6125 0.425
0 0.29765625 0.3859375 0.28515625 0.3859375 0.28515625 0.4046875 0.29765625 0.4046875 0.29765625 0.3859375
0 0.39296875 0.4296875 0.37109375 0.4296875 0.37109375 0.4375 0.39296875 0.4375 0.39296875 0.4296875