0 0.82421875 0.67734375 0.79296875 0.67734375 0.79296875 0.69609375 0.82421875 0.69609375 0.82421875 0.67734375
0 0.4234375 0.6015625 0.3875 0.6015625 0.3875 0.6171875 0.4234375 0.6171875 0.4234375 0.6015625
0 0.38359375 0.6046875 0.36171875 0.6046875 0.36171875 0.615625 0.38359375 0.615625 0.38359375 0.6046875
0 0.4734375 0.54765625 0.4296875 0.54765625 0.4296875 0.56328125 0.4734375 0.56328125 0.4734375 0.54765625
0 0.4265625 0.55859375 0.3875 0.55859375 0.3875 0.57734375 0.4265625 0.57734375 0.4265625 0.55859375
0 0.4515625 0.47109375 0.415625 0.47109375 0.415625 0.49296875 0.4515625 0.49296875 0.4515625 0.47109375
0 0.58359375 0.453125 0.50234375 0.453125 0.50234375 0.4578125 0.58359375 0.4578125 0.58359375 0.453125
0 0.54453125 0.4203125 0.50859375 0.4203125 0.50859375 0.4375 0.54453125 0.4375 0.54453125 0.4203125
0 0.584375 0.371875 0.503125 0.371875 0.503125 0.4109375 0.584375 0.4109375 0.584375 0.371875
0 0.3921875 0.3171875 0.3640625 0.3171875 0.3640625 0.3328125 0.3921875 0.3328125 0.3921875 0.3171875
0 0.35 0.28515625 0.3328125 0.28515625 0.3328125 0.29921875 0.35 0.29921875 0.35 0.28515625
0 0.38515625 0.24296875 0.34140625 0.24296875 0.34140625 0.28359375 0.38515625 0.28359375 0.38515625 0.24296875
0 0.43125 0.25546875 0.4 0.25546875 0.4 0.26796875 0.43125 0.26796875 0.43125 0.25546875
0 0.484375 0.21796875 0.44375 0.21796875 0.44375 0.23984375 0.484375 0.23984375 0.484375 0.21796875
0 0.43828125 0.27890625 0.41015625 0.27890625 0.41015625 0.29453125 0.43828125 0.29453125 0.43828125 0.27890625
0 0.4625 0.2734375 0.4421875 0.2734375 0.4421875 0.284375 0.4625 0.284375 0.4625 0.2734375
0 0.45234375 0.32421875 0.42421875 0.32421875 0.42421875 0.34453125 0.45234375 0.34453125 0.45234375 0.32421875
0 0.3984375 0.36328125 0.3765625 0.36328125 0.3765625 0.37890625 0.3984375 0.37890625 0.3984375 0.36328125
0 0.3640625 0.39453125 0.3390625 0.39453125 0.3390625 0.40703125 0.3640625 0.40703125 0.3640625 0.39453125
0 0.38828125 0.40859375 0.35703125 0.40859375 0.35703125 0.42421875 0.38828125 0.42421875 0.38828125 0.40859375
0 0.44609375 0.35234375 0.41796875 0.35234375 0.41796875 0.37578125 0.44609375 0.37578125 0.44609375 0.35234375
0 0.43046875 0.36953125 0.40078125 0.36953125 0.40078125 0.38828125 0.43046875 0.38828125 0.43046875 0.36953125
0 0.56171875 0.49609375 0.52265625 0.49609375 0.52265625 0.51640625 0.56171875 0.51640625 0.56171875 0.49609375
0 0.590625 0.46484375 0.56875 0.46484375 0.56875 0.48046875 0.590625 0.48046875 0.590625 0.46484375
0 0.58515625 0.48984375 0.56015625 0.48984375 0.56015625 0.50390625 0.58515625 0.50390625 0.58515625 0.48984375
0 0.640625 0.5484375 0.596875 0.5484375 0.596875 0.5640625 0.640625 0.5640625 0.640625 0.5484375
0 0.5578125 0.56328125 0.5421875 0.56328125 0.5421875 0.57734375 0.5578125 0.57734375 0.5578125 0.56328125
0 0.52890625 0.53515625 0.50078125 0.53515625 0.50078125 0.55234375 0.52890625 0.55234375 0.52890625 0.53515625
0 0.5125 0.49921875 0.4625 0.49921875 0.4625 0.52265625 0.5125 0.52265625 0.5125 0.49921875
0 0.6390625 0.50078125 0.621875 0.50078125 0.621875 0.51484375 0.6390625 0.51484375 0.6390625 0.50078125
0 0.621875 0.465625 0.6015625 0.465625 0.6015625 0.478125 0.621875 0.478125 0.621875 0.465625
0 0.534375 0.45390625 0.509375 0.45390625 0.509375 0.46796875 0.534375 0.46796875 0.534375 0.45390625
0 0.4984375 0.41875 0.4734375 0.41875 0.4734375 0.4328125 0.4984375 0.4328125 0.4984375 0.41875
0 0.490625 0.3671875 0.45625 0.3671875 0.45625 0.4046875 0.490625 0.4046875 0.490625 0.3671875
0 0.45234375 0.425 0.41796875 0.425 0.41796875 0.459375 0.45234375 0.459375 0.45234375 0.425
0 0.36640625 0.48203125 0.33515625 0.48203125 0.33515625 0.49921875 0.36640625 0.49921875 0.36640625 0.48203125
0 0.3984375 0.509375 0.3671875 0.509375 0.3671875 0.5265625 0.3984375 0.5265625 0.3984375 0.509375
0 0.28203125 0.465625 0.25078125 0.465625 0.25078125 0.490625 0.28203125 0.490625 0.28203125 0.465625
0 0.24921875 0.45703125 0.19765625 0.45703125 0.19765625 0.48671875 0.24921875 0.48671875 0.24921875 0.45703125
0 0.25703125 0.50234375 0.22734375 0.50234375 0.22734375 0.52265625 0.25703125 0.52265625 0.25703125 0.50234375
0 0.21484375 0.4953125 0.19296875 0.4953125 0.19296875 0.5125 0.21484375 0.5125 0.21484375 0.4953125
0 0.5203125 0.61640625 0.496875 0.61640625 0.496875 0.63203125 0.5203125 0.63203125 0.5203125 0.61640625
0 0.55859375 0.596875 0.53046875 0.596875 0.53046875 0.609375 0.55859375 0.609375 0.55859375 0.596875
0 0.49375 0.59296875 0.4625 0.59296875 0.4625 0.60390625 0.49375 0.60390625 0.49375 0.59296875
0 0.4859375 0.6125 0.4359375 0.6125 0.4359375 0.628125 0.4859375 0.628125 0.4859375 0.6125
0 0.36875 0.56015625 0.321875 0.56015625 0.321875 0.57890625 0.36875 0.57890625 0.36875 0.56015625
0 0.37578125 0.54296875 0.34296875 0.54296875 0.34296875 0.56953125 0.37578125 0.56953125 0.37578125 0.54296875
0 0.35625 0.53046875 0.3171875 0.53046875 0.3171875 0.54609375 0.35625 0.54609375 0.35625 0.53046875
0 0.2875 0.53359375 0.2296875 0.53359375 0.2296875 0.55234375 0.2875 0.55234375 0.2875 0.53359375
0 0.325 0.50234375 0.29375 0.50234375 0.29375 0.52109375 0.325 0.52109375 0.325 0.50234375
0 0.37578125 0.45390625 0.34453125 0.45390625 0.34453125 0.46796875 0.37578125 0.46796875 0.37578125 0.45390625
0 0.2515625 0.4234375 0.21875 0.4234375 0.21875 0.4515625 0.2515625 0.4515625 0.2515625 0.4234375
0 0.2765625 0.41328125 0.253125 0.41328125 0.253125 0.43359375 0.2765625 0.43359375 0.2765625 0.41328125
0 0.53046875 0.48046875 0.50234375 0.48046875 0.50234375 0.49453125 0.53046875 0.49453125 0.53046875 0.48046875
0 0.49296875 0.46875 0.46171875 0.46875 0.46171875 0.4890625 0.49296875 0.4890625 0.49296875 0.46875
0 0.421875 0.52265625 0.4015625 0.52265625 0.4015625 0.53515625 0.421875 0.53515625 0.421875 0.52265625
0 0.42421875 0.4921875 0.39609375 0.4921875 0.39609375 0.5109375 0.42421875 0.5109375 0.42421875 0.4921875
0 0.40234375 0.46328125 0.36953125 0.46328125 0.36953125 0.48515625 0.40234375 0.48515625 0.40234375 0.46328125
0 0.64296875 0.43203125 0.60703125 0.43203125 0.60703125 0.45078125 0.64296875 0.45078125 0.64296875 0.43203125
0 0.5171875 0.3140625 0.4921875 0.3140625 0.4921875 0.3296875 0.5171875 0.3296875 0.5171875 0.3140625
0 0.46640625 0.39453125 0.42109375 0.39453125 0.42109375 0.41171875 0.46640625 0.41171875 0.46640625 0.39453125
0 0.23359375 0.6359375 0.21328125 0.6359375 0.21328125 0.653125 0.23359375 0.653125 0.23359375 0.6359375
0 0.2359375 0.5640625 0.203125 0.5640625 0.203125 0.5828125 0.2359375 0.5828125 0.2359375 0.5640625
0 0.27734375 0.50078125 0.25546875 0.50078125 0.25546875 0.51484375 0.27734375 0.51484375 0.27734375 0.50078125
6 0.59453125 0.3765625 0.40390625 0.3765625 0.40390625 0.4703125 0.59453125 0.4703125 0.59453125 0.3765625