8 0.731938028125 0.192380978125 0.7640808531250001 0.1744743953125 0.7818359375 0.16620981875000002 0.767142075 0.1698829640625 0.7478563796875 0.17998411406249998 0.731325784375 0.1910035484375 0.7141829453125 0.1942175515625 0.695203371875 0.1942175515625 0.673162578125 0.193299265625 0.65479525 0.19467669375000002 0.639183021875 0.197890696875 0.6263258921875 0.197431553125 0.59938714375 0.2153381359375 0.5801014484375 0.2249801421875 0.556223921875 0.245182440625 0.5406116937500001 0.2603341640625 0.5485708687499999 0.25666101874999997 0.58071369375 0.22727585781249998 0.6195912046875 0.20385955781249998 0.64744831875 0.1983498390625 0.6734687 0.19513583750000002 0.7016319375 0.19972726875 0.731938028125 0.192380978125
8 0.5885173078125 0.25534856562499997 0.5644892203125 0.26538473906250004 0.5494892359375 0.28512789375 0.5598973875000001 0.27181274375000003 0.574285128125 0.2658438828125 0.5885173078125 0.25534856562499997
8 0.856569534375 0.1962836953125 0.8515093359374999 0.191311175 0.8368522078125 0.18581523125 0.8228930374999999 0.18581523125 0.8075379515625001 0.180581 0.7906124578125 0.17822559531249998 0.7888675625 0.1818895578125 0.80282673125 0.1842449625 0.8188797765625001 0.192358021875 0.8378991453125 0.194190003125 0.85325423125 0.1989008109375 0.861804221875 0.2054436015625 0.856569534375 0.1962836953125
8 0.772116559375 0.2040532578125 0.7601203984375 0.20896035 0.74212615625 0.21754776250000002 0.7456704765625 0.2179566875 0.76639111875 0.20773357812499998 0.7813863203125 0.203235409375 0.7925645609374999 0.2007818640625 0.79474568125 0.19710154375 0.781658959375 0.1999640140625 0.772116559375 0.2040532578125
8 0.6513370265625 0.258031275 0.6674227890625 0.2510795609375 0.689233990625 0.2506706359375 0.7113178328124999 0.2502617109375 0.7358554359375 0.24903493906250002 0.7541223171875 0.24330999687500002 0.77320711875 0.2347225859375 0.7843853609375 0.22613517343749998 0.7767514390625 0.22940656874999998 0.7538496765625 0.2388118296875 0.729039434375 0.2449456953125 0.713498953125 0.24576354375 0.6911424703125 0.24576354375 0.6753293484375 0.24576354375 0.66660486875 0.24780816562500002 0.6625152671875 0.24780816562500002 0.641794625 0.26212051875000003 0.6254362234374999 0.273979325 0.6071693421875 0.28624705625 0.5959911015625 0.2907452234375 0.5829043796875 0.2968790890625 0.5679091781250001 0.30628435 0.5572762171875 0.320187778125 0.549642296875 0.336135828125 0.545007415625 0.354537425 0.5471885359375 0.347994634375 0.55618565625 0.3291841140625 0.569272378125 0.3095557453125 0.5889024609375 0.2968790890625 0.6115315828125001 0.287473828125 0.6325248640625001 0.2731614765625 0.6513370265625 0.258031275
8 0.8740839296875 0.24167429999999998 0.8599066484375 0.219183459375 0.838913365625 0.21509421562500003 0.8195559234375001 0.2171388375 0.81628424375 0.2204102328125 0.8236455250000001 0.22122808124999999 0.8465472859375 0.2200013078125 0.8599066484375 0.2220459296875 0.8694490484375 0.24167429999999998 0.8781735296875001 0.2731614765625 0.8740839296875 0.24167429999999998
8 0.632252225 0.316507459375 0.612349503125 0.324277021875 0.5970816609375 0.3332733578125 0.609623103125 0.32959303906250004 0.6311616640625 0.320596703125 0.6556992671875 0.30628435 0.6764199093750001 0.2948344671875 0.6930509515625001 0.289927375 0.7156800734375001 0.2870649046875 0.738854475 0.2866559796875 0.762028878125 0.27806856875 0.7811136796875 0.268254384375 0.79747208125 0.2662097625 0.8201012046875 0.26130266875 0.8348237656249999 0.255986653125 0.8462931375 0.2544575359375 0.837550165625 0.251488484375 0.82037384375 0.2604848203125 0.7898381609375 0.263756215625 0.7726618390625 0.27029900625000003 0.7552128765624999 0.2768417953125 0.7328563953125 0.2817488875 0.7064103125 0.28338458593750004 0.6867802296875001 0.28624705625 0.66796806875 0.29401661875 0.65188230625 0.305875425 0.632252225 0.316507459375
8 0.5801779796875 0.332455509375 0.57636101875 0.336135828125 0.560547896875 0.3835710546875 0.5553677375 0.424463490625 0.5575488578125001 0.4199653234375 0.562456378125 0.388478146875 0.5755430984375 0.343905390625 0.584812859375 0.332455509375 0.5864486999999999 0.323868096875 0.5801779796875 0.332455509375
8 0.6415219859375 0.2244994765625 0.623800384375 0.23635828281250001 0.6058061421875001 0.2498527875 0.6227098234375 0.240038603125 0.6494285468750001 0.2220459296875 0.677783109375 0.219592384375 0.7072282328124999 0.223272703125 0.6854170296875 0.21632098906250002 0.658970946875 0.2171388375 0.6415219859375 0.2244994765625
8 0.5564972453125 0.6066100875 0.5191066125 0.6112835078125001 0.5577436 0.60847945625 0.563975371875 0.5925898234375 0.585786575 0.576700190625 0.56459855 0.5907204546875 0.5564972453125 0.6066100875
8 0.5166139046875 0.5271619249999999 0.5004112968750001 0.50192545 0.5209761453125 0.5346393984375 0.5483959421875 0.553333084375 0.5689607890625 0.549594346875 0.5471495875 0.551463715625 0.5166139046875 0.5271619249999999