0 0.35625 0.4484375 0.3265625 0.4484375 0.3265625 0.465625 0.35625 0.465625 0.35625 0.4484375
0 0.32265625 0.4359375 0.30546875 0.4359375 0.30546875 0.45 0.32265625 0.45 0.32265625 0.4359375
0 0.35859375 0.42265625 0.33671875 0.42265625 0.33671875 0.43828125 0.35859375 0.43828125 0.35859375 0.42265625
0 0.3296875 0.4125 0.3140625 0.4125 0.3140625 0.421875 0.3296875 0.421875 0.3296875 0.4125
0 0.61171875 0.51484375 0.58828125 0.51484375 0.58828125 0.53203125 0.61171875 0.53203125 0.61171875 0.51484375
0 0.57421875 0.50859375 0.55703125 0.50859375 0.55703125 0.51796875 0.57421875 0.51796875 0.57421875 0.50859375
0 0.6765625 0.48046875 0.6484375 0.48046875 0.6484375 0.49921875 0.6765625 0.49921875 0.6765625 0.48046875
0 0.68828125 0.44765625 0.66484375 0.44765625 0.66484375 0.46328125 0.68828125 0.46328125 0.68828125 0.44765625
0 0.63046875 0.428125 0.61015625 0.428125 0.61015625 0.440625 0.63046875 0.440625 0.63046875 0.428125
6 0.5578125 0.32109375 0.4515625 0.32109375 0.4515625 0.42265625 0.5578125 0.42265625 0.5578125 0.32109375
0 0.66484375 0.21171875 0.63359375 0.21171875 0.63359375 0.22890625 0.66484375 0.22890625 0.66484375 0.21171875
6 0.57421875 0.30703125 0.48671875 0.30703125 0.48671875 0.34765625 0.57421875 0.34765625 0.57421875 0.30703125
0 0.65703125 0.15859375 0.63671875 0.15859375 0.63671875 0.17265625 0.65703125 0.17265625 0.65703125 0.15859375
0 0.67890625 0.16640625 0.65546875 0.16640625 0.65546875 0.17890625 0.67890625 0.17890625 0.67890625 0.16640625
0 0.67109375 0.18125 0.65390625 0.18125 0.65390625 0.1953125 0.67109375 0.1953125 0.67109375 0.18125
0 0.6484375 0.17578125 0.634375 0.17578125 0.634375 0.18515625 0.6484375 0.18515625 0.6484375 0.17578125
0 0.5984375 0.2109375 0.58125 0.2109375 0.58125 0.221875 0.5984375 0.221875 0.5984375 0.2109375
0 0.75234375 0.259375 0.73046875 0.259375 0.73046875 0.271875 0.75234375 0.271875 0.75234375 0.259375
0 0.578125 0.23359375 0.565625 0.23359375 0.565625 0.24765625 0.578125 0.24765625 0.578125 0.23359375
0 0.5984375 0.28828125 0.5765625 0.28828125 0.5765625 0.29921875 0.5984375 0.29921875 0.5984375 0.28828125
0 0.59296875 0.2578125 0.57109375 0.2578125 0.57109375 0.2765625 0.59296875 0.2765625 0.59296875 0.2578125
0 0.63203125 0.2015625 0.61328125 0.2015625 0.61328125 0.2125 0.63203125 0.2125 0.63203125 0.2015625
0 0.65546875 0.196875 0.63828125 0.196875 0.63828125 0.2078125 0.65546875 0.2078125 0.65546875 0.196875
0 0.51796875 0.353125 0.48828125 0.353125 0.48828125 0.365625 0.51796875 0.365625 0.51796875 0.353125
0 0.5390625 0.3390625 0.5203125 0.3390625 0.5203125 0.3484375 0.5390625 0.3484375 0.5390625 0.3390625
0 0.51171875 0.3765625 0.48984375 0.3765625 0.48984375 0.3890625 0.51171875 0.3890625 0.51171875 0.3765625
0 0.45234375 0.36171875 0.43515625 0.36171875 0.43515625 0.37265625 0.45234375 0.37265625 0.45234375 0.36171875
0 0.43046875 0.3484375 0.41328125 0.3484375 0.41328125 0.3625 0.43046875 0.3625 0.43046875 0.3484375
0 0.4328125 0.36640625 0.4171875 0.36640625 0.4171875 0.38046875 0.4328125 0.38046875 0.4328125 0.36640625
0 0.4671875 0.4140625 0.4359375 0.4140625 0.4359375 0.4359375 0.4671875 0.4359375 0.4671875 0.4140625
0 0.4328125 0.48984375 0.4078125 0.48984375 0.4078125 0.49765625 0.4328125 0.49765625 0.4328125 0.48984375
0 0.46171875 0.4703125 0.45234375 0.4703125 0.45234375 0.4796875 0.46171875 0.4796875 0.46171875 0.4703125
0 0.44140625 0.41171875 0.41328125 0.41171875 0.41328125 0.42578125 0.44140625 0.42578125 0.44140625 0.41171875
0 0.44921875 0.3875 0.43359375 0.3875 0.43359375 0.4 0.44921875 0.4 0.44921875 0.3875
0 0.3578125 0.46953125 0.340625 0.46953125 0.340625 0.48359375 0.3578125 0.48359375 0.3578125 0.46953125
0 0.471875 0.50859375 0.4453125 0.50859375 0.4453125 0.52421875 0.471875 0.52421875 0.471875 0.50859375
0 0.4703125 0.48515625 0.45 0.48515625 0.45 0.49921875 0.4703125 0.49921875 0.4703125 0.48515625
0 0.6234375 0.4734375 0.6078125 0.4734375 0.6078125 0.4859375 0.6234375 0.4859375 0.6234375 0.4734375
0 0.5984375 0.4546875 0.578125 0.4546875 0.578125 0.4671875 0.5984375 0.4671875 0.5984375 0.4546875
0 0.5921875 0.428125 0.575 0.428125 0.575 0.440625 0.5921875 0.440625 0.5921875 0.428125
0 0.53671875 0.4234375 0.51640625 0.4234375 0.51640625 0.4328125 0.53671875 0.4328125 0.53671875 0.4234375
0 0.48984375 0.421875 0.47734375 0.421875 0.47734375 0.43125 0.48984375 0.43125 0.48984375 0.421875
0 0.4703125 0.4375 0.4546875 0.4375 0.4546875 0.4484375 0.4703125 0.4484375 0.4703125 0.4375
0 0.64921875 0.540625 0.63359375 0.540625 0.63359375 0.5515625 0.64921875 0.5515625 0.64921875 0.540625
0 0.5234375 0.534375 0.5046875 0.534375 0.5046875 0.546875 0.5234375 0.546875 0.5234375 0.534375
0 0.66875 0.41328125 0.653125 0.41328125 0.653125 0.42265625 0.66875 0.42265625 0.66875 0.41328125
0 0.74765625 0.3875 0.73046875 0.3875 0.73046875 0.396875 0.74765625 0.396875 0.74765625 0.3875
0 0.66875 0.50078125 0.61875 0.50078125 0.61875 0.53046875 0.66875 0.53046875 0.66875 0.50078125
0 0.55703125 0.44921875 0.53984375 0.44921875 0.53984375 0.46171875 0.55703125 0.46171875 0.55703125 0.44921875
0 0.52890625 0.4453125 0.50859375 0.4453125 0.50859375 0.45625 0.52890625 0.45625 0.52890625 0.4453125
0 0.49609375 0.4546875 0.46015625 0.4546875 0.46015625 0.475 0.49609375 0.475 0.49609375 0.4546875
0 0.6484375 0.2515625 0.628125 0.2515625 0.628125 0.2625 0.6484375 0.2625 0.6484375 0.2515625
0 0.66875 0.2703125 0.65 0.2703125 0.65 0.278125 0.66875 0.278125 0.66875 0.2703125
0 0.63359375 0.271875 0.61328125 0.271875 0.61328125 0.2828125 0.63359375 0.2828125 0.63359375 0.271875
0 0.775 0.23671875 0.746875 0.23671875 0.746875 0.25859375 0.775 0.25859375 0.775 0.23671875
0 0.59375 0.225 0.56875 0.225 0.56875 0.2359375 0.59375 0.2359375 0.59375 0.225
0 0.53671875 0.29140625 0.50390625 0.29140625 0.50390625 0.30390625 0.53671875 0.30390625 0.53671875 0.29140625
0 0.53125 0.36328125 0.5125 0.36328125 0.5125 0.37265625 0.53125 0.37265625 0.53125 0.36328125
0 0.4765625 0.3859375 0.459375 0.3859375 0.459375 0.4 0.4765625 0.4 0.4765625 0.3859375
0 0.55390625 0.39140625 0.53046875 0.39140625 0.53046875 0.40546875 0.55390625 0.40546875 0.55390625 0.39140625
0 0.58125 0.47421875 0.553125 0.47421875 0.553125 0.48515625 0.58125 0.48515625 0.58125 0.47421875
0 0.52265625 0.4921875 0.50078125 0.4921875 0.50078125 0.503125 0.52265625 0.503125 0.52265625 0.4921875
0 0.440625 0.44375 0.41875 0.44375 0.41875 0.4578125 0.440625 0.4578125 0.440625 0.44375
0 0.4078125 0.43671875 0.3953125 0.43671875 0.3953125 0.44921875 0.4078125 0.44921875 0.4078125 0.43671875
0 0.503125 0.528125 0.4640625 0.528125 0.4640625 0.5453125 0.503125 0.5453125 0.503125 0.528125
0 0.55390625 0.50703125 0.51796875 0.50703125 0.51796875 0.53046875 0.55390625 0.53046875 0.55390625 0.50703125
0 0.503125 0.4796875 0.48125 0.4796875 0.48125 0.49375 0.503125 0.49375 0.503125 0.4796875
0 0.3578125 0.37734375 0.3421875 0.37734375 0.3421875 0.39296875 0.3578125 0.39296875 0.3578125 0.37734375