0 0.47890625 0.509375 0.43046875 0.509375 0.43046875 0.5796875 0.47890625 0.5796875 0.47890625 0.509375
0 0.2546875 0.525 0.2015625 0.525 0.2015625 0.5796875 0.2546875 0.5796875 0.2546875 0.525
0 0.790625 0.52578125 0.7453125 0.52578125 0.7453125 0.58515625 0.790625 0.58515625 0.790625 0.52578125
0 0.875 0.51953125 0.821875 0.51953125 0.821875 0.59453125 0.875 0.59453125 0.875 0.51953125
0 0.584375 0.55703125 0.54375 0.55703125 0.54375 0.61640625 0.584375 0.61640625 0.584375 0.55703125
0 0.2 0.55078125 0.146875 0.55078125 0.146875 0.62578125 0.2 0.62578125 0.2 0.55078125
0 0.534375 0.57890625 0.5 0.57890625 0.5 0.63359375 0.534375 0.63359375 0.534375 0.57890625
0 0.325 0.6421875 0.2640625 0.6421875 0.2640625 0.7125 0.325 0.7125 0.325 0.6421875
0 0.3921875 0.703125 0.3265625 0.703125 0.3265625 0.778125 0.3921875 0.778125 0.3921875 0.703125
0 0.70703125 0.71875 0.65859375 0.71875 0.65859375 0.79375 0.70703125 0.79375 0.70703125 0.71875
0 0.76171875 0.82578125 0.72109375 0.82578125 0.72109375 0.88984375 0.76171875 0.88984375 0.76171875 0.82578125
0 0.503125 0.07578125 0.4375 0.07578125 0.4375 0.12734375 0.503125 0.12734375 0.503125 0.07578125
0 0.509375 0.1328125 0.4515625 0.1328125 0.4515625 0.19375 0.509375 0.19375 0.509375 0.1328125
0 0.61796875 0.1328125 0.56015625 0.1328125 0.56015625 0.21875 0.61796875 0.21875 0.61796875 0.1328125
0 0.575 0.25 0.521875 0.25 0.521875 0.3203125 0.575 0.3203125 0.575 0.25
0 0.46328125 0.29765625 0.39921875 0.29765625 0.39921875 0.37578125 0.46328125 0.37578125 0.46328125 0.29765625
0 0.68046875 0.3796875 0.63203125 0.3796875 0.63203125 0.434375 0.68046875 0.434375 0.68046875 0.3796875
0 0.80546875 0.35703125 0.73359375 0.35703125 0.73359375 0.45234375 0.80546875 0.45234375 0.80546875 0.35703125
0 0.47578125 0.4328125 0.43046875 0.4328125 0.43046875 0.49375 0.47578125 0.49375 0.47578125 0.4328125
0 0.69296875 0.4453125 0.65390625 0.4453125 0.65390625 0.490625 0.69296875 0.490625 0.69296875 0.4453125
0 0.540625 0.46484375 0.4828125 0.46484375 0.4828125 0.52890625 0.540625 0.52890625 0.540625 0.46484375