8 0.626091328125 0.1253918515625 0.5570001859375 0.121809225 0.5202113984375 0.11583818593749999 0.45112026250000004 0.11225555937500001 0.40894774843750004 0.10628452031249999 0.35421321250000004 0.1003134796875 0.3502635796875 0.10101748749999999 0.39548843749999996 0.1056874140625 0.4888063390625 0.1176294984375 0.583021525 0.1265860578125 0.651664021875 0.1265860578125 0.626091328125 0.1253918515625
8 0.8234945734375 0.16539782187500002 0.7983705249999999 0.15763546875 0.7949745187499999 0.157089978125 0.8450294749999999 0.17495148437500002 0.9105314640625 0.20898641406250001 0.8719480984375 0.183908046875 0.8450294749999999 0.173160175 0.8234945734375 0.16539782187500002
8 0.4035640265625 0.15584415625 0.466374153125 0.15584415625 0.5363625734374999 0.15584415625 0.605794803125 0.1534747203125 0.5884052515625 0.15226153125 0.518416825 0.15226153125 0.43855824062500004 0.15226153125 0.36498066093750003 0.15405284375 0.3308837375 0.15584415625 0.4035640265625 0.15584415625
8 0.644934365625 0.1534557375 0.606351 0.1534557375 0.605794803125 0.1534747203125 0.6996689015625 0.16002388437499998 0.644934365625 0.1534557375
8 0.16039911406250001 0.1916704 0.1774475734375 0.1916704 0.263587175 0.16181519687499998 0.31921900000000003 0.1570383640625 0.31024612500000004 0.1456933859375 0.216030940625 0.16360650937500001 0.16039911406250001 0.1916704
8 0.533670715625 0.17495148437500002 0.5444381640625 0.2095835203125 0.5390544375 0.2448126578125 0.48431990156250004 0.2770562765625 0.5130330984375 0.266308403125 0.5372598640625 0.251380803125 0.545335453125 0.2322734734375 0.5471300265625 0.18749066875 0.533670715625 0.17495148437500002
8 0.5641784859375 0.27287654843750003 0.5471300265625 0.25914315625 0.5619631140625 0.27656212343750003 0.5641784859375 0.27287654843750003
8 0.5713567875 0.3045230625 0.5928916890625 0.3236303921875 0.5632812015625001 0.2895954625 0.5623839125 0.2770562765625 0.5619631140625 0.27656212343750003 0.5605893390625 0.2788475890625 0.5605893390625 0.2901925671875 0.5713567875 0.3045230625
8 0.904250453125 0.27048813125 0.8638725140625001 0.2430213453125 0.8279810109374999 0.2245111203125 0.78221935 0.20838931249999998 0.7238956609375 0.20241827343750002 0.7678627484375 0.2077922078125 0.8037542515625 0.2221227046875 0.8737426781250001 0.251380803125 0.9069741468749999 0.2730695671875 0.904250453125 0.27048813125
8 0.39638572656250004 0.062098821875 0.4106769625 0.0631269453125 0.38741285312499996 0.0591133015625 0.32998645312499997 0.06747275625 0.39638572656250004 0.062098821875
8 0.5139303875000001 0.0776235265625 0.5406975953125001 0.0786591265625 0.46278499999999995 0.0668756546875 0.4106769625 0.0631269453125 0.4358663765625 0.06747275625 0.5139303875000001 0.0776235265625
8 0.6512153765625001 0.08001194218749999 0.659689759375 0.080989421875 0.6341669125 0.077026421875 0.583895825 0.08033043281249999 0.5910971140625 0.080609046875 0.6512153765625001 0.08001194218749999
8 0.561486628125 0.08180325468750001 0.583895825 0.08033043281249999 0.5406975953125001 0.0786591265625 0.561486628125 0.08180325468750001
8 0.659689759375 0.080989421875 0.7149227875 0.0895656078125 0.7669654640625 0.108672934375 0.801959678125 0.12061501875 0.8155637109375 0.1287048140625 0.7983705249999999 0.1134497671875 0.7642736015625 0.10688162500000001 0.718511940625 0.0877742953125 0.659689759375 0.080989421875
8 0.8155637109375 0.1287048140625 0.830672875 0.1421107640625 0.9150179015625 0.180325421875 0.8441321859375 0.1456933859375 0.8155637109375 0.1287048140625
8 0.49419006562499995 0.213763246875 0.4807307484375 0.198835646875 0.47086059062499996 0.1665920296875 0.47534702656250005 0.20241827343750002 0.505854803125 0.240035825 0.49419006562499995 0.213763246875
8 0.25098120156250003 0.6507434875 0.2824682515625 0.615384959375 0.26717632812500003 0.627556353125 0.25098120156250003 0.6507434875
8 0.198982475 0.7374234953125 0.1334804859375 0.79235706875 0.2007770484375 0.7386177046875 0.216030940625 0.717121959375 0.2375658359375 0.6699507375 0.25098120156250003 0.6507434875 0.2402577 0.6627854906249999 0.2285929625 0.6878638625 0.198982475 0.7374234953125
8 0.8746399625000001 0.525451559375 0.8441321859375 0.5057471265625 0.8728453875 0.525451559375 0.8979694374999999 0.5553067640625 0.9183766671875 0.5950410765624999 0.9159151859374999 0.5857590687500001 0.8979694374999999 0.55052993125 0.8746399625000001 0.525451559375
8 0.9383473765625 0.6747275703125 0.9221962015624999 0.6024779812500001 0.9183766671875 0.5950410765624999 0.9320663609375 0.6466636796875 0.9383473765625 0.6747275703125
8 0.0922052625 0.527839975 0.054519185937500006 0.559486490625 0.0526348859375 0.56423818125 0.0688757875 0.5517241375 0.09041068906250001 0.5302283921875001 0.139761503125 0.5123152734375 0.0922052625 0.527839975
8 0.315629853125 0.2077922078125 0.2106472125 0.232870578125 0.2931976609375 0.214360353125 0.315629853125 0.2077922078125
8 0.9841090375 0.5642633234375001 0.9598822734375 0.5373936406250001 0.933860940625 0.5045529203125 0.8961748640625 0.48902821406249997 0.9275799234375001 0.5027616078125 0.9841090375 0.5642633234375001
8 0.139761503125 0.48246006875 0.041059875 0.5266457671875 0.040618721875 0.5283908687500001 0.09579441562499999 0.5021645015625 0.139761503125 0.48246006875
8 0.039265299999999996 0.5290341859375001 0.0249087 0.5905359015625 0.040618721875 0.5283908687500001 0.039265299999999996 0.5290341859375001