6 0.41015625 0.415625 0.28671875 0.415625 0.28671875 0.54375 0.41015625 0.54375 0.41015625 0.415625
6 0.7296875 0.41796875 0.6140625 0.41796875 0.6140625 0.51953125 0.7296875 0.51953125 0.7296875 0.41796875
6 0.5265625 0.421875 0.4609375 0.421875 0.4609375 0.4828125 0.5265625 0.4828125 0.5265625 0.421875
0 0.64140625 0.15234375 0.61484375 0.15234375 0.61484375 0.17421875 0.64140625 0.17421875 0.64140625 0.15234375
0 0.4921875 0.2953125 0.471875 0.2953125 0.471875 0.309375 0.4921875 0.309375 0.4921875 0.2953125
0 0.59375 0.54609375 0.5734375 0.54609375 0.5734375 0.56015625 0.59375 0.56015625 0.59375 0.54609375
8 0.67421875 0.5484375 0.63828125 0.5484375 0.63828125 0.6265625 0.67421875 0.6265625 0.67421875 0.5484375
0 0.40078125 0.53671875 0.37890625 0.53671875 0.37890625 0.55234375 0.40078125 0.55234375 0.40078125 0.53671875
0 0.29140625 0.5671875 0.27265625 0.5671875 0.27265625 0.5828125 0.29140625 0.5828125 0.29140625 0.5671875
0 0.465625 0.23046875 0.44375 0.23046875 0.44375 0.24296875 0.465625 0.24296875 0.465625 0.23046875
0 0.45234375 0.10546875 0.42890625 0.10546875 0.42890625 0.12109375 0.45234375 0.12109375 0.45234375 0.10546875