0 0.62109375 0.1703125 0.60234375 0.1703125 0.60234375 0.18125 0.62109375 0.18125 0.62109375 0.1703125
0 0.6828125 0.2171875 0.6625 0.2171875 0.6625 0.2375 0.6828125 0.2375 0.6828125 0.2171875
0 0.71484375 0.190625 0.69453125 0.190625 0.69453125 0.2046875 0.71484375 0.2046875 0.71484375 0.190625
0 0.75546875 0.25234375 0.72578125 0.25234375 0.72578125 0.27265625 0.75546875 0.27265625 0.75546875 0.25234375
0 0.74375 0.24375 0.7234375 0.24375 0.7234375 0.2546875 0.74375 0.2546875 0.74375 0.24375
0 0.71875 0.259375 0.70625 0.259375 0.70625 0.26875 0.71875 0.26875 0.71875 0.259375
0 0.68125 0.24296875 0.6546875 0.24296875 0.6546875 0.25390625 0.68125 0.25390625 0.68125 0.24296875
0 0.61953125 0.1875 0.59765625 0.1875 0.59765625 0.1953125 0.61953125 0.1953125 0.61953125 0.1875
0 0.6390625 0.190625 0.621875 0.190625 0.621875 0.2046875 0.6390625 0.2046875 0.6390625 0.190625
0 0.559375 0.18984375 0.54375 0.18984375 0.54375 0.20078125 0.559375 0.20078125 0.559375 0.18984375
0 0.56328125 0.421875 0.54921875 0.421875 0.54921875 0.43125 0.56328125 0.43125 0.56328125 0.421875
0 0.46328125 0.30625 0.43671875 0.30625 0.43671875 0.325 0.46328125 0.325 0.46328125 0.30625
0 0.4921875 0.209375 0.471875 0.209375 0.471875 0.2234375 0.4921875 0.2234375 0.4921875 0.209375
0 0.49296875 0.14296875 0.47734375 0.14296875 0.47734375 0.15234375 0.49296875 0.15234375 0.49296875 0.14296875
0 0.4203125 0.25859375 0.403125 0.25859375 0.403125 0.27109375 0.4203125 0.27109375 0.4203125 0.25859375
0 0.64453125 0.15625 0.63046875 0.15625 0.63046875 0.171875 0.64453125 0.171875 0.64453125 0.15625
0 0.64921875 0.225 0.63828125 0.225 0.63828125 0.2359375 0.64921875 0.2359375 0.64921875 0.225
0 0.6578125 0.23984375 0.6375 0.23984375 0.6375 0.25234375 0.6578125 0.25234375 0.6578125 0.23984375
0 0.71640625 0.22578125 0.68984375 0.22578125 0.68984375 0.24609375 0.71640625 0.24609375 0.71640625 0.22578125
0 0.60625 0.21015625 0.590625 0.21015625 0.590625 0.22421875 0.60625 0.22421875 0.60625 0.21015625
0 0.5703125 0.32890625 0.55 0.32890625 0.55 0.34921875 0.5703125 0.34921875 0.5703125 0.32890625
0 0.53515625 0.35625 0.51953125 0.35625 0.51953125 0.371875 0.53515625 0.371875 0.53515625 0.35625
0 0.53125 0.1984375 0.509375 0.1984375 0.509375 0.221875 0.53125 0.221875 0.53125 0.1984375
0 0.29140625 0.54453125 0.27265625 0.54453125 0.27265625 0.56171875 0.29140625 0.56171875 0.29140625 0.54453125