0 0.46875 0.51953125 0.44375 0.51953125 0.44375 0.53515625 0.46875 0.53515625 0.46875 0.51953125
0 0.20234375 0.45078125 0.17734375 0.45078125 0.17734375 0.47265625 0.20234375 0.47265625 0.20234375 0.45078125
0 0.3046875 0.3546875 0.284375 0.3546875 0.284375 0.3734375 0.3046875 0.3734375 0.3046875 0.3546875
0 0.56796875 0.30859375 0.54765625 0.30859375 0.54765625 0.32109375 0.56796875 0.32109375 0.56796875 0.30859375
0 0.48828125 0.334375 0.46953125 0.334375 0.46953125 0.35 0.48828125 0.35 0.48828125 0.334375
0 0.63203125 0.41328125 0.61484375 0.41328125 0.61484375 0.43203125 0.63203125 0.43203125 0.63203125 0.41328125
0 0.609375 0.3875 0.59375 0.3875 0.59375 0.403125 0.609375 0.403125 0.609375 0.3875
0 0.5671875 0.396875 0.5546875 0.396875 0.5546875 0.4078125 0.5671875 0.4078125 0.5671875 0.396875
0 0.6078125 0.53046875 0.578125 0.53046875 0.578125 0.55546875 0.6078125 0.55546875 0.6078125 0.53046875
0 0.58046875 0.525 0.54921875 0.525 0.54921875 0.5515625 0.58046875 0.5515625 0.58046875 0.525
0 0.5359375 0.60234375 0.5234375 0.60234375 0.5234375 0.61640625 0.5359375 0.61640625 0.5359375 0.60234375
0 0.57890625 0.6328125 0.55546875 0.6328125 0.55546875 0.659375 0.57890625 0.659375 0.57890625 0.6328125
0 0.6140625 0.6203125 0.5953125 0.6203125 0.5953125 0.6390625 0.6140625 0.6390625 0.6140625 0.6203125
0 0.53515625 0.76875 0.51953125 0.76875 0.51953125 0.7875 0.53515625 0.7875 0.53515625 0.76875
0 0.41640625 0.8046875 0.38671875 0.8046875 0.38671875 0.825 0.41640625 0.825 0.41640625 0.8046875
0 0.571875 0.48359375 0.546875 0.48359375 0.546875 0.49921875 0.571875 0.49921875 0.571875 0.48359375
0 0.55625 0.415625 0.5390625 0.415625 0.5390625 0.4296875 0.55625 0.4296875 0.55625 0.415625
0 0.53984375 0.29453125 0.50703125 0.29453125 0.50703125 0.33046875 0.53984375 0.33046875 0.53984375 0.29453125
0 0.18984375 0.25 0.16953125 0.25 0.16953125 0.2796875 0.18984375 0.2796875 0.18984375 0.25
0 0.2953125 0.23984375 0.271875 0.23984375 0.271875 0.26015625 0.2953125 0.26015625 0.2953125 0.23984375
0 0.2375 0.2484375 0.2109375 0.2484375 0.2109375 0.26875 0.2375 0.26875 0.2375 0.2484375
0 0.26328125 0.24375 0.24296875 0.24375 0.24296875 0.2609375 0.26328125 0.2609375 0.26328125 0.24375
0 0.20078125 0.28671875 0.18515625 0.28671875 0.18515625 0.30234375 0.20078125 0.30234375 0.20078125 0.28671875
0 0.37421875 0.25078125 0.34296875 0.25078125 0.34296875 0.26640625 0.37421875 0.26640625 0.37421875 0.25078125
0 0.56875 0.334375 0.528125 0.334375 0.528125 0.38125 0.56875 0.38125 0.56875 0.334375
6 0.49921875 0.53125 0.37265625 0.53125 0.37265625 0.6203125 0.49921875 0.6203125 0.49921875 0.53125