0 0.68984375 0.46015625 0.67265625 0.46015625 0.67265625 0.47265625 0.68984375 0.47265625 0.68984375 0.46015625
0 0.60703125 0.26640625 0.52890625 0.26640625 0.52890625 0.30546875 0.60703125 0.30546875 0.60703125 0.26640625
0 0.71328125 0.3265625 0.67265625 0.3265625 0.67265625 0.3484375 0.71328125 0.3484375 0.71328125 0.3265625
0 0.77265625 0.30390625 0.75390625 0.30390625 0.75390625 0.33203125 0.77265625 0.33203125 0.77265625 0.30390625
0 0.7578125 0.3359375 0.734375 0.3359375 0.734375 0.3515625 0.7578125 0.3515625 0.7578125 0.3359375
0 0.4765625 0.28984375 0.4265625 0.28984375 0.4265625 0.31796875 0.4765625 0.31796875 0.4765625 0.28984375
0 0.62109375 0.2453125 0.59140625 0.2453125 0.59140625 0.25625 0.62109375 0.25625 0.62109375 0.2453125
0 0.6390625 0.32109375 0.6171875 0.32109375 0.6171875 0.33359375 0.6390625 0.33359375 0.6390625 0.32109375
0 0.32734375 0.43203125 0.30390625 0.43203125 0.30390625 0.45078125 0.32734375 0.45078125 0.32734375 0.43203125
0 0.2875 0.45625 0.2484375 0.45625 0.2484375 0.4828125 0.2875 0.4828125 0.2875 0.45625
0 0.30625 0.41328125 0.290625 0.41328125 0.290625 0.42265625 0.30625 0.42265625 0.30625 0.41328125
0 0.290625 0.3984375 0.271875 0.3984375 0.271875 0.4109375 0.290625 0.4109375 0.290625 0.3984375
0 0.29296875 0.3703125 0.28046875 0.3703125 0.28046875 0.378125 0.29296875 0.378125 0.29296875 0.3703125
0 0.396875 0.54609375 0.3765625 0.54609375 0.3765625 0.56796875 0.396875 0.56796875 0.396875 0.54609375
0 0.471875 0.6375 0.446875 0.6375 0.446875 0.65 0.471875 0.65 0.471875 0.6375
0 0.4265625 0.64609375 0.4078125 0.64609375 0.4078125 0.65859375 0.4265625 0.65859375 0.4265625 0.64609375
0 0.45703125 0.7390625 0.43828125 0.7390625 0.43828125 0.753125 0.45703125 0.753125 0.45703125 0.7390625
0 0.44453125 0.75703125 0.38984375 0.75703125 0.38984375 0.78671875 0.44453125 0.78671875 0.44453125 0.75703125
0 0.39296875 0.79296875 0.36484375 0.79296875 0.36484375 0.80859375 0.39296875 0.80859375 0.39296875 0.79296875
0 0.38359375 0.78125 0.36328125 0.78125 0.36328125 0.7890625 0.38359375 0.7890625 0.38359375 0.78125
0 0.32578125 0.63046875 0.29296875 0.63046875 0.29296875 0.65546875 0.32578125 0.65546875 0.32578125 0.63046875
0 0.3546875 0.6484375 0.3375 0.6484375 0.3375 0.703125 0.3546875 0.703125 0.3546875 0.6484375
0 0.31015625 0.66484375 0.27109375 0.66484375 0.27109375 0.69296875 0.31015625 0.69296875 0.31015625 0.66484375
0 0.36640625 0.703125 0.31328125 0.703125 0.31328125 0.7453125 0.36640625 0.7453125 0.36640625 0.703125
0 0.5328125 0.8515625 0.5203125 0.8515625 0.5203125 0.8640625 0.5328125 0.8640625 0.5328125 0.8515625
0 0.5796875 0.90703125 0.5515625 0.90703125 0.5515625 0.91953125 0.5796875 0.91953125 0.5796875 0.90703125
0 0.31171875 0.54296875 0.29140625 0.54296875 0.29140625 0.56171875 0.31171875 0.56171875 0.31171875 0.54296875
0 0.2859375 0.565625 0.271875 0.565625 0.271875 0.575 0.2859375 0.575 0.2859375 0.565625
0 0.40546875 0.728125 0.38203125 0.728125 0.38203125 0.7484375 0.40546875 0.7484375 0.40546875 0.728125
0 0.28046875 0.6375 0.24921875 0.6375 0.24921875 0.6578125 0.28046875 0.6578125 0.28046875 0.6375
0 0.4015625 0.4203125 0.3703125 0.4203125 0.3703125 0.44375 0.4015625 0.44375 0.4015625 0.4203125
0 0.45 0.409375 0.425 0.409375 0.425 0.43125 0.45 0.43125 0.45 0.409375
0 0.45078125 0.39609375 0.43984375 0.39609375 0.43984375 0.41015625 0.45078125 0.41015625 0.45078125 0.39609375
0 0.31484375 0.29140625 0.29453125 0.29140625 0.29453125 0.30546875 0.31484375 0.30546875 0.31484375 0.29140625
0 0.50078125 0.24140625 0.48828125 0.24140625 0.48828125 0.24921875 0.50078125 0.24921875 0.50078125 0.24140625
0 0.409375 0.3109375 0.384375 0.3109375 0.384375 0.3296875 0.409375 0.3296875 0.409375 0.3109375
0 0.6984375 0.2796875 0.6765625 0.2796875 0.6765625 0.290625 0.6984375 0.290625 0.6984375 0.2796875
0 0.66875 0.2796875 0.653125 0.2796875 0.653125 0.2921875 0.66875 0.2921875 0.66875 0.2796875
0 0.73671875 0.2546875 0.71796875 0.2546875 0.71796875 0.2671875 0.73671875 0.2671875 0.73671875 0.2546875
0 0.740625 0.28671875 0.728125 0.28671875 0.728125 0.29921875 0.740625 0.29921875 0.740625 0.28671875
0 0.7515625 0.2984375 0.746875 0.2984375 0.746875 0.30625 0.7515625 0.30625 0.7515625 0.2984375
0 0.71953125 0.3125 0.69140625 0.3125 0.69140625 0.325 0.71953125 0.325 0.71953125 0.3125
0 0.6859375 0.2984375 0.665625 0.2984375 0.665625 0.30625 0.6859375 0.30625 0.6859375 0.2984375
0 0.61953125 0.86015625 0.58828125 0.86015625 0.58828125 0.88984375 0.61953125 0.88984375 0.61953125 0.86015625
0 0.53671875 0.90390625 0.49609375 0.90390625 0.49609375 0.92109375 0.53671875 0.92109375 0.53671875 0.90390625
0 0.3140625 0.7375 0.2828125 0.7375 0.2828125 0.75625 0.3140625 0.75625 0.3140625 0.7375
0 0.63984375 0.8984375 0.62734375 0.8984375 0.62734375 0.9078125 0.63984375 0.9078125 0.63984375 0.8984375
6 0.53515625 0.68046875 0.47265625 0.68046875 0.47265625 0.73203125 0.53515625 0.73203125 0.53515625 0.68046875
6 0.49609375 0.65234375 0.43515625 0.65234375 0.43515625 0.67578125 0.49609375 0.67578125 0.49609375 0.65234375
6 0.4734375 0.59765625 0.4125 0.59765625 0.4125 0.63359375 0.4734375 0.63359375 0.4734375 0.59765625
6 0.73046875 0.52265625 0.69609375 0.52265625 0.69609375 0.54765625 0.73046875 0.54765625 0.73046875 0.52265625
6 0.76171875 0.55546875 0.71796875 0.55546875 0.71796875 0.58671875 0.76171875 0.58671875 0.76171875 0.55546875
6 0.57265625 0.7671875 0.54765625 0.7671875 0.54765625 0.790625 0.57265625 0.790625 0.57265625 0.7671875
6 0.5546875 0.640625 0.503125 0.640625 0.503125 0.6703125 0.5546875 0.6703125 0.5546875 0.640625
6 0.478125 0.703125 0.43125 0.703125 0.43125 0.7390625 0.478125 0.7390625 0.478125 0.703125
6 0.40234375 0.603125 0.36953125 0.603125 0.36953125 0.65 0.40234375 0.65 0.40234375 0.603125
0 0.41015625 0.27109375 0.38515625 0.27109375 0.38515625 0.29609375 0.41015625 0.29609375 0.41015625 0.27109375
0 0.5796875 0.23515625 0.55 0.23515625 0.55 0.25703125 0.5796875 0.25703125 0.5796875 0.23515625
0 0.51640625 0.2875 0.49609375 0.2875 0.49609375 0.31875 0.51640625 0.31875 0.51640625 0.2875
0 0.246875 0.5375 0.2296875 0.5375 0.2296875 0.565625 0.246875 0.565625 0.246875 0.5375
1 0.61796875 0.528125 0.44921875 0.528125 0.44921875 0.6078125 0.61796875 0.6078125 0.61796875 0.528125