8 0.27109375 0.7 0.21171875 0.7 0.21171875 0.7328125 0.27109375 0.7328125 0.27109375 0.7
8 0.1921875 0.73359375 0.1296875 0.73359375 0.1296875 0.75703125 0.1921875 0.75703125 0.1921875 0.73359375
0 0.4203125 0.40390625 0.3875 0.40390625 0.3875 0.42109375 0.4203125 0.42109375 0.4203125 0.40390625
0 0.30234375 0.2875 0.27890625 0.2875 0.27890625 0.3015625 0.30234375 0.3015625 0.30234375 0.2875
0 0.26640625 0.29921875 0.24765625 0.29921875 0.24765625 0.31015625 0.26640625 0.31015625 0.26640625 0.29921875
0 0.528125 0.59609375 0.5 0.59609375 0.5 0.61484375 0.528125 0.61484375 0.528125 0.59609375
0 0.50390625 0.63203125 0.48203125 0.63203125 0.48203125 0.66328125 0.50390625 0.66328125 0.50390625 0.63203125
0 0.43125 0.6890625 0.409375 0.6890625 0.409375 0.7015625 0.43125 0.7015625 0.43125 0.6890625
0 0.4609375 0.5375 0.4453125 0.5375 0.4453125 0.5484375 0.4609375 0.5484375 0.4609375 0.5375
0 0.45546875 0.5609375 0.41640625 0.5609375 0.41640625 0.58125 0.45546875 0.58125 0.45546875 0.5609375
0 0.43046875 0.42890625 0.40078125 0.42890625 0.40078125 0.46640625 0.43046875 0.46640625 0.43046875 0.42890625
0 0.45234375 0.4125 0.43046875 0.4125 0.43046875 0.425 0.45234375 0.425 0.45234375 0.4125
0 0.46875 0.43203125 0.4484375 0.43203125 0.4484375 0.45234375 0.46875 0.45234375 0.46875 0.43203125
0 0.34296875 0.4 0.32890625 0.4 0.32890625 0.4140625 0.34296875 0.4140625 0.34296875 0.4
0 0.37734375 0.41640625 0.36171875 0.41640625 0.36171875 0.42421875 0.37734375 0.42421875 0.37734375 0.41640625
0 0.36640625 0.48828125 0.34921875 0.48828125 0.34921875 0.49765625 0.36640625 0.49765625 0.36640625 0.48828125
0 0.4234375 0.4859375 0.3890625 0.4859375 0.3890625 0.5 0.4234375 0.5 0.4234375 0.4859375
0 0.33671875 0.51171875 0.31015625 0.51171875 0.31015625 0.52421875 0.33671875 0.52421875 0.33671875 0.51171875
0 0.36953125 0.50625 0.35703125 0.50625 0.35703125 0.5234375 0.36953125 0.5234375 0.36953125 0.50625
0 0.2875 0.5640625 0.271875 0.5640625 0.271875 0.5734375 0.2875 0.5734375 0.2875 0.5640625
0 0.3453125 0.534375 0.321875 0.534375 0.321875 0.553125 0.3453125 0.553125 0.3453125 0.534375
0 0.43125 0.51875 0.4109375 0.51875 0.4109375 0.5375 0.43125 0.5375 0.43125 0.51875
0 0.4046875 0.5328125 0.3703125 0.5328125 0.3703125 0.5515625 0.4046875 0.5515625 0.4046875 0.5328125
0 0.41796875 0.6171875 0.39921875 0.6171875 0.39921875 0.6296875 0.41796875 0.6296875 0.41796875 0.6171875
0 0.53828125 0.5671875 0.51171875 0.5671875 0.51171875 0.5796875 0.53828125 0.5796875 0.53828125 0.5671875
0 0.49921875 0.47734375 0.48359375 0.47734375 0.48359375 0.49140625 0.49921875 0.49140625 0.49921875 0.47734375
0 0.446875 0.5453125 0.43125 0.5453125 0.43125 0.5578125 0.446875 0.5578125 0.446875 0.5453125
0 0.3234375 0.615625 0.29375 0.615625 0.29375 0.6296875 0.3234375 0.6296875 0.3234375 0.615625
0 0.47578125 0.6109375 0.45390625 0.6109375 0.45390625 0.621875 0.47578125 0.621875 0.47578125 0.6109375
0 0.375 0.55859375 0.359375 0.55859375 0.359375 0.56953125 0.375 0.56953125 0.375 0.55859375
0 0.340625 0.66328125 0.3109375 0.66328125 0.3109375 0.68203125 0.340625 0.68203125 0.340625 0.66328125
0 0.3171875 0.696875 0.29375 0.696875 0.29375 0.7140625 0.3171875 0.7140625 0.3171875 0.696875
0 0.309375 0.71875 0.284375 0.71875 0.284375 0.73125 0.309375 0.73125 0.309375 0.71875
0 0.54765625 0.54765625 0.52734375 0.54765625 0.52734375 0.55859375 0.54765625 0.55859375 0.54765625 0.54765625
0 0.46796875 0.49296875 0.43828125 0.49296875 0.43828125 0.50703125 0.46796875 0.50703125 0.46796875 0.49296875