0 0.53125 0.32734375 0.5046875 0.32734375 0.5046875 0.34921875 0.53125 0.34921875 0.53125 0.32734375
0 0.4375 0.409375 0.4125 0.409375 0.4125 0.425 0.4375 0.425 0.4375 0.409375
0 0.45 0.4359375 0.4203125 0.4359375 0.4203125 0.44375 0.45 0.44375 0.45 0.4359375
0 0.4546875 0.45234375 0.4359375 0.45234375 0.4359375 0.46640625 0.4546875 0.46640625 0.4546875 0.45234375
0 0.5390625 0.4609375 0.5203125 0.4609375 0.5203125 0.4671875 0.5390625 0.4671875 0.5390625 0.4609375
0 0.55390625 0.48203125 0.54140625 0.48203125 0.54140625 0.48984375 0.55390625 0.48984375 0.55390625 0.48203125
0 0.43671875 0.55078125 0.40390625 0.55078125 0.40390625 0.56796875 0.43671875 0.56796875 0.43671875 0.55078125
0 0.45078125 0.53125 0.42734375 0.53125 0.42734375 0.54375 0.45078125 0.54375 0.45078125 0.53125
0 0.471875 0.51171875 0.45625 0.51171875 0.45625 0.52734375 0.471875 0.52734375 0.471875 0.51171875
0 0.5046875 0.51796875 0.4875 0.51796875 0.4875 0.53359375 0.5046875 0.53359375 0.5046875 0.51796875
0 0.52890625 0.52890625 0.51015625 0.52890625 0.51015625 0.55078125 0.52890625 0.55078125 0.52890625 0.52890625
0 0.3640625 0.58515625 0.3390625 0.58515625 0.3390625 0.60234375 0.3640625 0.60234375 0.3640625 0.58515625
0 0.40625 0.61015625 0.3765625 0.61015625 0.3765625 0.63203125 0.40625 0.63203125 0.40625 0.61015625
0 0.40703125 0.578125 0.38203125 0.578125 0.38203125 0.5984375 0.40703125 0.5984375 0.40703125 0.578125
0 0.34453125 0.5671875 0.33046875 0.5671875 0.33046875 0.575 0.34453125 0.575 0.34453125 0.5671875
0 0.33515625 0.68125 0.31171875 0.68125 0.31171875 0.69375 0.33515625 0.69375 0.33515625 0.68125
0 0.5125 0.575 0.49375 0.575 0.49375 0.5875 0.5125 0.5875 0.5125 0.575
0 0.59296875 0.5265625 0.57734375 0.5265625 0.57734375 0.5546875 0.59296875 0.5546875 0.59296875 0.5265625
0 0.40625 0.7296875 0.3875 0.7296875 0.3875 0.7421875 0.40625 0.7421875 0.40625 0.7296875
0 0.4421875 0.60859375 0.425 0.60859375 0.425 0.62578125 0.4421875 0.62578125 0.4421875 0.60859375
0 0.4484375 0.6328125 0.4171875 0.6328125 0.4171875 0.653125 0.4484375 0.653125 0.4484375 0.6328125
0 0.4484375 0.7421875 0.43125 0.7421875 0.43125 0.7546875 0.4484375 0.7546875 0.4484375 0.7421875
0 0.37421875 0.78359375 0.35390625 0.78359375 0.35390625 0.80234375 0.37421875 0.80234375 0.37421875 0.78359375
0 0.50078125 0.70625 0.48046875 0.70625 0.48046875 0.71875 0.50078125 0.71875 0.50078125 0.70625
0 0.43984375 0.69375 0.42421875 0.69375 0.42421875 0.7078125 0.43984375 0.7078125 0.43984375 0.69375
0 0.44375 0.6734375 0.428125 0.6734375 0.428125 0.6859375 0.44375 0.6859375 0.44375 0.6734375
0 0.40390625 0.69140625 0.39140625 0.69140625 0.39140625 0.70234375 0.40390625 0.70234375 0.40390625 0.69140625
0 0.59296875 0.6109375 0.57734375 0.6109375 0.57734375 0.6265625 0.59296875 0.6265625 0.59296875 0.6109375
0 0.62265625 0.5859375 0.59765625 0.5859375 0.59765625 0.6015625 0.62265625 0.6015625 0.62265625 0.5859375
0 0.55703125 0.60625 0.53671875 0.60625 0.53671875 0.6234375 0.55703125 0.6234375 0.55703125 0.60625
0 0.403125 0.48203125 0.375 0.48203125 0.375 0.50546875 0.403125 0.50546875 0.403125 0.48203125
0 0.475 0.3640625 0.453125 0.3640625 0.453125 0.3890625 0.475 0.3890625 0.475 0.3640625
0 0.58125 0.72734375 0.5609375 0.72734375 0.5609375 0.74296875 0.58125 0.74296875 0.58125 0.72734375
0 0.6359375 0.62734375 0.603125 0.62734375 0.603125 0.65546875 0.6359375 0.65546875 0.6359375 0.62734375
0 0.56171875 0.5890625 0.53359375 0.5890625 0.53359375 0.6046875 0.56171875 0.6046875 0.56171875 0.5890625
0 0.48203125 0.61796875 0.45703125 0.61796875 0.45703125 0.63828125 0.48203125 0.63828125 0.48203125 0.61796875
6 0.5671875 0.65 0.5046875 0.65 0.5046875 0.6921875 0.5671875 0.6921875 0.5671875 0.65
6 0.57734375 0.75859375 0.53515625 0.75859375 0.53515625 0.78359375 0.57734375 0.78359375 0.57734375 0.75859375
6 0.434375 0.56640625 0.4 0.56640625 0.4 0.58984375 0.434375 0.58984375 0.434375 0.56640625
6 0.49375 0.58828125 0.453125 0.58828125 0.453125 0.61484375 0.49375 0.61484375 0.49375 0.58828125
6 0.49453125 0.54296875 0.46484375 0.54296875 0.46484375 0.56328125 0.49453125 0.56328125 0.49453125 0.54296875
6 0.5890625 0.55546875 0.5453125 0.55546875 0.5453125 0.57890625 0.5890625 0.57890625 0.5890625 0.55546875
6 0.515625 0.60234375 0.4828125 0.60234375 0.4828125 0.63984375 0.515625 0.63984375 0.515625 0.60234375
6 0.41328125 0.5125 0.37734375 0.5125 0.37734375 0.5328125 0.41328125 0.5328125 0.41328125 0.5125
6 0.45625 0.484375 0.4359375 0.484375 0.4359375 0.5203125 0.45625 0.5203125 0.45625 0.484375
6 0.4375 0.525 0.3875 0.525 0.3875 0.559375 0.4375 0.559375 0.4375 0.525
8 0.65390625 0.66171875 0.61171875 0.66171875 0.61171875 0.73359375 0.65390625 0.73359375 0.65390625 0.66171875
1 0.6859375 0.47890625 0.5921875 0.47890625 0.5921875 0.53046875 0.6859375 0.53046875 0.6859375 0.47890625
0 0.57578125 0.62109375 0.52109375 0.62109375 0.52109375 0.64140625 0.57578125 0.64140625 0.57578125 0.62109375
0 0.42734375 0.4515625 0.40078125 0.4515625 0.40078125 0.4671875 0.42734375 0.4671875 0.42734375 0.4515625
8 0.67109375 0.775 0.63515625 0.775 0.63515625 0.8203125 0.67109375 0.8203125 0.67109375 0.775