0 0.4140625 0.24609375 0.3953125 0.24609375 0.3953125 0.26015625 0.4140625 0.26015625 0.4140625 0.24609375
0 0.53046875 0.18671875 0.51015625 0.18671875 0.51015625 0.20234375 0.53046875 0.20234375 0.53046875 0.18671875
0 0.55703125 0.2046875 0.53828125 0.2046875 0.53828125 0.2265625 0.55703125 0.2265625 0.55703125 0.2046875
0 0.63046875 0.17265625 0.59921875 0.17265625 0.59921875 0.18515625 0.63046875 0.18515625 0.63046875 0.17265625
0 0.5953125 0.19375 0.571875 0.19375 0.571875 0.2046875 0.5953125 0.2046875 0.5953125 0.19375
0 0.76875 0.24609375 0.74375 0.24609375 0.74375 0.26015625 0.76875 0.26015625 0.76875 0.24609375
0 0.7578125 0.278125 0.7375 0.278125 0.7375 0.2921875 0.7578125 0.2921875 0.7578125 0.278125
0 0.4359375 0.19140625 0.415625 0.19140625 0.415625 0.20703125 0.4359375 0.20703125 0.4359375 0.19140625
0 0.5765625 0.1609375 0.5609375 0.1609375 0.5609375 0.1765625 0.5765625 0.1765625 0.5765625 0.1609375
0 0.55859375 0.17421875 0.52265625 0.17421875 0.52265625 0.18671875 0.55859375 0.18671875 0.55859375 0.17421875
0 0.490625 0.18125 0.4671875 0.18125 0.4671875 0.2 0.490625 0.2 0.490625 0.18125
0 0.4640625 0.22421875 0.4375 0.22421875 0.4375 0.23671875 0.4640625 0.23671875 0.4640625 0.22421875
0 0.34140625 0.31796875 0.31796875 0.31796875 0.31796875 0.33515625 0.34140625 0.33515625 0.34140625 0.31796875
0 0.290625 0.37421875 0.271875 0.37421875 0.271875 0.39296875 0.290625 0.39296875 0.290625 0.37421875
6 0.4375 0.4484375 0.4015625 0.4484375 0.4015625 0.484375 0.4375 0.484375 0.4375 0.4484375
6 0.43125 0.4875 0.3625 0.4875 0.3625 0.5109375 0.43125 0.5109375 0.43125 0.4875
6 0.43671875 0.659375 0.40078125 0.659375 0.40078125 0.6828125 0.43671875 0.6828125 0.43671875 0.659375
6 0.4125 0.53515625 0.36875 0.53515625 0.36875 0.56171875 0.4125 0.56171875 0.4125 0.53515625
6 0.42578125 0.615625 0.40546875 0.615625 0.40546875 0.6359375 0.42578125 0.6359375 0.42578125 0.615625
6 0.35234375 0.41875 0.31328125 0.41875 0.31328125 0.446875 0.35234375 0.446875 0.35234375 0.41875
6 0.575 0.75390625 0.5546875 0.75390625 0.5546875 0.77421875 0.575 0.77421875 0.575 0.75390625
6 0.47578125 0.67734375 0.45703125 0.67734375 0.45703125 0.69609375 0.47578125 0.69609375 0.47578125 0.67734375
6 0.378125 0.61640625 0.3453125 0.61640625 0.3453125 0.63359375 0.378125 0.63359375 0.378125 0.61640625
6 0.38359375 0.4609375 0.34453125 0.4609375 0.34453125 0.4765625 0.38359375 0.4765625 0.38359375 0.4609375