8 0.3989202515625 0.1988615953125 0.374380521875 0.1916792359375 0.35792094531249996 0.19212813281250002 0.3390672515625 0.1988615953125 0.352833440625 0.1988615953125 0.3701908125 0.1957193140625 0.39353348125 0.20020828906250002 0.40849673124999997 0.21143072499999999 0.439321028125 0.21816418906249999 0.41986880156249995 0.213226315625 0.3989202515625 0.1988615953125
8 0.41747468125 0.2275910375 0.41986880156249995 0.256769375 0.42046733124999996 0.2953745609375 0.41927027343749995 0.32993966874999997 0.4210658625 0.33218415625 0.422861453125 0.2904366859375 0.422861453125 0.25991165625 0.4195695375 0.23252890937499998 0.41747468125 0.2275910375
8 0.5440637796875001 0.19482151718750002 0.5228159640625 0.20379946875 0.5006703531250001 0.22220426718750003 0.4821159234375 0.24285355156250002 0.490196078125 0.2343245 0.5135387484375 0.2190619828125 0.5291005296875 0.20335057031249998 0.55633364375 0.1943726203125 0.5943403 0.1912303375 0.568603509375 0.190781440625 0.5440637796875001 0.19482151718750002
8 0.3734827265625 0.144544996875 0.3600158 0.1440961 0.33846872031249997 0.16294979375000002 0.3133304609375 0.166092078125 0.3133262765625 0.166097284375 0.33846872031249997 0.166540975 0.35163638124999996 0.1535229484375 0.3689937515625 0.144544996875 0.38904450625 0.1544207421875 0.3958673234375 0.1563326296875 0.3734827265625 0.144544996875
8 0.443810003125 0.16025640937500002 0.4070810671875 0.15947494375 0.41627762187500006 0.162052 0.443810003125 0.16025640937500002
8 0.639529315625 0.1791101046875 0.6631712515625 0.1988615953125 0.6823242125 0.2271421390625 0.6808278875 0.2213064703125 0.6586822765625 0.18853695312500002 0.6317484265625 0.16519428125 0.6128947296875 0.1557674359375 0.585063084375 0.1521762546875 0.55782996875 0.1521762546875 0.5305968546875001 0.16115420625000001 0.49857549843750004 0.1777634140625 0.474634296875 0.20020828906250002 0.45637913281250003 0.2320800125 0.4405180875 0.24868921875 0.4593717828125 0.229835525 0.47642988906249994 0.20379946875 0.5045607984375 0.1759678234375 0.553640259375 0.1557674359375 0.5877564703125 0.1562163328125 0.6194785609375 0.16294979375000002 0.639529315625 0.1791101046875
8 0.64880653125 0.1440961 0.6523977109375 0.14364720312499998 0.6359381359375 0.1261401984375 0.615588115625 0.113122171875 0.592843975 0.1099798890625 0.565610859375 0.113122171875 0.53987406875 0.11985563437499999 0.5006703531250001 0.135567046875 0.469846059375 0.1598075125 0.4468026515625 0.183150184375 0.4575761921875 0.1809056953125 0.4812181296875 0.1544207421875 0.5087505078125 0.1373626375 0.555136584375 0.1194067375 0.5952380953125 0.113122171875 0.6248653296875 0.1243446109375 0.64880653125 0.1440961
8 0.397723190625 0.1252424046875 0.3701908125 0.1086331953125 0.35492829531250003 0.1072865046875 0.3752783171875 0.11581555624999999 0.397723190625 0.1315269703125 0.4261533671875 0.1490339734375 0.44440853281250003 0.1530740484375 0.48391151250000003 0.11850894062499999 0.44560559375000003 0.1508295640625 0.42345998125 0.1431983046875 0.397723190625 0.1252424046875
8 0.6224712109375 0.0848416296875 0.6075079609375 0.0834949359375 0.57937705 0.0839438328125 0.54286671875 0.0870861171875 0.55782996875 0.08977950312500001 0.585063084375 0.08933060312499999 0.6128947296875 0.08933060312499999 0.6359381359375 0.09830855468750001 0.6742440578125 0.12254902031249999 0.6485072656249999 0.10234863281249999 0.6224712109375 0.0848416296875
8 0.3118341359375 0.10324642656250001 0.30195839062499996 0.11716225 0.30614810000000003 0.11716225 0.3130311953125 0.10504201718749999 0.32709665 0.10324642656250001 0.349840790625 0.0861883203125 0.35043932031249997 0.0821482453125 0.360913596875 0.0848416296875 0.37797170156250004 0.08933060312499999 0.3917378921875 0.097410759375 0.4090952609375 0.10773540156250001 0.437824703125 0.11536665937499999 0.45787545781250005 0.10818429843749999 0.47523282812499995 0.10773540156250001 0.48899901874999996 0.10055304218750001 0.516232134375 0.088432809375 0.5410711296875 0.0794548578125 0.5542387890625 0.0740680875 0.5183269890625 0.0803526546875 0.47642988906249994 0.0987574515625 0.440218821875 0.11177547968749998 0.4111901171875 0.10234863281249999 0.37857023125 0.08573942343749999 0.35043932031249997 0.0781081671875 0.32709665 0.096064065625 0.3118341359375 0.10324642656250001
8 0.6571859515625 0.0794548578125 0.6419234359375 0.07227249687500001 0.60930355 0.0574588796875 0.6012233953125 0.060601164062500004 0.6703536109375 0.091575090625 0.6990830515625001 0.12030453125 0.7125499765625001 0.14364720312499998 0.6990830515625001 0.1194067375 0.6766381765625 0.094717375 0.6571859515625 0.0794548578125
8 0.44829897656249995 0.0767614734375 0.4246570421875 0.0825971421875 0.4186717421875 0.0799037578125 0.3887452421875 0.07092580625 0.3794680265625 0.06374344531250001 0.3555268265625 0.0601522671875 0.3321841546875 0.0655390375 0.3160238453125 0.073619190625 0.337870190625 0.06643683125 0.3603150671875 0.0614989578125 0.38455553125 0.07227249687500001 0.4231607171875 0.0843927296875 0.44351073750000003 0.0799037578125 0.4895975484375 0.0632945484375 0.53987406875 0.0525210078125 0.598829275 0.0516232125 0.63384328125 0.052072110937500006 0.6224712109375 0.047583134375 0.5874572062500001 0.045787546875 0.55633364375 0.047134237499999995 0.5225167 0.051174315625 0.502765209375 0.0583566765625 0.4749335640625 0.0650901390625 0.44829897656249995 0.0767614734375
8 0.29986353593750004 0.0597033671875 0.2905863203125 0.08080155156249999 0.29717015 0.072721396875 0.3115348703125 0.05790777968750001 0.330987096875 0.045787546875 0.358519475 0.025138259375 0.34565108125 0.0332184171875 0.32290694062499997 0.046685340625 0.29986353593750004 0.0597033671875
8 0.6892073078125 0.0588055734375 0.6613756625 0.043543059375 0.63683593125 0.029627235937500003 0.615588115625 0.028729440625 0.6365366671875 0.033667314062499995 0.661076396875 0.049827621875 0.6871124531249999 0.0650901390625 0.7023749671874999 0.0794548578125 0.72332351875 0.116713353125 0.71464483125 0.092023990625 0.6892073078125 0.0588055734375
8 0.54436304375 0.1777634140625 0.5632167406249999 0.1755189265625 0.5904498546875 0.1696832578125 0.5763844 0.166092078125 0.5362828890625 0.1777634140625 0.528202734375 0.1943726203125 0.54436304375 0.1777634140625
8 0.6806576796875 0.5024509796875 0.69291258125 0.5170036765625 0.6893382359375 0.50398284375 0.674530228125 0.4932598046875 0.6643178109375001 0.4787071078125 0.6704452609375 0.490962009375 0.6806576796875 0.5024509796875
8 0.668402778125 0.528492646875 0.6638071890624999 0.5223651953124999 0.6689133984375 0.5415134796875 0.6791258171875 0.5614276953124999 0.6842320265625 0.5744485296875 0.6934232031249999 0.5798100484375001 0.7092524515624999 0.6165747546875 0.698018790625 0.5813419125 0.68678513125 0.565257353125 0.668402778125 0.528492646875
8 0.705167484375 0.4764093140625 0.723039215625 0.4978553921875 0.7409109484374999 0.5338541671875 0.7434640515625001 0.5568321078125 0.7409109484374999 0.5193014703125 0.73120915 0.4993872546875 0.7189542484375 0.48483455937500003 0.6944444437499999 0.4610906859375 0.705167484375 0.4764093140625
8 0.7220179734375 0.4212622546875 0.700061275 0.4151348046875 0.696486928125 0.4212622546875 0.7046568625 0.42585784374999996 0.7255923203125 0.42585784374999996 0.752655228125 0.4212622546875 0.76950571875 0.41360294062499997 0.7455065359375 0.41896446093749995 0.7220179734375 0.4212622546875