0 0.56875 0.30625 0.553125 0.30625 0.553125 0.325 0.56875 0.325 0.56875 0.30625
0 0.4578125 0.30625 0.4328125 0.30625 0.4328125 0.325 0.4578125 0.325 0.4578125 0.30625
0 0.53125 0.26171875 0.5078125 0.26171875 0.5078125 0.27421875 0.53125 0.27421875 0.53125 0.26171875
0 0.55625 0.24609375 0.5328125 0.24609375 0.5328125 0.26015625 0.55625 0.26015625 0.55625 0.24609375
0 0.58671875 0.225 0.57421875 0.225 0.57421875 0.2375 0.58671875 0.2375 0.58671875 0.225
0 0.5453125 0.3421875 0.521875 0.3421875 0.521875 0.3578125 0.5453125 0.3578125 0.5453125 0.3421875
0 0.57734375 0.353125 0.56015625 0.353125 0.56015625 0.3671875 0.57734375 0.3671875 0.57734375 0.353125
0 0.4484375 0.26875 0.4296875 0.26875 0.4296875 0.278125 0.4484375 0.278125 0.4484375 0.26875
0 0.5078125 0.27890625 0.4953125 0.27890625 0.4953125 0.28828125 0.5078125 0.28828125 0.5078125 0.27890625
0 0.4328125 0.32109375 0.41875 0.32109375 0.41875 0.32890625 0.4328125 0.32890625 0.4328125 0.32109375
0 0.37109375 0.52421875 0.35546875 0.52421875 0.35546875 0.53828125 0.37109375 0.53828125 0.37109375 0.52421875
0 0.32734375 0.5140625 0.31328125 0.5140625 0.31328125 0.521875 0.32734375 0.521875 0.32734375 0.5140625
0 0.3765625 0.4921875 0.3640625 0.4921875 0.3640625 0.5015625 0.3765625 0.5015625 0.3765625 0.4921875
0 0.71015625 0.6140625 0.69921875 0.6140625 0.69921875 0.621875 0.71015625 0.621875 0.71015625 0.6140625
0 0.70390625 0.63125 0.69140625 0.63125 0.69140625 0.6421875 0.70390625 0.6421875 0.70390625 0.63125
0 0.6828125 0.646875 0.671875 0.646875 0.671875 0.65625 0.6828125 0.65625 0.6828125 0.646875
0 0.65859375 0.68125 0.65078125 0.68125 0.65078125 0.690625 0.65859375 0.690625 0.65859375 0.68125
0 0.53359375 0.50859375 0.49765625 0.50859375 0.49765625 0.53671875 0.53359375 0.53671875 0.53359375 0.50859375
6 0.421875 0.51484375 0.384375 0.51484375 0.384375 0.55390625 0.421875 0.55390625 0.421875 0.51484375
0 0.6296875 0.29609375 0.6 0.29609375 0.6 0.32265625 0.6296875 0.32265625 0.6296875 0.29609375
0 0.54375 0.328125 0.5234375 0.328125 0.5234375 0.340625 0.54375 0.340625 0.54375 0.328125
0 0.51640625 0.36171875 0.50078125 0.36171875 0.50078125 0.38046875 0.51640625 0.38046875 0.51640625 0.36171875
0 0.63984375 0.2359375 0.61796875 0.2359375 0.61796875 0.25 0.63984375 0.25 0.63984375 0.2359375
0 0.42734375 0.28203125 0.39609375 0.28203125 0.39609375 0.29921875 0.42734375 0.29921875 0.42734375 0.28203125
0 0.33828125 0.578125 0.31171875 0.578125 0.31171875 0.590625 0.33828125 0.590625 0.33828125 0.578125
1 0.73125 0.453125 0.5828125 0.453125 0.5828125 0.490625 0.73125 0.490625 0.73125 0.453125
1 0.46796875 0.4484375 0.31953125 0.4484375 0.31953125 0.4859375 0.46796875 0.4859375 0.46796875 0.4484375