8 0.40754515781249995 0.11826694062500001 0.405577596875 0.118971740625 0.406729525 0.1186747578125 0.423314084375 0.11255750312499999 0.43418920625 0.113780953125 0.45213315468750004 0.117859121875 0.454196334375 0.116099353125 0.44778310625 0.11541222031250001 0.42385784062500004 0.1105184171875 0.40754515781249995 0.11826694062500001
8 0.3788927953125 0.132767103125 0.38932933125 0.12479201250000001 0.405577596875 0.118971740625 0.38932933125 0.12316074531250001 0.3788927953125 0.132767103125
8 0.37736669843750004 0.13417180625 0.3788927953125 0.132767103125 0.37491979531249997 0.1358030734375 0.366253684375 0.1494522015625 0.37736669843750004 0.13417180625
8 0.43799549843749996 0.1794394953125 0.43201418125 0.19942253125 0.44044239999999996 0.18229421562499998 0.44098615468749996 0.168836253125 0.44560808124999995 0.134579621875 0.441258034375 0.1521157546875 0.43993650000000006 0.1460449578125 0.441258034375 0.16190336249999998 0.43799549843749996 0.1794394953125
8 0.4540363 0.1349874390625 0.45539569062499996 0.1398812421875 0.4545800578125 0.16190336249999998 0.4532206671875 0.17005970312500002 0.45621132500000006 0.157009559375 0.45621132500000006 0.142328146875 0.45376442343749995 0.1243841953125 0.4540363 0.1349874390625
8 0.5296183921875001 0.1060324296875 0.5370799328125 0.1060324296875 0.52635585625 0.101954259375 0.513758840625 0.101954259375 0.5296183921875001 0.1060324296875
8 0.5973160203125001 0.0999151734375 0.5728469984375 0.11459658749999999 0.5636031453125 0.11500440468749999 0.5461415609375 0.1094484453125 0.5557186828125 0.113780953125 0.570400096875 0.117859121875 0.6035692140625 0.0962448203125 0.5973160203125001 0.0999151734375
8 0.5056646984375 0.10221709062499999 0.49264297968750004 0.10317771093749999 0.47877720156250003 0.109294965625 0.46654268906249996 0.1313170859375 0.473883396875 0.11908257656250001 0.48638978593750004 0.106440246875 0.5056646984375 0.10221709062499999
8 0.48829293281249997 0.13376398750000001 0.483399128125 0.12193729375 0.48611790781249997 0.1394734265625 0.484486640625 0.1639424484375 0.4920992234375 0.19045055625 0.4964492734375 0.1928974578125 0.49264297968750004 0.1786238625 0.487477296875 0.16638935 0.487477296875 0.15007666875 0.48829293281249997 0.13376398750000001
8 0.5209182953125 0.15456265625 0.524452709375 0.1598642796875 0.51520885625 0.1398812421875 0.502974346875 0.1243841953125 0.4969930296875 0.11459658749999999 0.5097712953125 0.13661870781250002 0.5209182953125 0.15456265625
8 0.3349537265625 0.1402890609375 0.3458288484375 0.1313170859375 0.3629571640625 0.11908257656250001 0.373832284375 0.1060324296875 0.3596946265625 0.11826694062500001 0.3431100671875 0.129278 0.32081606875 0.15497047343749998 0.3349537265625 0.1402890609375
8 0.3265255078125 0.106440246875 0.30586277812499996 0.12968581875000001 0.3159222640625 0.1198982078125 0.34283818906249997 0.09542918593750001 0.36350091875 0.0823790421875 0.39313562343749997 0.0791165046875 0.4197796703125 0.08401030937500001 0.44343305937500005 0.0831946765625 0.47116461562499995 0.0774852375 0.4920992234375 0.0705523484375 0.5097712953125 0.073814884375 0.54212478125 0.073814884375 0.5454138421875 0.074292328125 0.5404935125 0.072183615625 0.5176557578125001 0.07177579843750001 0.4999836875 0.06973671249999999 0.48312725 0.06973671249999999 0.467630203125 0.07585396875 0.44805498593750004 0.08033995625 0.420051546875 0.08156340625 0.3961262828125 0.076669603125 0.3615977734375 0.080747775 0.3509945296875 0.08768066249999999 0.3265255078125 0.106440246875
8 0.5116744421874999 0.048122409375 0.541309146875 0.05220058125 0.5636031453125 0.0599491046875 0.5829064859375 0.06973671249999999 0.5975878984375 0.07177579843750001 0.5706719734375 0.059133470312500006 0.5459310734375 0.048530228125000005 0.51847139375 0.0456755078125 0.4956336390625 0.0456755078125 0.471708371875 0.04771459375 0.4494143734375 0.046898957812499996 0.413526475 0.048530228125000005 0.381716746875 0.0460833265625 0.37356040468749996 0.0493458609375 0.347460115625 0.0587256546875 0.32190358125 0.0762617875 0.304775265625 0.088496296875 0.3365849953125 0.06769762812499999 0.3651321875 0.0554631171875 0.3841636484375 0.048530228125000005 0.41379835312499996 0.0505693140625 0.4442486921875 0.0505693140625 0.46654268906249996 0.0505693140625 0.5116744421874999 0.048122409375
8 0.5407653906250001 0.015904865625 0.5627875109375 0.024469021875 0.578284559375 0.033033179687500004 0.600306678125 0.0460833265625 0.5910628250000001 0.0383348015625 0.578284559375 0.027731559375 0.5532717796875 0.0175361328125 0.5366872203125 0.011011059375 0.5201026625 0.0097876078125 0.5024305906250001 0.0061172546874999996 0.485302275 0.0061172546874999996 0.46083325156250005 0.011011059375 0.43473296093749997 0.011011059375 0.41407023125000003 0.011011059375 0.385251159375 0.011011059375 0.36458843124999996 0.0216143046875 0.3458288484375 0.02528465625 0.34448009687500003 0.026785685937499998 0.361054015625 0.02406120625 0.3798136 0.016720496874999997 0.395310646875 0.0134579625 0.41923591406250005 0.0134579625 0.449686253125 0.015904865625 0.46545517812500004 0.01957521875 0.48203973749999995 0.0122345125 0.49835242031250004 0.0069328890625 0.523637075 0.0146814140625 0.5407653906250001 0.015904865625
8 0.5657781703125 0.3947668921875 0.5513686343749999 0.3788620265625 0.5402216359375 0.3584711765625 0.531249659375 0.34378976250000004 0.5377747312500001 0.360918078125 0.54429980625 0.3743760390625 0.559796853125 0.3947668921875 0.5771970453125 0.40047633125 0.5954128734374999 0.40292323281250003 0.6027535796875 0.40292323281250003 0.584537753125 0.396805978125 0.5657781703125 0.3947668921875
8 0.3338662140625 0.43758768124999997 0.33767250625 0.43758768124999997 0.35616021249999996 0.41230302500000005 0.372201015625 0.3939512578125 0.390144965625 0.36907441875 0.39041684375 0.360510259375 0.39150435625 0.339711590625 0.38661055 0.3662196984375 0.3787260875 0.38334801406249996 0.36458843124999996 0.39966069531250004 0.3471882375 0.420459365625 0.3338662140625 0.43758768124999997