0 0.6171875 0.26015625 0.5875 0.26015625 0.5875 0.27265625 0.6171875 0.27265625 0.6171875 0.26015625
0 0.58828125 0.2671875 0.56640625 0.2671875 0.56640625 0.2828125 0.58828125 0.2828125 0.58828125 0.2671875
0 0.53984375 0.17421875 0.49140625 0.17421875 0.49140625 0.18828125 0.53984375 0.18828125 0.53984375 0.17421875
0 0.4671875 0.22734375 0.4453125 0.22734375 0.4453125 0.24453125 0.4671875 0.24453125 0.4671875 0.22734375
0 0.453125 0.23984375 0.425 0.23984375 0.425 0.25859375 0.453125 0.25859375 0.453125 0.23984375
0 0.50234375 0.2828125 0.47109375 0.2828125 0.47109375 0.2890625 0.50234375 0.2890625 0.50234375 0.2828125
0 0.72578125 0.27265625 0.71171875 0.27265625 0.71171875 0.28984375 0.72578125 0.28984375 0.72578125 0.27265625
0 0.6171875 0.153125 0.5984375 0.153125 0.5984375 0.165625 0.6171875 0.165625 0.6171875 0.153125
0 0.6984375 0.2875 0.6765625 0.2875 0.6765625 0.309375 0.6984375 0.309375 0.6984375 0.2875
0 0.56171875 0.22265625 0.53359375 0.22265625 0.53359375 0.24140625 0.56171875 0.24140625 0.56171875 0.22265625
0 0.325 0.53125 0.303125 0.53125 0.303125 0.54375 0.325 0.54375 0.325 0.53125
0 0.2640625 0.4640625 0.2390625 0.4640625 0.2390625 0.478125 0.2640625 0.478125 0.2640625 0.4640625
0 0.2453125 0.51875 0.2140625 0.51875 0.2140625 0.54375 0.2453125 0.54375 0.2453125 0.51875
0 0.29453125 0.58359375 0.24140625 0.58359375 0.24140625 0.60859375 0.29453125 0.60859375 0.29453125 0.58359375
0 0.309375 0.64296875 0.28125 0.64296875 0.28125 0.66328125 0.309375 0.66328125 0.309375 0.64296875
0 0.34453125 0.6453125 0.32109375 0.6453125 0.32109375 0.6609375 0.34453125 0.6609375 0.34453125 0.6453125
0 0.41953125 0.55078125 0.39921875 0.55078125 0.39921875 0.56328125 0.41953125 0.56328125 0.41953125 0.55078125
0 0.47421875 0.5390625 0.44609375 0.5390625 0.44609375 0.5515625 0.47421875 0.5515625 0.47421875 0.5390625
0 0.39453125 0.53046875 0.37578125 0.53046875 0.37578125 0.54140625 0.39453125 0.54140625 0.39453125 0.53046875
0 0.3734375 0.540625 0.346875 0.540625 0.346875 0.5515625 0.3734375 0.5515625 0.3734375 0.540625
0 0.265625 0.55390625 0.2359375 0.55390625 0.2359375 0.56640625 0.265625 0.56640625 0.265625 0.55390625
0 0.3984375 0.6265625 0.375 0.6265625 0.375 0.6421875 0.3984375 0.6421875 0.3984375 0.6265625
0 0.27734375 0.38671875 0.25546875 0.38671875 0.25546875 0.39765625 0.27734375 0.39765625 0.27734375 0.38671875
0 0.2703125 0.30703125 0.2515625 0.30703125 0.2515625 0.32109375 0.2703125 0.32109375 0.2703125 0.30703125
0 0.23828125 0.40546875 0.21328125 0.40546875 0.21328125 0.42109375 0.23828125 0.42109375 0.23828125 0.40546875
0 0.228125 0.46484375 0.2078125 0.46484375 0.2078125 0.48515625 0.228125 0.48515625 0.228125 0.46484375
0 0.34609375 0.5875 0.32890625 0.5875 0.32890625 0.6 0.34609375 0.6 0.34609375 0.5875
0 0.328125 0.6140625 0.30625 0.6140625 0.30625 0.6328125 0.328125 0.6328125 0.328125 0.6140625
0 0.31953125 0.58515625 0.29453125 0.58515625 0.29453125 0.60078125 0.31953125 0.60078125 0.31953125 0.58515625
0 0.3625 0.70234375 0.3375 0.70234375 0.3375 0.71953125 0.3625 0.71953125 0.3625 0.70234375
0 0.684375 0.51640625 0.6453125 0.51640625 0.6453125 0.54453125 0.684375 0.54453125 0.684375 0.51640625
6 0.50390625 0.559375 0.44453125 0.559375 0.44453125 0.6015625 0.50390625 0.6015625 0.50390625 0.559375
6 0.52890625 0.50625 0.49296875 0.50625 0.49296875 0.5359375 0.52890625 0.5359375 0.52890625 0.50625