6 0.58515625 0.48671875 0.45234375 0.48671875 0.45234375 0.57265625 0.58515625 0.57265625 0.58515625 0.48671875
0 0.353125 0.5046875 0.2640625 0.5046875 0.2640625 0.5515625 0.353125 0.5515625 0.353125 0.5046875
0 0.36015625 0.259375 0.33359375 0.259375 0.33359375 0.28125 0.36015625 0.28125 0.36015625 0.259375
0 0.33828125 0.290625 0.29765625 0.290625 0.29765625 0.3234375 0.33828125 0.3234375 0.33828125 0.290625
0 0.25546875 0.26953125 0.22890625 0.26953125 0.22890625 0.28515625 0.25546875 0.28515625 0.25546875 0.26953125
0 0.303125 0.22265625 0.2609375 0.22265625 0.2609375 0.24609375 0.303125 0.24609375 0.303125 0.22265625
0 0.4125 0.303125 0.3859375 0.303125 0.3859375 0.31875 0.4125 0.31875 0.4125 0.303125
0 0.6421875 0.26953125 0.6140625 0.26953125 0.6140625 0.29921875 0.6421875 0.29921875 0.6421875 0.26953125
0 0.390625 0.72734375 0.3546875 0.72734375 0.3546875 0.75546875 0.390625 0.75546875 0.390625 0.72734375
0 0.58515625 0.7296875 0.55390625 0.7296875 0.55390625 0.75 0.58515625 0.75 0.58515625 0.7296875
0 0.5515625 0.66875 0.5234375 0.66875 0.5234375 0.6875 0.5515625 0.6875 0.5515625 0.66875
0 0.62265625 0.534375 0.59453125 0.534375 0.59453125 0.5515625 0.62265625 0.5515625 0.62265625 0.534375
0 0.6890625 0.5546875 0.646875 0.5546875 0.646875 0.58125 0.6890625 0.58125 0.6890625 0.5546875
0 0.609375 0.57734375 0.584375 0.57734375 0.584375 0.59296875 0.609375 0.59296875 0.609375 0.57734375
0 0.60859375 0.65390625 0.58671875 0.65390625 0.58671875 0.66640625 0.60859375 0.66640625 0.60859375 0.65390625
0 0.6265625 0.6375 0.6125 0.6375 0.6125 0.6578125 0.6265625 0.6578125 0.6265625 0.6375
0 0.6546875 0.6125 0.6328125 0.6125 0.6328125 0.6296875 0.6546875 0.6296875 0.6546875 0.6125
0 0.671875 0.6359375 0.6453125 0.6359375 0.6453125 0.6546875 0.671875 0.6546875 0.671875 0.6359375
0 0.71953125 0.609375 0.69296875 0.609375 0.69296875 0.6328125 0.71953125 0.6328125 0.71953125 0.609375
0 0.70703125 0.5875 0.68515625 0.5875 0.68515625 0.6015625 0.70703125 0.6015625 0.70703125 0.5875
0 0.69921875 0.6390625 0.68046875 0.6390625 0.68046875 0.6625 0.69921875 0.6625 0.69921875 0.6390625
0 0.62578125 0.67890625 0.60078125 0.67890625 0.60078125 0.68984375 0.62578125 0.68984375 0.62578125 0.67890625
0 0.596875 0.67578125 0.5734375 0.67578125 0.5734375 0.69296875 0.596875 0.69296875 0.596875 0.67578125
0 0.66171875 0.66171875 0.64140625 0.66171875 0.64140625 0.67421875 0.66171875 0.67421875 0.66171875 0.66171875
0 0.6859375 0.615625 0.665625 0.615625 0.665625 0.6328125 0.6859375 0.6328125 0.6859375 0.615625
0 0.63125 0.4828125 0.6 0.4828125 0.6 0.509375 0.63125 0.509375 0.63125 0.4828125
0 0.28984375 0.1625 0.26640625 0.1625 0.26640625 0.1875 0.28984375 0.1875 0.28984375 0.1625
0 0.4078125 0.15546875 0.39375 0.15546875 0.39375 0.16796875 0.4078125 0.16796875 0.4078125 0.15546875
0 0.45859375 0.21953125 0.43671875 0.21953125 0.43671875 0.23671875 0.45859375 0.23671875 0.45859375 0.21953125
0 0.45546875 0.24140625 0.42890625 0.24140625 0.42890625 0.25859375 0.45546875 0.25859375 0.45546875 0.24140625
0 0.5171875 0.22421875 0.4828125 0.22421875 0.4828125 0.24140625 0.5171875 0.24140625 0.5171875 0.22421875
0 0.52109375 0.1625 0.49765625 0.1625 0.49765625 0.1796875 0.52109375 0.1796875 0.52109375 0.1625
0 0.3171875 0.2078125 0.2953125 0.2078125 0.2953125 0.225 0.3171875 0.225 0.3171875 0.2078125
0 0.36953125 0.19140625 0.34609375 0.19140625 0.34609375 0.20859375 0.36953125 0.20859375 0.36953125 0.19140625
0 0.32890625 0.17578125 0.30859375 0.17578125 0.30859375 0.18984375 0.32890625 0.18984375 0.32890625 0.17578125
0 0.3515625 0.1484375 0.3234375 0.1484375 0.3234375 0.1625 0.3515625 0.1625 0.3515625 0.1484375
0 0.76015625 0.44375 0.73359375 0.44375 0.73359375 0.4671875 0.76015625 0.4671875 0.76015625 0.44375
0 0.71796875 0.47421875 0.68984375 0.47421875 0.68984375 0.48828125 0.71796875 0.48828125 0.71796875 0.47421875
0 0.740625 0.53125 0.721875 0.53125 0.721875 0.559375 0.740625 0.559375 0.740625 0.53125
0 0.703125 0.54296875 0.6828125 0.54296875 0.6828125 0.55859375 0.703125 0.55859375 0.703125 0.54296875