0 0.4953125 0.328125 0.4546875 0.328125 0.4546875 0.35625 0.4953125 0.35625 0.4953125 0.328125
0 0.40859375 0.271875 0.37578125 0.271875 0.37578125 0.2953125 0.40859375 0.2953125 0.40859375 0.271875
0 0.475 0.265625 0.4296875 0.265625 0.4296875 0.2859375 0.475 0.2859375 0.475 0.265625
0 0.60859375 0.29921875 0.56953125 0.29921875 0.56953125 0.31796875 0.60859375 0.31796875 0.60859375 0.29921875
0 0.54921875 0.303125 0.52265625 0.303125 0.52265625 0.321875 0.54921875 0.321875 0.54921875 0.303125
0 0.55625 0.3828125 0.521875 0.3828125 0.521875 0.4046875 0.55625 0.4046875 0.55625 0.3828125
0 0.52734375 0.35390625 0.48203125 0.35390625 0.48203125 0.36953125 0.52734375 0.36953125 0.52734375 0.35390625
0 0.5046875 0.38515625 0.4765625 0.38515625 0.4765625 0.40546875 0.5046875 0.40546875 0.5046875 0.38515625
0 0.49921875 0.41328125 0.47421875 0.41328125 0.47421875 0.43203125 0.49921875 0.43203125 0.49921875 0.41328125
0 0.40859375 0.36484375 0.38671875 0.36484375 0.38671875 0.38359375 0.40859375 0.38359375 0.40859375 0.36484375
0 0.4046875 0.30390625 0.3828125 0.30390625 0.3828125 0.32109375 0.4046875 0.32109375 0.4046875 0.30390625
0 0.3515625 0.3140625 0.3328125 0.3140625 0.3328125 0.3265625 0.3515625 0.3265625 0.3515625 0.3140625
0 0.71015625 0.34296875 0.68828125 0.34296875 0.68828125 0.35546875 0.71015625 0.35546875 0.71015625 0.34296875
0 0.31484375 0.56875 0.29296875 0.56875 0.29296875 0.5890625 0.31484375 0.5890625 0.31484375 0.56875