0 0.57109375 0.36640625 0.53984375 0.36640625 0.53984375 0.39140625 0.57109375 0.39140625 0.57109375 0.36640625
0 0.60546875 0.39609375 0.57890625 0.39609375 0.57890625 0.41484375 0.60546875 0.41484375 0.60546875 0.39609375
0 0.5296875 0.28984375 0.5046875 0.28984375 0.5046875 0.30703125 0.5296875 0.30703125 0.5296875 0.28984375
0 0.53828125 0.325 0.50703125 0.325 0.50703125 0.340625 0.53828125 0.340625 0.53828125 0.325
0 0.2640625 0.30234375 0.2328125 0.30234375 0.2328125 0.31953125 0.2640625 0.31953125 0.2640625 0.30234375
0 0.28359375 0.3234375 0.25859375 0.3234375 0.25859375 0.3375 0.28359375 0.3375 0.28359375 0.3234375
0 0.3171875 0.34453125 0.284375 0.34453125 0.284375 0.36484375 0.3171875 0.36484375 0.3171875 0.34453125
0 0.27578125 0.35546875 0.25390625 0.35546875 0.25390625 0.37734375 0.27578125 0.37734375 0.27578125 0.35546875
0 0.21015625 0.3421875 0.17890625 0.3421875 0.17890625 0.3625 0.21015625 0.3625 0.21015625 0.3421875
0 0.21171875 0.290625 0.18671875 0.290625 0.18671875 0.309375 0.21171875 0.309375 0.21171875 0.290625
0 0.21484375 0.2625 0.19296875 0.2625 0.19296875 0.275 0.21484375 0.275 0.21484375 0.2625
0 0.25703125 0.24921875 0.23203125 0.24921875 0.23203125 0.26640625 0.25703125 0.26640625 0.25703125 0.24921875
0 0.18984375 0.30234375 0.16484375 0.30234375 0.16484375 0.32265625 0.18984375 0.32265625 0.18984375 0.30234375
0 0.30625 0.26328125 0.284375 0.26328125 0.284375 0.28203125 0.30625 0.28203125 0.30625 0.26328125
0 0.36796875 0.26328125 0.34140625 0.26328125 0.34140625 0.27890625 0.36796875 0.27890625 0.36796875 0.26328125