0 0.34296875 0.52578125 0.31171875 0.52578125 0.31171875 0.54609375 0.34296875 0.54609375 0.34296875 0.52578125
0 0.36875 0.5234375 0.353125 0.5234375 0.353125 0.5328125 0.36875 0.5328125 0.36875 0.5234375
0 0.40078125 0.5125 0.38203125 0.5125 0.38203125 0.5265625 0.40078125 0.5265625 0.40078125 0.5125
0 0.59375 0.51875 0.5703125 0.51875 0.5703125 0.53125 0.59375 0.53125 0.59375 0.51875
0 0.321875 0.44921875 0.309375 0.44921875 0.309375 0.46328125 0.321875 0.46328125 0.321875 0.44921875
0 0.32734375 0.55546875 0.30546875 0.55546875 0.30546875 0.57734375 0.32734375 0.57734375 0.32734375 0.55546875
0 0.53671875 0.62421875 0.51484375 0.62421875 0.51484375 0.63359375 0.53671875 0.63359375 0.53671875 0.62421875
0 0.4890625 0.61640625 0.471875 0.61640625 0.471875 0.62578125 0.4890625 0.62578125 0.4890625 0.61640625
0 0.62109375 0.5890625 0.60546875 0.5890625 0.60546875 0.6015625 0.62109375 0.6015625 0.62109375 0.5890625
0 0.646875 0.56875 0.63125 0.56875 0.63125 0.58125 0.646875 0.58125 0.646875 0.56875
0 0.371875 0.58203125 0.3546875 0.58203125 0.3546875 0.59609375 0.371875 0.59609375 0.371875 0.58203125
0 0.5203125 0.2578125 0.50625 0.2578125 0.50625 0.2734375 0.5203125 0.2734375 0.5203125 0.2578125
6 0.43359375 0.42890625 0.33515625 0.42890625 0.33515625 0.47265625 0.43359375 0.47265625 0.43359375 0.42890625
6 0.67109375 0.42890625 0.59296875 0.42890625 0.59296875 0.47421875 0.67109375 0.47421875 0.67109375 0.42890625
0 0.36796875 0.50390625 0.35078125 0.50390625 0.35078125 0.51484375 0.36796875 0.51484375 0.36796875 0.50390625
0 0.63828125 0.51171875 0.61171875 0.51171875 0.61171875 0.53203125 0.63828125 0.53203125 0.63828125 0.51171875
0 0.6984375 0.49375 0.678125 0.49375 0.678125 0.5109375 0.6984375 0.5109375 0.6984375 0.49375
0 0.30234375 0.47421875 0.28671875 0.47421875 0.28671875 0.48515625 0.30234375 0.48515625 0.30234375 0.47421875
0 0.3828125 0.47578125 0.3625 0.47578125 0.3625 0.49140625 0.3828125 0.49140625 0.3828125 0.47578125