0 0.584375 0.51953125 0.55 0.51953125 0.55 0.55078125 0.584375 0.55078125 0.584375 0.51953125
0 0.66875 0.51171875 0.64375 0.51171875 0.64375 0.52578125 0.66875 0.52578125 0.66875 0.51171875
0 0.63828125 0.51875 0.60703125 0.51875 0.60703125 0.5375 0.63828125 0.5375 0.63828125 0.51875
0 0.6578125 0.4640625 0.640625 0.4640625 0.640625 0.478125 0.6578125 0.478125 0.6578125 0.4640625
0 0.51328125 0.32890625 0.48671875 0.32890625 0.48671875 0.34296875 0.51328125 0.34296875 0.51328125 0.32890625
0 0.48203125 0.34375 0.44453125 0.34375 0.44453125 0.378125 0.48203125 0.378125 0.48203125 0.34375
0 0.484375 0.4265625 0.453125 0.4265625 0.453125 0.446875 0.484375 0.446875 0.484375 0.4265625
0 0.4234375 0.40078125 0.403125 0.40078125 0.403125 0.42734375 0.4234375 0.42734375 0.4234375 0.40078125
0 0.5328125 0.54765625 0.4984375 0.54765625 0.4984375 0.56328125 0.5328125 0.56328125 0.5328125 0.54765625
0 0.490625 0.55703125 0.46875 0.55703125 0.46875 0.57109375 0.490625 0.57109375 0.490625 0.55703125
0 0.48515625 0.5859375 0.46484375 0.5859375 0.46484375 0.5984375 0.48515625 0.5984375 0.48515625 0.5859375
0 0.54375 0.59921875 0.5265625 0.59921875 0.5265625 0.61015625 0.54375 0.61015625 0.54375 0.59921875
0 0.53203125 0.5828125 0.51328125 0.5828125 0.51328125 0.59375 0.53203125 0.59375 0.53203125 0.5828125
0 0.528125 0.565625 0.503125 0.565625 0.503125 0.578125 0.528125 0.578125 0.528125 0.565625
0 0.56875 0.63828125 0.5421875 0.63828125 0.5421875 0.65234375 0.56875 0.65234375 0.56875 0.63828125
0 0.58125 0.625 0.5609375 0.625 0.5609375 0.6375 0.58125 0.6375 0.58125 0.625
0 0.58828125 0.584375 0.57265625 0.584375 0.57265625 0.6109375 0.58828125 0.6109375 0.58828125 0.584375
0 0.4671875 0.5390625 0.4359375 0.5390625 0.4359375 0.55 0.4671875 0.55 0.4671875 0.5390625
0 0.39609375 0.440625 0.36796875 0.440625 0.36796875 0.45625 0.39609375 0.45625 0.39609375 0.440625
0 0.61328125 0.175 0.59140625 0.175 0.59140625 0.1921875 0.61328125 0.1921875 0.61328125 0.175
0 0.73359375 0.19453125 0.70859375 0.19453125 0.70859375 0.21484375 0.73359375 0.21484375 0.73359375 0.19453125
0 0.71875 0.22421875 0.6921875 0.22421875 0.6921875 0.24296875 0.71875 0.24296875 0.71875 0.22421875
6 0.6390625 0.41015625 0.571875 0.41015625 0.571875 0.45703125 0.6390625 0.45703125 0.6390625 0.41015625
6 0.6375 0.47734375 0.56875 0.47734375 0.56875 0.51171875 0.6375 0.51171875 0.6375 0.47734375