0 0.359375 0.2203125 0.3203125 0.2203125 0.3203125 0.2421875 0.359375 0.2421875 0.359375 0.2203125
0 0.40078125 0.20703125 0.36171875 0.20703125 0.36171875 0.23203125 0.40078125 0.23203125 0.40078125 0.20703125
0 0.3328125 0.19765625 0.30625 0.19765625 0.30625 0.21640625 0.3328125 0.21640625 0.3328125 0.19765625
0 0.30234375 0.24375 0.27109375 0.24375 0.27109375 0.259375 0.30234375 0.259375 0.30234375 0.24375
0 0.27421875 0.246875 0.24921875 0.246875 0.24921875 0.26875 0.27421875 0.26875 0.27421875 0.246875
0 0.2875 0.31875 0.26875 0.31875 0.26875 0.3328125 0.2875 0.3328125 0.2875 0.31875
0 0.28125 0.215625 0.2578125 0.215625 0.2578125 0.2359375 0.28125 0.2359375 0.28125 0.215625
0 0.3203125 0.18359375 0.3015625 0.18359375 0.3015625 0.19609375 0.3203125 0.19609375 0.3203125 0.18359375
0 0.3734375 0.178125 0.35 0.178125 0.35 0.1953125 0.3734375 0.1953125 0.3734375 0.178125
0 0.41796875 0.1765625 0.40390625 0.1765625 0.40390625 0.190625 0.41796875 0.190625 0.41796875 0.1765625
0 0.46328125 0.21015625 0.43671875 0.21015625 0.43671875 0.22421875 0.46328125 0.22421875 0.46328125 0.21015625
0 0.56484375 0.45859375 0.54609375 0.45859375 0.54609375 0.47421875 0.56484375 0.47421875 0.56484375 0.45859375
0 0.503125 0.43359375 0.484375 0.43359375 0.484375 0.44765625 0.503125 0.44765625 0.503125 0.43359375
0 0.459375 0.4375 0.44375 0.4375 0.44375 0.446875 0.459375 0.446875 0.459375 0.4375
0 0.43828125 0.44921875 0.41796875 0.44921875 0.41796875 0.46328125 0.43828125 0.46328125 0.43828125 0.44921875
0 0.43125 0.46875 0.409375 0.46875 0.409375 0.478125 0.43125 0.478125 0.43125 0.46875
0 0.36171875 0.7046875 0.33984375 0.7046875 0.33984375 0.7171875 0.36171875 0.7171875 0.36171875 0.7046875
0 0.33203125 0.7078125 0.30234375 0.7078125 0.30234375 0.721875 0.33203125 0.721875 0.33203125 0.7078125
0 0.32890625 0.66796875 0.31328125 0.66796875 0.31328125 0.68671875 0.32890625 0.68671875 0.32890625 0.66796875
0 0.440625 0.60625 0.41875 0.60625 0.41875 0.6171875 0.440625 0.6171875 0.440625 0.60625
0 0.44453125 0.6390625 0.43203125 0.6390625 0.43203125 0.6546875 0.44453125 0.6546875 0.44453125 0.6390625
0 0.44296875 0.69453125 0.42109375 0.69453125 0.42109375 0.70859375 0.44296875 0.70859375 0.44296875 0.69453125
0 0.49140625 0.55390625 0.47890625 0.55390625 0.47890625 0.56484375 0.49140625 0.56484375 0.49140625 0.55390625
0 0.50625 0.56875 0.484375 0.56875 0.484375 0.58125 0.50625 0.58125 0.50625 0.56875
0 0.6234375 0.5265625 0.6109375 0.5265625 0.6109375 0.534375 0.6234375 0.534375 0.6234375 0.5265625
0 0.65078125 0.453125 0.62421875 0.453125 0.62421875 0.484375 0.65078125 0.484375 0.65078125 0.453125
0 0.284375 0.40390625 0.2671875 0.40390625 0.2671875 0.41953125 0.284375 0.41953125 0.284375 0.40390625
0 0.2703125 0.2953125 0.25 0.2953125 0.25 0.30625 0.2703125 0.30625 0.2703125 0.2953125