0 0.53125 0.29453125 0.5046875 0.29453125 0.5046875 0.31171875 0.53125 0.31171875 0.53125 0.29453125
0 0.4921875 0.26484375 0.46875 0.26484375 0.46875 0.27890625 0.4921875 0.27890625 0.4921875 0.26484375
0 0.63515625 0.27578125 0.61015625 0.27578125 0.61015625 0.29140625 0.63515625 0.29140625 0.63515625 0.27578125
0 0.63671875 0.309375 0.61328125 0.309375 0.61328125 0.321875 0.63671875 0.321875 0.63671875 0.309375
0 0.68671875 0.28359375 0.67109375 0.28359375 0.67109375 0.29609375 0.68671875 0.29609375 0.68671875 0.28359375
0 0.67109375 0.265625 0.65078125 0.265625 0.65078125 0.278125 0.67109375 0.278125 0.67109375 0.265625
0 0.6453125 0.378125 0.621875 0.378125 0.621875 0.3921875 0.6453125 0.3921875 0.6453125 0.378125
0 0.590625 0.2796875 0.5625 0.2796875 0.5625 0.2921875 0.590625 0.2921875 0.590625 0.2796875
0 0.35390625 0.496875 0.34453125 0.496875 0.34453125 0.50625 0.35390625 0.50625 0.35390625 0.496875
0 0.40390625 0.48828125 0.38515625 0.48828125 0.38515625 0.49921875 0.40390625 0.49921875 0.40390625 0.48828125
0 0.31875 0.5109375 0.3015625 0.5109375 0.3015625 0.5234375 0.31875 0.5234375 0.31875 0.5109375
0 0.4078125 0.628125 0.384375 0.628125 0.384375 0.646875 0.4078125 0.646875 0.4078125 0.628125
0 0.37421875 0.5984375 0.36015625 0.5984375 0.36015625 0.6109375 0.37421875 0.6109375 0.37421875 0.5984375
0 0.4359375 0.59765625 0.41875 0.59765625 0.41875 0.61328125 0.4359375 0.61328125 0.4359375 0.59765625
0 0.403125 0.59375 0.3890625 0.59375 0.3890625 0.60625 0.403125 0.60625 0.403125 0.59375
0 0.47890625 0.6 0.45859375 0.6 0.45859375 0.615625 0.47890625 0.615625 0.47890625 0.6
0 0.44140625 0.6578125 0.42890625 0.6578125 0.42890625 0.66875 0.44140625 0.66875 0.44140625 0.6578125
0 0.64375 0.70546875 0.60625 0.70546875 0.60625 0.71640625 0.64375 0.71640625 0.64375 0.70546875
0 0.634375 0.7265625 0.6078125 0.7265625 0.6078125 0.7375 0.634375 0.7375 0.634375 0.7265625
0 0.37421875 0.36796875 0.35390625 0.36796875 0.35390625 0.38359375 0.37421875 0.38359375 0.37421875 0.36796875
0 0.64765625 0.2984375 0.62578125 0.2984375 0.62578125 0.3078125 0.64765625 0.3078125 0.64765625 0.2984375
0 0.475 0.7140625 0.453125 0.7140625 0.453125 0.73125 0.475 0.73125 0.475 0.7140625
0 0.58515625 0.734375 0.54296875 0.734375 0.54296875 0.7625 0.58515625 0.7625 0.58515625 0.734375
0 0.31484375 0.57734375 0.28984375 0.57734375 0.28984375 0.59453125 0.31484375 0.59453125 0.31484375 0.57734375
0 0.43671875 0.5640625 0.41796875 0.5640625 0.41796875 0.5796875 0.43671875 0.5796875 0.43671875 0.5640625
0 0.35625 0.478125 0.3359375 0.478125 0.3359375 0.4859375 0.35625 0.4859375 0.35625 0.478125
0 0.40546875 0.44375 0.39296875 0.44375 0.39296875 0.45625 0.40546875 0.45625 0.40546875 0.44375
0 0.67109375 0.72890625 0.65703125 0.72890625 0.65703125 0.74453125 0.67109375 0.74453125 0.67109375 0.72890625