0 0.84140625 0.41953125 0.80703125 0.41953125 0.80703125 0.46640625 0.84140625 0.46640625 0.84140625 0.41953125
0 0.30234375 0.42265625 0.25703125 0.42265625 0.25703125 0.48359375 0.30234375 0.48359375 0.30234375 0.42265625
0 0.428125 0.503125 0.3703125 0.503125 0.3703125 0.5828125 0.428125 0.5828125 0.428125 0.503125
0 0.1859375 0.5359375 0.134375 0.5359375 0.134375 0.5734375 0.1859375 0.5734375 0.1859375 0.5359375
0 0.52421875 0.55390625 0.45859375 0.55390625 0.45859375 0.61640625 0.52421875 0.61640625 0.52421875 0.55390625
0 0.38203125 0.5734375 0.28828125 0.5734375 0.28828125 0.659375 0.38203125 0.659375 0.38203125 0.5734375
0 0.22421875 0.61015625 0.18515625 0.61015625 0.18515625 0.68046875 0.22421875 0.68046875 0.22421875 0.61015625
0 0.49296875 0.6234375 0.44453125 0.6234375 0.44453125 0.6703125 0.49296875 0.6703125 0.49296875 0.6234375
0 0.8296875 0.6359375 0.7640625 0.6359375 0.7640625 0.746875 0.8296875 0.746875 0.8296875 0.6359375
0 0.3125 0.6765625 0.240625 0.6765625 0.240625 0.75 0.3125 0.75 0.3125 0.6765625
0 0.209375 0.71015625 0.1515625 0.71015625 0.1515625 0.77265625 0.209375 0.77265625 0.209375 0.71015625
0 0.740625 0.753125 0.6703125 0.753125 0.6703125 0.8234375 0.740625 0.8234375 0.740625 0.753125
0 0.42265625 0.81953125 0.35078125 0.81953125 0.35078125 0.88359375 0.42265625 0.88359375 0.42265625 0.81953125
0 0.31796875 0.84609375 0.25703125 0.84609375 0.25703125 0.93046875 0.31796875 0.93046875 0.31796875 0.84609375
0 0.7546875 0.84609375 0.6875 0.84609375 0.6875 0.93359375 0.7546875 0.93359375 0.7546875 0.84609375
0 0.45 0.1296875 0.3890625 0.1296875 0.3890625 0.2171875 0.45 0.2171875 0.45 0.1296875
0 0.49765625 0.13671875 0.43203125 0.13671875 0.43203125 0.23359375 0.49765625 0.23359375 0.49765625 0.13671875
0 0.759375 0.18359375 0.6921875 0.18359375 0.6921875 0.26328125 0.759375 0.26328125 0.759375 0.18359375