0 0.7734375 0.49140625 0.75 0.49140625 0.75 0.50859375 0.7734375 0.50859375 0.7734375 0.49140625
6 0.60703125 0.4546875 0.55234375 0.4546875 0.55234375 0.5046875 0.60703125 0.5046875 0.60703125 0.4546875
0 0.475 0.44765625 0.45625 0.44765625 0.45625 0.46328125 0.475 0.46328125 0.475 0.44765625
0 0.5125 0.4546875 0.49375 0.4546875 0.49375 0.4671875 0.5125 0.4671875 0.5125 0.4546875
0 0.496875 0.47109375 0.48125 0.47109375 0.48125 0.48203125 0.496875 0.48203125 0.496875 0.47109375
0 0.58125 0.27578125 0.5609375 0.27578125 0.5609375 0.29140625 0.58125 0.29140625 0.58125 0.27578125
0 0.48515625 0.265625 0.46640625 0.265625 0.46640625 0.2796875 0.48515625 0.2796875 0.48515625 0.265625
0 0.64453125 0.2484375 0.62109375 0.2484375 0.62109375 0.2640625 0.64453125 0.2640625 0.64453125 0.2484375
0 0.609375 0.24921875 0.578125 0.24921875 0.578125 0.26953125 0.609375 0.26953125 0.609375 0.24921875
0 0.47109375 0.33828125 0.44765625 0.33828125 0.44765625 0.35546875 0.47109375 0.35546875 0.47109375 0.33828125
0 0.46484375 0.31328125 0.44296875 0.31328125 0.44296875 0.33046875 0.46484375 0.33046875 0.46484375 0.31328125
0 0.509375 0.30625 0.4890625 0.30625 0.4890625 0.3203125 0.509375 0.3203125 0.509375 0.30625
0 0.55 0.284375 0.5265625 0.284375 0.5265625 0.303125 0.55 0.303125 0.55 0.284375
1 0.6328125 0.396875 0.4890625 0.396875 0.4890625 0.4390625 0.6328125 0.4390625 0.6328125 0.396875
0 0.73359375 0.4515625 0.66796875 0.4515625 0.66796875 0.48125 0.73359375 0.48125 0.73359375 0.4515625