0 0.66328125 0.5265625 0.64140625 0.5265625 0.64140625 0.540625 0.66328125 0.540625 0.66328125 0.5265625
0 0.6828125 0.48515625 0.671875 0.48515625 0.671875 0.49765625 0.6828125 0.49765625 0.6828125 0.48515625
0 0.403125 0.48671875 0.3828125 0.48671875 0.3828125 0.49921875 0.403125 0.49921875 0.403125 0.48671875
0 0.39921875 0.50859375 0.38828125 0.50859375 0.38828125 0.51953125 0.39921875 0.51953125 0.39921875 0.50859375
0 0.4578125 0.56640625 0.446875 0.56640625 0.446875 0.57421875 0.4578125 0.57421875 0.4578125 0.56640625
0 0.46484375 0.58984375 0.45390625 0.58984375 0.45390625 0.59453125 0.46484375 0.59453125 0.46484375 0.58984375
0 0.471875 0.59921875 0.459375 0.59921875 0.459375 0.61171875 0.471875 0.61171875 0.471875 0.59921875
0 0.63515625 0.5734375 0.62890625 0.5734375 0.62890625 0.584375 0.63515625 0.584375 0.63515625 0.5734375
0 0.59609375 0.6078125 0.57734375 0.6078125 0.57734375 0.6203125 0.59609375 0.6203125 0.59609375 0.6078125
0 0.62734375 0.58125 0.61640625 0.58125 0.61640625 0.596875 0.62734375 0.596875 0.62734375 0.58125
0 0.6359375 0.56171875 0.6171875 0.56171875 0.6171875 0.57421875 0.6359375 0.57421875 0.6359375 0.56171875
0 0.65 0.54453125 0.6359375 0.54453125 0.6359375 0.55546875 0.65 0.55546875 0.65 0.54453125
0 0.68515625 0.528125 0.66328125 0.528125 0.66328125 0.5375 0.68515625 0.5375 0.68515625 0.528125
0 0.6625 0.559375 0.64375 0.559375 0.64375 0.5703125 0.6625 0.5703125 0.6625 0.559375
0 0.6640625 0.54296875 0.65 0.54296875 0.65 0.55390625 0.6640625 0.55390625 0.6640625 0.54296875
0 0.67734375 0.5421875 0.66953125 0.5421875 0.66953125 0.553125 0.67734375 0.553125 0.67734375 0.5421875
0 0.55 0.49609375 0.5328125 0.49609375 0.5328125 0.50703125 0.55 0.50703125 0.55 0.49609375
0 0.49375 0.496875 0.475 0.496875 0.475 0.5046875 0.49375 0.5046875 0.49375 0.496875
0 0.37578125 0.49296875 0.36171875 0.49296875 0.36171875 0.50546875 0.37578125 0.50546875 0.37578125 0.49296875
0 0.428125 0.55625 0.415625 0.55625 0.415625 0.56875 0.428125 0.56875 0.428125 0.55625
0 0.49453125 0.384375 0.47734375 0.384375 0.47734375 0.3921875 0.49453125 0.3921875 0.49453125 0.384375
0 0.6109375 0.33828125 0.596875 0.33828125 0.596875 0.34609375 0.6109375 0.34609375 0.6109375 0.33828125
0 0.61015625 0.35 0.59296875 0.35 0.59296875 0.3578125 0.61015625 0.3578125 0.61015625 0.35
0 0.63359375 0.33671875 0.61640625 0.33671875 0.61640625 0.35078125 0.63359375 0.35078125 0.63359375 0.33671875
0 0.41328125 0.3625 0.39296875 0.3625 0.39296875 0.3734375 0.41328125 0.3734375 0.41328125 0.3625
0 0.409375 0.4703125 0.390625 0.4703125 0.390625 0.4796875 0.409375 0.4796875 0.409375 0.4703125
6 0.60625 0.4625 0.571875 0.4625 0.571875 0.4890625 0.60625 0.4890625 0.60625 0.4625
0 0.58671875 0.4359375 0.56640625 0.4359375 0.56640625 0.45 0.58671875 0.45 0.58671875 0.4359375