6 0.47265625 0.48671875 0.42890625 0.48671875 0.42890625 0.52109375 0.47265625 0.52109375 0.47265625 0.48671875
6 0.36875 0.4390625 0.3375 0.4390625 0.3375 0.4609375 0.36875 0.4609375 0.36875 0.4390625
0 0.57421875 0.4875 0.54765625 0.4875 0.54765625 0.5078125 0.57421875 0.5078125 0.57421875 0.4875
0 0.56171875 0.53203125 0.54140625 0.53203125 0.54140625 0.54765625 0.56171875 0.54765625 0.56171875 0.53203125
0 0.5046875 0.53828125 0.4890625 0.53828125 0.4890625 0.54609375 0.5046875 0.54609375 0.5046875 0.53828125
0 0.51796875 0.5796875 0.49609375 0.5796875 0.49609375 0.5953125 0.51796875 0.5953125 0.51796875 0.5796875
0 0.49921875 0.596875 0.47734375 0.596875 0.47734375 0.609375 0.49921875 0.609375 0.49921875 0.596875
0 0.4625 0.6171875 0.4453125 0.6171875 0.4453125 0.628125 0.4625 0.628125 0.4625 0.6171875
0 0.4234375 0.6359375 0.4 0.6359375 0.4 0.6484375 0.4234375 0.6484375 0.4234375 0.6359375
0 0.4140625 0.65859375 0.3859375 0.65859375 0.3859375 0.66796875 0.4140625 0.66796875 0.4140625 0.65859375
0 0.4625 0.6375 0.446875 0.6375 0.446875 0.646875 0.4625 0.646875 0.4625 0.6375
0 0.48671875 0.6140625 0.46328125 0.6140625 0.46328125 0.634375 0.48671875 0.634375 0.48671875 0.6140625
0 0.48515625 0.64765625 0.45859375 0.64765625 0.45859375 0.65546875 0.48515625 0.65546875 0.48515625 0.64765625
0 0.51640625 0.615625 0.49609375 0.615625 0.49609375 0.63125 0.51640625 0.63125 0.51640625 0.615625
0 0.51875 0.5984375 0.5046875 0.5984375 0.5046875 0.6078125 0.51875 0.6078125 0.51875 0.5984375
0 0.5484375 0.58125 0.5265625 0.58125 0.5265625 0.5890625 0.5484375 0.5890625 0.5484375 0.58125
0 0.58046875 0.55859375 0.56640625 0.55859375 0.56640625 0.57109375 0.58046875 0.57109375 0.58046875 0.55859375
0 0.596875 0.5421875 0.5828125 0.5421875 0.5828125 0.553125 0.596875 0.553125 0.596875 0.5421875
0 0.5921875 0.51015625 0.5671875 0.51015625 0.5671875 0.52265625 0.5921875 0.52265625 0.5921875 0.51015625
0 0.5578125 0.59765625 0.540625 0.59765625 0.540625 0.60703125 0.5578125 0.60703125 0.5578125 0.59765625
0 0.53515625 0.59296875 0.52265625 0.59296875 0.52265625 0.60390625 0.53515625 0.60390625 0.53515625 0.59296875
0 0.53828125 0.61171875 0.52265625 0.61171875 0.52265625 0.61953125 0.53828125 0.61953125 0.53828125 0.61171875
0 0.37109375 0.35859375 0.35234375 0.35859375 0.35234375 0.37109375 0.37109375 0.37109375 0.37109375 0.35859375
0 0.3765625 0.61171875 0.3640625 0.61171875 0.3640625 0.62265625 0.3765625 0.62265625 0.3765625 0.61171875
0 0.4328125 0.65390625 0.421875 0.65390625 0.421875 0.66484375 0.4328125 0.66484375 0.4328125 0.65390625
0 0.4546875 0.44453125 0.4265625 0.44453125 0.4265625 0.46484375 0.4546875 0.46484375 0.4546875 0.44453125