6 0.68046875 0.5671875 0.56953125 0.5671875 0.56953125 0.6265625 0.68046875 0.6265625 0.68046875 0.5671875
0 0.2765625 0.32578125 0.246875 0.32578125 0.246875 0.34453125 0.2765625 0.34453125 0.2765625 0.32578125
6 0.46796875 0.31796875 0.42578125 0.31796875 0.42578125 0.34140625 0.46796875 0.34140625 0.46796875 0.31796875
0 0.321875 0.60078125 0.2859375 0.60078125 0.2859375 0.62578125 0.321875 0.62578125 0.321875 0.60078125
0 0.6 0.2703125 0.5765625 0.2703125 0.5765625 0.2859375 0.6 0.2859375 0.6 0.2703125
0 0.525 0.21640625 0.490625 0.21640625 0.490625 0.23515625 0.525 0.23515625 0.525 0.21640625
0 0.60625 0.31171875 0.5859375 0.31171875 0.5859375 0.33203125 0.60625 0.33203125 0.60625 0.31171875
0 0.49296875 0.30234375 0.46796875 0.30234375 0.46796875 0.31796875 0.49296875 0.31796875 0.49296875 0.30234375
0 0.4296875 0.2015625 0.3953125 0.2015625 0.3953125 0.2203125 0.4296875 0.2203125 0.4296875 0.2015625
0 0.38515625 0.21171875 0.35078125 0.21171875 0.35078125 0.23046875 0.38515625 0.23046875 0.38515625 0.21171875
6 0.46484375 0.54375 0.42109375 0.54375 0.42109375 0.571875 0.46484375 0.571875 0.46484375 0.54375