0 0.54609375 0.3234375 0.51484375 0.3234375 0.51484375 0.3484375 0.54609375 0.3484375 0.54609375 0.3234375
0 0.5703125 0.2328125 0.55 0.2328125 0.55 0.246875 0.5703125 0.246875 0.5703125 0.2328125
0 0.5671875 0.25703125 0.5453125 0.25703125 0.5453125 0.26953125 0.5671875 0.26953125 0.5671875 0.25703125
0 0.62578125 0.36171875 0.61015625 0.36171875 0.61015625 0.37578125 0.62578125 0.37578125 0.62578125 0.36171875
0 0.678125 0.35703125 0.65625 0.35703125 0.65625 0.36640625 0.678125 0.36640625 0.678125 0.35703125
0 0.70859375 0.35 0.69140625 0.35 0.69140625 0.3609375 0.70859375 0.3609375 0.70859375 0.35
0 0.7984375 0.32265625 0.775 0.32265625 0.775 0.33671875 0.7984375 0.33671875 0.7984375 0.32265625
0 0.7390625 0.26796875 0.721875 0.26796875 0.721875 0.28046875 0.7390625 0.28046875 0.7390625 0.26796875
0 0.38671875 0.51015625 0.36953125 0.51015625 0.36953125 0.52109375 0.38671875 0.52109375 0.38671875 0.51015625
6 0.56484375 0.51328125 0.49140625 0.51328125 0.49140625 0.57265625 0.56484375 0.57265625 0.56484375 0.51328125
6 0.440625 0.51484375 0.4078125 0.51484375 0.4078125 0.54453125 0.440625 0.54453125 0.440625 0.51484375
0 0.4671875 0.590625 0.43125 0.590625 0.43125 0.6171875 0.4671875 0.6171875 0.4671875 0.590625
0 0.41640625 0.565625 0.39765625 0.565625 0.39765625 0.5828125 0.41640625 0.5828125 0.41640625 0.565625
6 0.7234375 0.51640625 0.671875 0.51640625 0.671875 0.55078125 0.7234375 0.55078125 0.7234375 0.51640625