0 0.43125 0.36796875 0.3890625 0.36796875 0.3890625 0.39140625 0.43125 0.39140625 0.43125 0.36796875
0 0.4140625 0.33359375 0.3953125 0.33359375 0.3953125 0.34453125 0.4140625 0.34453125 0.4140625 0.33359375
0 0.546875 0.3421875 0.51875 0.3421875 0.51875 0.35625 0.546875 0.35625 0.546875 0.3421875
0 0.55546875 0.36015625 0.52890625 0.36015625 0.52890625 0.37578125 0.55546875 0.37578125 0.55546875 0.36015625
0 0.5359375 0.428125 0.50625 0.428125 0.50625 0.446875 0.5359375 0.446875 0.5359375 0.428125
0 0.46171875 0.4296875 0.43828125 0.4296875 0.43828125 0.44375 0.46171875 0.44375 0.46171875 0.4296875
0 0.475 0.40078125 0.446875 0.40078125 0.446875 0.42109375 0.475 0.42109375 0.475 0.40078125
0 0.54296875 0.31484375 0.52421875 0.31484375 0.52421875 0.32890625 0.54296875 0.32890625 0.54296875 0.31484375
0 0.48125 0.28828125 0.4375 0.28828125 0.4375 0.30390625 0.48125 0.30390625 0.48125 0.28828125
0 0.4234375 0.28671875 0.3984375 0.28671875 0.3984375 0.29921875 0.4234375 0.29921875 0.4234375 0.28671875
0 0.4234375 0.3078125 0.403125 0.3078125 0.403125 0.31875 0.4234375 0.31875 0.4234375 0.3078125
0 0.51796875 0.284375 0.49296875 0.284375 0.49296875 0.2953125 0.51796875 0.2953125 0.51796875 0.284375
0 0.59609375 0.3078125 0.56484375 0.3078125 0.56484375 0.321875 0.59609375 0.321875 0.59609375 0.3078125
0 0.55 0.50625 0.5296875 0.50625 0.5296875 0.51875 0.55 0.51875 0.55 0.50625
0 0.42265625 0.5140625 0.40234375 0.5140625 0.40234375 0.5296875 0.42265625 0.5296875 0.42265625 0.5140625
0 0.365625 0.5390625 0.3421875 0.5390625 0.3421875 0.55 0.365625 0.55 0.365625 0.5390625
0 0.60234375 0.53671875 0.57890625 0.53671875 0.57890625 0.55390625 0.60234375 0.55390625 0.60234375 0.53671875
0 0.621875 0.58125 0.609375 0.58125 0.609375 0.5890625 0.621875 0.5890625 0.621875 0.58125
0 0.39375 0.56953125 0.3796875 0.56953125 0.3796875 0.58046875 0.39375 0.58046875 0.39375 0.56953125
0 0.40859375 0.575 0.39765625 0.575 0.39765625 0.5875 0.40859375 0.5875 0.40859375 0.575
0 0.59375 0.56015625 0.5765625 0.56015625 0.5765625 0.57578125 0.59375 0.57578125 0.59375 0.56015625
0 0.55546875 0.52421875 0.54453125 0.52421875 0.54453125 0.53203125 0.55546875 0.53203125 0.55546875 0.52421875
0 0.5171875 0.4890625 0.5078125 0.4890625 0.5078125 0.4984375 0.5171875 0.4984375 0.5171875 0.4890625
0 0.38828125 0.39375 0.37109375 0.39375 0.37109375 0.4046875 0.38828125 0.4046875 0.38828125 0.39375
0 0.43046875 0.39375 0.41015625 0.39375 0.41015625 0.403125 0.43046875 0.403125 0.43046875 0.39375