0 0.45625 0.09453125 0.4296875 0.09453125 0.4296875 0.11640625 0.45625 0.11640625 0.45625 0.09453125
0 0.4328125 0.14765625 0.403125 0.14765625 0.403125 0.16484375 0.4328125 0.16484375 0.4328125 0.14765625
0 0.396875 0.08984375 0.365625 0.08984375 0.365625 0.11328125 0.396875 0.11328125 0.396875 0.08984375
0 0.4640625 0.05625 0.44375 0.05625 0.44375 0.0671875 0.4640625 0.0671875 0.4640625 0.05625
0 0.53984375 0.0921875 0.51484375 0.0921875 0.51484375 0.1125 0.53984375 0.1125 0.53984375 0.0921875
0 0.56171875 0.08203125 0.53984375 0.08203125 0.53984375 0.10078125 0.56171875 0.10078125 0.56171875 0.08203125
0 0.321875 0.41640625 0.290625 0.41640625 0.290625 0.43828125 0.321875 0.43828125 0.321875 0.41640625
0 0.6171875 0.7234375 0.571875 0.7234375 0.571875 0.74375 0.6171875 0.74375 0.6171875 0.7234375
0 0.3953125 0.7 0.3390625 0.7 0.3390625 0.7484375 0.3953125 0.7484375 0.3953125 0.7
0 0.2953125 0.65078125 0.2578125 0.65078125 0.2578125 0.69765625 0.2953125 0.69765625 0.2953125 0.65078125
0 0.3453125 0.728125 0.321875 0.728125 0.321875 0.7484375 0.3453125 0.7484375 0.3453125 0.728125
0 0.23828125 0.4921875 0.20859375 0.4921875 0.20859375 0.5109375 0.23828125 0.5109375 0.23828125 0.4921875
0 0.20546875 0.459375 0.18984375 0.459375 0.18984375 0.4734375 0.20546875 0.4734375 0.20546875 0.459375
0 0.25234375 0.4453125 0.21953125 0.4453125 0.21953125 0.46875 0.25234375 0.46875 0.25234375 0.4453125
0 0.76171875 0.46015625 0.72734375 0.46015625 0.72734375 0.48671875 0.76171875 0.48671875 0.76171875 0.46015625
0 0.68515625 0.5125 0.65234375 0.5125 0.65234375 0.5359375 0.68515625 0.5359375 0.68515625 0.5125
0 0.6578125 0.69375 0.63125 0.69375 0.63125 0.7171875 0.6578125 0.7171875 0.6578125 0.69375
0 0.30703125 0.49453125 0.28984375 0.49453125 0.28984375 0.51015625 0.30703125 0.51015625 0.30703125 0.49453125
0 0.29140625 0.43515625 0.26640625 0.43515625 0.26640625 0.45390625 0.29140625 0.45390625 0.29140625 0.43515625
0 0.253125 0.49921875 0.23125 0.49921875 0.23125 0.51796875 0.253125 0.51796875 0.253125 0.49921875
0 0.69765625 0.47109375 0.67578125 0.47109375 0.67578125 0.49140625 0.69765625 0.49140625 0.69765625 0.47109375
0 0.73046875 0.50234375 0.70390625 0.50234375 0.70390625 0.53046875 0.73046875 0.53046875 0.73046875 0.50234375
0 0.7546875 0.4875 0.7390625 0.4875 0.7390625 0.5125 0.7546875 0.5125 0.7546875 0.4875
0 0.67734375 0.64296875 0.65859375 0.64296875 0.65859375 0.66015625 0.67734375 0.66015625 0.67734375 0.64296875