0 0.60546875 0.11015625 0.56953125 0.11015625 0.56953125 0.13359375 0.60546875 0.13359375 0.60546875 0.11015625
0 0.65703125 0.17421875 0.62578125 0.17421875 0.62578125 0.19921875 0.65703125 0.19921875 0.65703125 0.17421875
0 0.315625 0.3 0.2890625 0.3 0.2890625 0.3203125 0.315625 0.3203125 0.315625 0.3
0 0.28125 0.3171875 0.259375 0.3171875 0.259375 0.3265625 0.28125 0.3265625 0.28125 0.3171875
0 0.290625 0.3359375 0.259375 0.3359375 0.259375 0.35 0.290625 0.35 0.290625 0.3359375
0 0.52265625 0.3921875 0.49140625 0.3921875 0.49140625 0.4140625 0.52265625 0.4140625 0.52265625 0.3921875
0 0.48984375 0.41015625 0.46484375 0.41015625 0.46484375 0.42265625 0.48984375 0.42265625 0.48984375 0.41015625
0 0.60234375 0.6421875 0.53828125 0.6421875 0.53828125 0.6875 0.60234375 0.6875 0.60234375 0.6421875
0 0.5484375 0.66484375 0.503125 0.66484375 0.503125 0.69140625 0.5484375 0.69140625 0.5484375 0.66484375
0 0.51640625 0.653125 0.45390625 0.653125 0.45390625 0.696875 0.51640625 0.696875 0.51640625 0.653125
0 0.478125 0.61015625 0.4078125 0.61015625 0.4078125 0.66171875 0.478125 0.66171875 0.478125 0.61015625
0 0.39140625 0.58125 0.36015625 0.58125 0.36015625 0.5984375 0.39140625 0.5984375 0.39140625 0.58125
0 0.41484375 0.60859375 0.37265625 0.60859375 0.37265625 0.64921875 0.41484375 0.64921875 0.41484375 0.60859375
0 0.32265625 0.47109375 0.27734375 0.47109375 0.27734375 0.49609375 0.32265625 0.49609375 0.32265625 0.47109375
0 0.29140625 0.50625 0.24921875 0.50625 0.24921875 0.525 0.29140625 0.525 0.29140625 0.50625
0 0.42421875 0.54921875 0.39453125 0.54921875 0.39453125 0.57109375 0.42421875 0.57109375 0.42421875 0.54921875
0 0.3890625 0.553125 0.3578125 0.553125 0.3578125 0.571875 0.3890625 0.571875 0.3890625 0.553125
0 0.4421875 0.51640625 0.4015625 0.51640625 0.4015625 0.54296875 0.4421875 0.54296875 0.4421875 0.51640625
0 0.40625 0.521875 0.375 0.521875 0.375 0.5421875 0.40625 0.5421875 0.40625 0.521875
0 0.38671875 0.47109375 0.34921875 0.47109375 0.34921875 0.49765625 0.38671875 0.49765625 0.38671875 0.47109375
0 0.45390625 0.465625 0.42734375 0.465625 0.42734375 0.48125 0.45390625 0.48125 0.45390625 0.465625
0 0.340625 0.39453125 0.3171875 0.39453125 0.3171875 0.41796875 0.340625 0.41796875 0.340625 0.39453125
0 0.3640625 0.42421875 0.334375 0.42421875 0.334375 0.44609375 0.3640625 0.44609375 0.3640625 0.42421875
0 0.39765625 0.41796875 0.35859375 0.41796875 0.35859375 0.43984375 0.39765625 0.43984375 0.39765625 0.41796875
0 0.42578125 0.45078125 0.39609375 0.45078125 0.39609375 0.46953125 0.42578125 0.46953125 0.42578125 0.45078125
0 0.2859375 0.40546875 0.259375 0.40546875 0.259375 0.42421875 0.2859375 0.42421875 0.2859375 0.40546875
0 0.30859375 0.44375 0.25546875 0.44375 0.25546875 0.46875 0.30859375 0.46875 0.30859375 0.44375
0 0.57265625 0.6828125 0.53359375 0.6828125 0.53359375 0.709375 0.57265625 0.709375 0.57265625 0.6828125
0 0.61484375 0.68125 0.57265625 0.68125 0.57265625 0.7203125 0.61484375 0.7203125 0.61484375 0.68125
0 0.30546875 0.2609375 0.27421875 0.2609375 0.27421875 0.284375 0.30546875 0.284375 0.30546875 0.2609375