1 0.58125 0.4625 0.45 0.4625 0.45 0.509375 0.58125 0.509375 0.58125 0.4625
0 0.425 0.57265625 0.4046875 0.57265625 0.4046875 0.58984375 0.425 0.58984375 0.425 0.57265625
0 0.44765625 0.53359375 0.42890625 0.53359375 0.42890625 0.54609375 0.44765625 0.54609375 0.44765625 0.53359375
0 0.46953125 0.5234375 0.44609375 0.5234375 0.44609375 0.5421875 0.46953125 0.5421875 0.46953125 0.5234375
0 0.50625 0.5140625 0.4765625 0.5140625 0.4765625 0.5296875 0.50625 0.5296875 0.50625 0.5140625
0 0.3921875 0.51484375 0.3796875 0.51484375 0.3796875 0.52578125 0.3921875 0.52578125 0.3921875 0.51484375
0 0.37890625 0.47109375 0.36015625 0.47109375 0.36015625 0.48515625 0.37890625 0.48515625 0.37890625 0.47109375
0 0.41796875 0.503125 0.40078125 0.503125 0.40078125 0.515625 0.41796875 0.515625 0.41796875 0.503125
0 0.4140625 0.51953125 0.3953125 0.51953125 0.3953125 0.53515625 0.4140625 0.53515625 0.4140625 0.51953125
0 0.45234375 0.5828125 0.43359375 0.5828125 0.43359375 0.596875 0.45234375 0.596875 0.45234375 0.5828125
6 0.51796875 0.53046875 0.44609375 0.53046875 0.44609375 0.57265625 0.51796875 0.57265625 0.51796875 0.53046875