0 0.47109375 0.42265625 0.41953125 0.42265625 0.41953125 0.44453125 0.47109375 0.44453125 0.47109375 0.42265625
0 0.60625 0.5 0.534375 0.5 0.534375 0.5234375 0.60625 0.5234375 0.60625 0.5
0 0.41875 0.56796875 0.3921875 0.56796875 0.3921875 0.58359375 0.41875 0.58359375 0.41875 0.56796875
0 0.39921875 0.55234375 0.38671875 0.55234375 0.38671875 0.56171875 0.39921875 0.56171875 0.39921875 0.55234375
0 0.66796875 0.56328125 0.60078125 0.56328125 0.60078125 0.58984375 0.66796875 0.58984375 0.66796875 0.56328125
0 0.70078125 0.52265625 0.64453125 0.52265625 0.64453125 0.54296875 0.70078125 0.54296875 0.70078125 0.52265625
0 0.77421875 0.45546875 0.73203125 0.45546875 0.73203125 0.48515625 0.77421875 0.48515625 0.77421875 0.45546875
6 0.71015625 0.39375 0.49609375 0.39375 0.49609375 0.4671875 0.71015625 0.4671875 0.71015625 0.39375
0 0.490625 0.5953125 0.46875 0.5953125 0.46875 0.6109375 0.490625 0.6109375 0.490625 0.5953125
0 0.50078125 0.56796875 0.43828125 0.56796875 0.43828125 0.58828125 0.50078125 0.58828125 0.50078125 0.56796875
0 0.47890625 0.6046875 0.38984375 0.6046875 0.38984375 0.628125 0.47890625 0.628125 0.47890625 0.6046875
0 0.59609375 0.5984375 0.52265625 0.5984375 0.52265625 0.621875 0.59609375 0.621875 0.59609375 0.5984375
0 0.62421875 0.5625 0.57109375 0.5625 0.57109375 0.5890625 0.62421875 0.5890625 0.62421875 0.5625
0 0.62265625 0.61640625 0.58671875 0.61640625 0.58671875 0.63359375 0.62265625 0.63359375 0.62265625 0.61640625
0 0.77890625 0.38125 0.74296875 0.38125 0.74296875 0.396875 0.77890625 0.396875 0.77890625 0.38125
0 0.82109375 0.3890625 0.78984375 0.3890625 0.78984375 0.4046875 0.82109375 0.4046875 0.82109375 0.3890625
0 0.5171875 0.12421875 0.5015625 0.12421875 0.5015625 0.13984375 0.5171875 0.13984375 0.5171875 0.12421875
0 0.80234375 0.29765625 0.75078125 0.29765625 0.75078125 0.31796875 0.80234375 0.31796875 0.80234375 0.29765625
0 0.5671875 0.55390625 0.540625 0.55390625 0.540625 0.57265625 0.5671875 0.57265625 0.5671875 0.55390625