8 0.60234375 0.8265625 0.40546875 0.8265625 0.40546875 0.8625 0.60234375 0.8625 0.60234375 0.8265625
8 0.66328125 0.5140625 0.59765625 0.5140625 0.59765625 0.5828125 0.66328125 0.5828125 0.66328125 0.5140625
8 0.321875 0.4953125 0.2078125 0.4953125 0.2078125 0.54375 0.321875 0.54375 0.321875 0.4953125
8 0.74921875 0.4703125 0.60390625 0.4703125 0.60390625 0.5359375 0.74921875 0.5359375 0.74921875 0.4703125
8 0.39375 0.48515625 0.3203125 0.48515625 0.3203125 0.50078125 0.39375 0.50078125 0.39375 0.48515625
8 0.43046875 0.3890625 0.33984375 0.3890625 0.33984375 0.41875 0.43046875 0.41875 0.43046875 0.3890625
8 0.3015625 0.3921875 0.2296875 0.3921875 0.2296875 0.4140625 0.3015625 0.4140625 0.3015625 0.3921875
8 0.32578125 0.65625 0.28046875 0.65625 0.28046875 0.7234375 0.32578125 0.7234375 0.32578125 0.65625
8 0.72421875 0.63828125 0.65859375 0.63828125 0.65859375 0.73671875 0.72421875 0.73671875 0.72421875 0.63828125
0 0.33515625 0.6015625 0.28515625 0.6015625 0.28515625 0.6296875 0.33515625 0.6296875 0.33515625 0.6015625
0 0.35390625 0.56171875 0.31640625 0.56171875 0.31640625 0.57734375 0.35390625 0.57734375 0.35390625 0.56171875
0 0.82578125 0.56484375 0.78359375 0.56484375 0.78359375 0.59609375 0.82578125 0.59609375 0.82578125 0.56484375
0 0.84765625 0.515625 0.80546875 0.515625 0.80546875 0.55 0.84765625 0.55 0.84765625 0.515625
0 0.77578125 0.52265625 0.74765625 0.52265625 0.74765625 0.55859375 0.77578125 0.55859375 0.77578125 0.52265625
0 0.73203125 0.78203125 0.68203125 0.78203125 0.68203125 0.81796875 0.73203125 0.81796875 0.73203125 0.78203125
0 0.6390625 0.80625 0.5859375 0.80625 0.5859375 0.8296875 0.6390625 0.8296875 0.6390625 0.80625
8 0.334375 0.73828125 0.290625 0.73828125 0.290625 0.81015625 0.334375 0.81015625 0.334375 0.73828125