8 0.67421875 0.825 0.60078125 0.825 0.60078125 0.8703125 0.67421875 0.8703125 0.67421875 0.825
8 0.7125 0.77421875 0.6609375 0.77421875 0.6609375 0.80859375 0.7125 0.80859375 0.7125 0.77421875
8 0.59453125 0.87578125 0.51171875 0.87578125 0.51171875 0.94609375 0.59453125 0.94609375 0.59453125 0.87578125
8 0.884375 0.70390625 0.8203125 0.70390625 0.8203125 0.74453125 0.884375 0.74453125 0.884375 0.70390625
0 0.5265625 0.58203125 0.4734375 0.58203125 0.4734375 0.61015625 0.5265625 0.61015625 0.5265625 0.58203125
0 0.62109375 0.43671875 0.58984375 0.43671875 0.58984375 0.45546875 0.62109375 0.45546875 0.62109375 0.43671875
0 0.41171875 0.8765625 0.37578125 0.8765625 0.37578125 0.9015625 0.41171875 0.9015625 0.41171875 0.8765625
0 0.440625 0.8125 0.40625 0.8125 0.40625 0.8375 0.440625 0.8375 0.440625 0.8125
0 0.35703125 0.759375 0.33359375 0.759375 0.33359375 0.7796875 0.35703125 0.7796875 0.35703125 0.759375
0 0.465625 0.9109375 0.4359375 0.9109375 0.4359375 0.9390625 0.465625 0.9390625 0.465625 0.9109375
8 0.8765625 0.4796875 0.7390625 0.4796875 0.7390625 0.5375 0.8765625 0.5375 0.8765625 0.4796875
8 0.8921875 0.5203125 0.8546875 0.5203125 0.8546875 0.5875 0.8921875 0.5875 0.8921875 0.5203125