0 0.70859375 0.021875 0.67734375 0.021875 0.67734375 0.04375 0.70859375 0.04375 0.70859375 0.021875
0 0.78203125 0.071875 0.74140625 0.071875 0.74140625 0.103125 0.78203125 0.103125 0.78203125 0.071875
0 0.70390625 0.0640625 0.67890625 0.0640625 0.67890625 0.084375 0.70390625 0.084375 0.70390625 0.0640625
0 0.71328125 0.1015625 0.68671875 0.1015625 0.68671875 0.1203125 0.71328125 0.1203125 0.71328125 0.1015625
0 0.43125 0.04375 0.384375 0.04375 0.384375 0.078125 0.43125 0.078125 0.43125 0.04375
0 0.40625 0.096875 0.3765625 0.096875 0.3765625 0.11875 0.40625 0.11875 0.40625 0.096875
0 0.2828125 0.084375 0.253125 0.084375 0.253125 0.1046875 0.2828125 0.1046875 0.2828125 0.084375
0 0.11953125 0.4859375 0.07734375 0.4859375 0.07734375 0.5125 0.11953125 0.5125 0.11953125 0.4859375
0 0.32265625 0.484375 0.28203125 0.484375 0.28203125 0.515625 0.32265625 0.515625 0.32265625 0.484375
0 0.3078125 0.58515625 0.28125 0.58515625 0.28125 0.60546875 0.3078125 0.60546875 0.3078125 0.58515625
0 0.17421875 0.60625 0.14140625 0.60625 0.14140625 0.6234375 0.17421875 0.6234375 0.17421875 0.60625
0 0.24453125 0.63984375 0.21796875 0.63984375 0.21796875 0.66015625 0.24453125 0.66015625 0.24453125 0.63984375
0 0.29140625 0.715625 0.26328125 0.715625 0.26328125 0.7375 0.29140625 0.7375 0.29140625 0.715625
0 0.73828125 0.6296875 0.70234375 0.6296875 0.70234375 0.659375 0.73828125 0.659375 0.73828125 0.6296875
0 0.70546875 0.47734375 0.67109375 0.47734375 0.67109375 0.50546875 0.70546875 0.50546875 0.70546875 0.47734375
0 0.67890625 0.4421875 0.65703125 0.4421875 0.65703125 0.459375 0.67890625 0.459375 0.67890625 0.4421875
0 0.81484375 0.546875 0.78046875 0.546875 0.78046875 0.5671875 0.81484375 0.5671875 0.81484375 0.546875
0 0.79296875 0.72734375 0.76484375 0.72734375 0.76484375 0.74765625 0.79296875 0.74765625 0.79296875 0.72734375
0 0.815625 0.70703125 0.7796875 0.70703125 0.7796875 0.73203125 0.815625 0.73203125 0.815625 0.70703125
0 0.7546875 0.6625 0.7265625 0.6625 0.7265625 0.6921875 0.7546875 0.6921875 0.7546875 0.6625
0 0.56640625 0.95703125 0.53046875 0.95703125 0.53046875 0.98046875 0.56640625 0.98046875 0.56640625 0.95703125
6 0.7609375 0.5203125 0.675 0.5203125 0.675 0.60625 0.7609375 0.60625 0.7609375 0.5203125