0 0.57109375 0.34765625 0.52265625 0.34765625 0.52265625 0.37109375 0.57109375 0.37109375 0.57109375 0.34765625
0 0.3046875 0.33359375 0.2734375 0.33359375 0.2734375 0.34296875 0.3046875 0.34296875 0.3046875 0.33359375
0 0.28671875 0.525 0.26484375 0.525 0.26484375 0.5328125 0.28671875 0.5328125 0.28671875 0.525
0 0.22890625 0.565625 0.16796875 0.565625 0.16796875 0.584375 0.22890625 0.584375 0.22890625 0.565625
0 0.79609375 0.52109375 0.76953125 0.52109375 0.76953125 0.53984375 0.79609375 0.53984375 0.79609375 0.52109375
0 0.815625 0.5765625 0.78125 0.5765625 0.78125 0.5953125 0.815625 0.5953125 0.815625 0.5765625
0 0.85625 0.6328125 0.8234375 0.6328125 0.8234375 0.653125 0.85625 0.653125 0.85625 0.6328125
0 0.79921875 0.62890625 0.77421875 0.62890625 0.77421875 0.64453125 0.79921875 0.64453125 0.79921875 0.62890625
0 0.66953125 0.71328125 0.64609375 0.71328125 0.64609375 0.72578125 0.66953125 0.72578125 0.66953125 0.71328125
0 0.76796875 0.7078125 0.73671875 0.7078125 0.73671875 0.7203125 0.76796875 0.7203125 0.76796875 0.7078125
0 0.7796875 0.57421875 0.753125 0.57421875 0.753125 0.58671875 0.7796875 0.58671875 0.7796875 0.57421875
0 0.88203125 0.559375 0.85546875 0.559375 0.85546875 0.571875 0.88203125 0.571875 0.88203125 0.559375
0 0.87265625 0.434375 0.84921875 0.434375 0.84921875 0.4484375 0.87265625 0.4484375 0.87265625 0.434375
0 0.88515625 0.4578125 0.85703125 0.4578125 0.85703125 0.471875 0.88515625 0.471875 0.88515625 0.4578125
0 0.2734375 0.67421875 0.228125 0.67421875 0.228125 0.70078125 0.2734375 0.70078125 0.2734375 0.67421875
0 0.2078125 0.640625 0.1765625 0.640625 0.1765625 0.6609375 0.2078125 0.6609375 0.2078125 0.640625
0 0.203125 0.61640625 0.1734375 0.61640625 0.1734375 0.62890625 0.203125 0.62890625 0.203125 0.61640625
0 0.24140625 0.609375 0.21953125 0.609375 0.21953125 0.6265625 0.24140625 0.6265625 0.24140625 0.609375
0 0.17890625 0.59921875 0.15078125 0.59921875 0.15078125 0.61171875 0.17890625 0.61171875 0.17890625 0.59921875
0 0.4375 0.3484375 0.403125 0.3484375 0.403125 0.3609375 0.4375 0.3609375 0.4375 0.3484375