0 0.55078125 0.215625 0.47109375 0.215625 0.47109375 0.28125 0.55078125 0.28125 0.55078125 0.215625
0 0.84375 0.2546875 0.7765625 0.2546875 0.7765625 0.33125 0.84375 0.33125 0.84375 0.2546875
0 0.7125 0.00703125 0.6453125 0.00703125 0.6453125 0.05859375 0.7125 0.05859375 0.7125 0.00703125
0 0.5828125 0.41328125 0.4984375 0.41328125 0.4984375 0.47421875 0.5828125 0.47421875 0.5828125 0.41328125
0 0.98515625 0.5171875 0.92265625 0.5171875 0.92265625 0.584375 0.98515625 0.584375 0.98515625 0.5171875
0 0.5484375 0.61015625 0.4765625 0.61015625 0.4765625 0.66640625 0.5484375 0.66640625 0.5484375 0.61015625
0 0.70703125 0.64375 0.61796875 0.64375 0.61796875 0.7265625 0.70703125 0.7265625 0.70703125 0.64375
0 0.26328125 0.74921875 0.19140625 0.74921875 0.19140625 0.81015625 0.26328125 0.81015625 0.26328125 0.74921875
0 0.109375 0.9078125 0.05625 0.9078125 0.05625 0.959375 0.109375 0.959375 0.109375 0.9078125
0 0.92578125 0.13671875 0.85390625 0.13671875 0.85390625 0.19296875 0.92578125 0.19296875 0.92578125 0.13671875
0 0.79375 0.14375 0.721875 0.14375 0.721875 0.2046875 0.79375 0.2046875 0.79375 0.14375