0 0.5421875 0.59453125 0.478125 0.59453125 0.478125 0.61796875 0.5421875 0.61796875 0.5421875 0.59453125
0 0.67734375 0.575 0.63671875 0.575 0.63671875 0.5953125 0.67734375 0.5953125 0.67734375 0.575
0 0.7359375 0.56484375 0.6796875 0.56484375 0.6796875 0.59140625 0.7359375 0.59140625 0.7359375 0.56484375
0 0.55546875 0.5375 0.51015625 0.5375 0.51015625 0.5625 0.55546875 0.5625 0.55546875 0.5375
0 0.60703125 0.66953125 0.56484375 0.66953125 0.56484375 0.69296875 0.60703125 0.69296875 0.60703125 0.66953125
0 0.52734375 0.63828125 0.45859375 0.63828125 0.45859375 0.67734375 0.52734375 0.67734375 0.52734375 0.63828125
0 0.7296875 0.6046875 0.68125 0.6046875 0.68125 0.63125 0.7296875 0.63125 0.7296875 0.6046875
0 0.5921875 0.57578125 0.5203125 0.57578125 0.5203125 0.60703125 0.5921875 0.60703125 0.5921875 0.57578125
0 0.6765625 0.52890625 0.609375 0.52890625 0.609375 0.55546875 0.6765625 0.55546875 0.6765625 0.52890625
0 0.74765625 0.6609375 0.69140625 0.6609375 0.69140625 0.684375 0.74765625 0.684375 0.74765625 0.6609375
0 0.6703125 0.68984375 0.64375 0.68984375 0.64375 0.70234375 0.6703125 0.70234375 0.6703125 0.68984375
0 0.8 0.5984375 0.7546875 0.5984375 0.7546875 0.61875 0.8 0.61875 0.8 0.5984375
0 0.77265625 0.55390625 0.72734375 0.55390625 0.72734375 0.57734375 0.77265625 0.57734375 0.77265625 0.55390625
0 0.7765625 0.4703125 0.7421875 0.4703125 0.7421875 0.4875 0.7765625 0.4875 0.7765625 0.4703125
0 0.51328125 0.3828125 0.48203125 0.3828125 0.48203125 0.396875 0.51328125 0.396875 0.51328125 0.3828125
0 0.29375 0.74375 0.246875 0.74375 0.246875 0.7609375 0.29375 0.7609375 0.29375 0.74375
0 0.28046875 0.79765625 0.24609375 0.79765625 0.24609375 0.81171875 0.28046875 0.81171875 0.28046875 0.79765625
0 0.47421875 0.7453125 0.44765625 0.7453125 0.44765625 0.753125 0.47421875 0.753125 0.47421875 0.7453125
0 0.571875 0.69609375 0.5375 0.69609375 0.5375 0.71171875 0.571875 0.71171875 0.571875 0.69609375