0 0.3609375 0.40390625 0.3140625 0.40390625 0.3140625 0.43984375 0.3609375 0.43984375 0.3609375 0.40390625
0 0.5265625 0.1703125 0.5015625 0.1703125 0.5015625 0.1828125 0.5265625 0.1828125 0.5265625 0.1703125
0 0.52109375 0.19296875 0.48515625 0.19296875 0.48515625 0.21171875 0.52109375 0.21171875 0.52109375 0.19296875
0 0.58203125 0.22265625 0.55078125 0.22265625 0.55078125 0.24296875 0.58203125 0.24296875 0.58203125 0.22265625
0 0.56875 0.24375 0.5328125 0.24375 0.5328125 0.26875 0.56875 0.26875 0.56875 0.24375
0 0.5390625 0.29609375 0.5125 0.29609375 0.5125 0.31328125 0.5390625 0.31328125 0.5390625 0.29609375
0 0.41328125 0.19921875 0.39296875 0.19921875 0.39296875 0.21171875 0.41328125 0.21171875 0.41328125 0.19921875
0 0.459375 0.17578125 0.440625 0.17578125 0.440625 0.18984375 0.459375 0.18984375 0.459375 0.17578125
0 0.49765625 0.16171875 0.46640625 0.16171875 0.46640625 0.18515625 0.49765625 0.18515625 0.49765625 0.16171875
6 0.4359375 0.3484375 0.328125 0.3484375 0.328125 0.409375 0.4359375 0.409375 0.4359375 0.3484375
6 0.3015625 0.2859375 0.2703125 0.2859375 0.2703125 0.321875 0.3015625 0.321875 0.3015625 0.2859375
6 0.32265625 0.3640625 0.27421875 0.3640625 0.27421875 0.4078125 0.32265625 0.4078125 0.32265625 0.3640625
0 0.6234375 0.38671875 0.5984375 0.38671875 0.5984375 0.40703125 0.6234375 0.40703125 0.6234375 0.38671875
0 0.47421875 0.5359375 0.45078125 0.5359375 0.45078125 0.55 0.47421875 0.55 0.47421875 0.5359375
0 0.41796875 0.515625 0.40234375 0.515625 0.40234375 0.5265625 0.41796875 0.5265625 0.41796875 0.515625
0 0.55546875 0.19296875 0.53046875 0.19296875 0.53046875 0.21953125 0.55546875 0.21953125 0.55546875 0.19296875