0 0.70546875 0.0796875 0.62265625 0.0796875 0.62265625 0.125 0.70546875 0.125 0.70546875 0.0796875
0 0.5375 0.153125 0.46875 0.153125 0.46875 0.1984375 0.5375 0.1984375 0.5375 0.153125
0 0.51640625 0.11484375 0.47265625 0.11484375 0.47265625 0.14453125 0.51640625 0.14453125 0.51640625 0.11484375
0 0.6109375 0.09453125 0.5640625 0.09453125 0.5640625 0.13046875 0.6109375 0.13046875 0.6109375 0.09453125
0 0.60078125 0.0609375 0.56796875 0.0609375 0.56796875 0.08125 0.60078125 0.08125 0.60078125 0.0609375
0 0.36640625 0.10703125 0.31640625 0.10703125 0.31640625 0.12734375 0.36640625 0.12734375 0.36640625 0.10703125
0 0.346875 0.20078125 0.2890625 0.20078125 0.2890625 0.24140625 0.346875 0.24140625 0.346875 0.20078125
0 0.7734375 0.11875 0.74375 0.11875 0.74375 0.140625 0.7734375 0.140625 0.7734375 0.11875
0 0.5953125 0.29609375 0.5578125 0.29609375 0.5578125 0.32578125 0.5953125 0.32578125 0.5953125 0.29609375
0 0.584375 0.1546875 0.553125 0.1546875 0.553125 0.1859375 0.584375 0.1859375 0.584375 0.1546875
0 0.67890625 0.18203125 0.64296875 0.18203125 0.64296875 0.20859375 0.67890625 0.20859375 0.67890625 0.18203125
0 0.70546875 0.1546875 0.66953125 0.1546875 0.66953125 0.18125 0.70546875 0.18125 0.70546875 0.1546875
0 0.36640625 0.74375 0.33046875 0.74375 0.33046875 0.7640625 0.36640625 0.7640625 0.36640625 0.74375
0 0.8109375 0.67890625 0.7703125 0.67890625 0.7703125 0.70859375 0.8109375 0.70859375 0.8109375 0.67890625
0 0.72890625 0.66484375 0.69921875 0.66484375 0.69921875 0.68515625 0.72890625 0.68515625 0.72890625 0.66484375
0 0.45234375 0.61953125 0.41484375 0.61953125 0.41484375 0.65546875 0.45234375 0.65546875 0.45234375 0.61953125
1 0.9046875 0.4203125 0.6234375 0.4203125 0.6234375 0.5078125 0.9046875 0.5078125 0.9046875 0.4203125
1 0.44765625 0.44140625 0.19453125 0.44140625 0.19453125 0.52265625 0.44765625 0.52265625 0.44765625 0.44140625