0 0.72109375 0.5734375 0.66171875 0.5734375 0.66171875 0.6203125 0.72109375 0.6203125 0.72109375 0.5734375
0 0.78359375 0.37265625 0.75078125 0.37265625 0.75078125 0.40078125 0.78359375 0.40078125 0.78359375 0.37265625
0 0.76015625 0.51015625 0.73515625 0.51015625 0.73515625 0.53359375 0.76015625 0.53359375 0.76015625 0.51015625
0 0.7609375 0.5609375 0.7234375 0.5609375 0.7234375 0.584375 0.7609375 0.584375 0.7609375 0.5609375
0 0.721875 0.61328125 0.690625 0.61328125 0.690625 0.65546875 0.721875 0.65546875 0.721875 0.61328125
0 0.48046875 0.69375 0.43828125 0.69375 0.43828125 0.7203125 0.48046875 0.7203125 0.48046875 0.69375
0 0.30234375 0.68828125 0.27421875 0.68828125 0.27421875 0.71484375 0.30234375 0.71484375 0.30234375 0.68828125
0 0.59296875 0.66484375 0.56171875 0.66484375 0.56171875 0.68515625 0.59296875 0.68515625 0.59296875 0.66484375
0 0.5875 0.70546875 0.5203125 0.70546875 0.5203125 0.72265625 0.5875 0.72265625 0.5875 0.70546875
0 0.446875 0.721875 0.3890625 0.721875 0.3890625 0.75625 0.446875 0.75625 0.446875 0.721875
0 0.65 0.57265625 0.6140625 0.57265625 0.6140625 0.60078125 0.65 0.60078125 0.65 0.57265625
0 0.5640625 0.6203125 0.521875 0.6203125 0.521875 0.64375 0.5640625 0.64375 0.5640625 0.6203125
0 0.38984375 0.02578125 0.35390625 0.02578125 0.35390625 0.04609375 0.38984375 0.04609375 0.38984375 0.02578125
0 0.23984375 0.1046875 0.19765625 0.1046875 0.19765625 0.1328125 0.23984375 0.1328125 0.23984375 0.1046875
0 0.32890625 0.0546875 0.28203125 0.0546875 0.28203125 0.0765625 0.32890625 0.0765625 0.32890625 0.0546875