0 0.65546875 0.5578125 0.61640625 0.5578125 0.61640625 0.584375 0.65546875 0.584375 0.65546875 0.5578125
0 0.6046875 0.60078125 0.5625 0.60078125 0.5625 0.62421875 0.6046875 0.62421875 0.6046875 0.60078125
0 0.73515625 0.65546875 0.61796875 0.65546875 0.61796875 0.71171875 0.73515625 0.71171875 0.73515625 0.65546875
0 0.65546875 0.61171875 0.31953125 0.61171875 0.31953125 0.80234375 0.65546875 0.80234375 0.65546875 0.61171875
0 0.49609375 0.46875 0.43203125 0.46875 0.43203125 0.5125 0.49609375 0.5125 0.49609375 0.46875
0 0.4203125 0.4328125 0.3671875 0.4328125 0.3671875 0.4640625 0.4203125 0.4640625 0.4203125 0.4328125
0 0.81875 0.04609375 0.7703125 0.04609375 0.7703125 0.08671875 0.81875 0.08671875 0.81875 0.04609375
0 0.65078125 0.0453125 0.60859375 0.0453125 0.60859375 0.071875 0.65078125 0.071875 0.65078125 0.0453125
0 0.64296875 0.42734375 0.57890625 0.42734375 0.57890625 0.46328125 0.64296875 0.46328125 0.64296875 0.42734375
0 0.3609375 0.525 0.3125 0.525 0.3125 0.5484375 0.3609375 0.5484375 0.3609375 0.525
0 0.4484375 0.56171875 0.365625 0.56171875 0.365625 0.60859375 0.4484375 0.60859375 0.4484375 0.56171875
6 0.5734375 0.3390625 0.4640625 0.3390625 0.4640625 0.453125 0.5734375 0.453125 0.5734375 0.3390625