1 0.50703125 0.421875 0.34609375 0.421875 0.34609375 0.4671875 0.50703125 0.4671875 0.50703125 0.421875
0 0.65390625 0.559375 0.63359375 0.559375 0.63359375 0.58125 0.65390625 0.58125 0.65390625 0.559375
0 0.675 0.5734375 0.6546875 0.5734375 0.6546875 0.609375 0.675 0.609375 0.675 0.5734375
0 0.603125 0.7015625 0.5484375 0.7015625 0.5484375 0.73125 0.603125 0.73125 0.603125 0.7015625
0 0.5890625 0.64296875 0.54375 0.64296875 0.54375 0.66328125 0.5890625 0.66328125 0.5890625 0.64296875
0 0.5265625 0.60703125 0.4953125 0.60703125 0.4953125 0.63046875 0.5265625 0.63046875 0.5265625 0.60703125
0 0.51875 0.64765625 0.484375 0.64765625 0.484375 0.67421875 0.51875 0.67421875 0.51875 0.64765625
0 0.5515625 0.6265625 0.5078125 0.6265625 0.5078125 0.6671875 0.5515625 0.6671875 0.5515625 0.6265625
0 0.48984375 0.675 0.45859375 0.675 0.45859375 0.6984375 0.48984375 0.6984375 0.48984375 0.675
0 0.478125 0.6265625 0.4328125 0.6265625 0.4328125 0.653125 0.478125 0.653125 0.478125 0.6265625
0 0.45703125 0.7359375 0.42109375 0.7359375 0.42109375 0.7625 0.45703125 0.7625 0.45703125 0.7359375
0 0.38125 0.796875 0.3375 0.796875 0.3375 0.81875 0.38125 0.81875 0.38125 0.796875
0 0.34453125 0.86875 0.31796875 0.86875 0.31796875 0.884375 0.34453125 0.884375 0.34453125 0.86875
0 0.4828125 0.815625 0.4484375 0.815625 0.4484375 0.8328125 0.4828125 0.8328125 0.4828125 0.815625
0 0.64453125 0.63359375 0.60078125 0.63359375 0.60078125 0.66328125 0.64453125 0.66328125 0.64453125 0.63359375