0 0.49375 0.6265625 0.4546875 0.6265625 0.4546875 0.65 0.49375 0.65 0.49375 0.6265625
0 0.26328125 0.3484375 0.22578125 0.3484375 0.22578125 0.378125 0.26328125 0.378125 0.26328125 0.3484375
1 0.853125 0.28125 0.615625 0.28125 0.615625 0.35 0.853125 0.35 0.853125 0.28125
1 0.45625 0.28046875 0.275 0.28046875 0.275 0.34140625 0.45625 0.34140625 0.45625 0.28046875
6 0.82265625 0.09921875 0.46640625 0.09921875 0.46640625 0.18359375 0.82265625 0.18359375 0.82265625 0.09921875
6 0.6296875 0.18515625 0.4453125 0.18515625 0.4453125 0.26015625 0.6296875 0.26015625 0.6296875 0.18515625
6 0.46015625 0.09765625 0.26328125 0.09765625 0.26328125 0.17734375 0.46015625 0.17734375 0.46015625 0.09765625
6 0.6203125 0.35078125 0.4796875 0.35078125 0.4796875 0.43515625 0.6203125 0.43515625 0.6203125 0.35078125
6 0.85078125 0.36484375 0.64765625 0.36484375 0.64765625 0.50546875 0.85078125 0.50546875 0.85078125 0.36484375
6 0.4296875 0.38671875 0.2078125 0.38671875 0.2078125 0.50234375 0.4296875 0.50234375 0.4296875 0.38671875
6 0.440625 0.3484375 0.2734375 0.3484375 0.2734375 0.3859375 0.440625 0.3859375 0.440625 0.3484375
6 0.81953125 0.5140625 0.64609375 0.5140625 0.64609375 0.565625 0.81953125 0.565625 0.81953125 0.5140625