0 0.86015625 0.5703125 0.80703125 0.5703125 0.80703125 0.60625 0.86015625 0.60625 0.86015625 0.5703125
0 0.7453125 0.75 0.6859375 0.75 0.6859375 0.7828125 0.7453125 0.7828125 0.7453125 0.75
0 0.5796875 0.77890625 0.5171875 0.77890625 0.5171875 0.80859375 0.5796875 0.80859375 0.5796875 0.77890625
0 0.28515625 0.57890625 0.25390625 0.57890625 0.25390625 0.60234375 0.28515625 0.60234375 0.28515625 0.57890625
0 0.328125 0.44453125 0.28125 0.44453125 0.28125 0.47421875 0.328125 0.47421875 0.328125 0.44453125
0 0.528125 0.59765625 0.4859375 0.59765625 0.4859375 0.62578125 0.528125 0.62578125 0.528125 0.59765625
0 0.55390625 0.69921875 0.49296875 0.69921875 0.49296875 0.73515625 0.55390625 0.73515625 0.55390625 0.69921875
0 0.44765625 0.734375 0.39296875 0.734375 0.39296875 0.7546875 0.44765625 0.7546875 0.44765625 0.734375
0 0.46796875 0.6734375 0.43984375 0.6734375 0.43984375 0.7015625 0.46796875 0.7015625 0.46796875 0.6734375
0 0.8515625 0.25859375 0.803125 0.25859375 0.803125 0.28046875 0.8515625 0.28046875 0.8515625 0.25859375
0 0.6765625 0.459375 0.625 0.459375 0.625 0.490625 0.6765625 0.490625 0.6765625 0.459375
8 0.63203125 0.69140625 0.55234375 0.69140625 0.55234375 0.75078125 0.63203125 0.75078125 0.63203125 0.69140625