0 0.39140625 0.0828125 0.34296875 0.0828125 0.34296875 0.1171875 0.39140625 0.1171875 0.39140625 0.0828125
0 0.3421875 0.13203125 0.30625 0.13203125 0.30625 0.15234375 0.3421875 0.15234375 0.3421875 0.13203125
0 0.50234375 0.1484375 0.47109375 0.1484375 0.47109375 0.165625 0.50234375 0.165625 0.50234375 0.1484375
0 0.3859375 0.178125 0.346875 0.178125 0.346875 0.1953125 0.3859375 0.1953125 0.3859375 0.178125
0 0.27890625 0.16328125 0.23828125 0.16328125 0.23828125 0.18828125 0.27890625 0.18828125 0.27890625 0.16328125
0 0.3609375 0.51328125 0.3140625 0.51328125 0.3140625 0.53984375 0.3609375 0.53984375 0.3609375 0.51328125
0 0.80625 0.5703125 0.76875 0.5703125 0.76875 0.6015625 0.80625 0.6015625 0.80625 0.5703125
0 0.684375 0.5234375 0.6515625 0.5234375 0.6515625 0.54375 0.684375 0.54375 0.684375 0.5234375
0 0.7296875 0.51171875 0.709375 0.51171875 0.709375 0.52734375 0.7296875 0.52734375 0.7296875 0.51171875
0 0.83984375 0.6859375 0.79765625 0.6859375 0.79765625 0.7140625 0.83984375 0.7140625 0.83984375 0.6859375
0 0.56484375 0.871875 0.54609375 0.871875 0.54609375 0.8859375 0.56484375 0.8859375 0.56484375 0.871875
6 0.71796875 0.475 0.48828125 0.475 0.48828125 0.6234375 0.71796875 0.6234375 0.71796875 0.475
1 0.71796875 0.396875 0.46328125 0.396875 0.46328125 0.459375 0.71796875 0.459375 0.71796875 0.396875
1 0.24296875 0.45 0.14765625 0.45 0.14765625 0.49375 0.24296875 0.49375 0.24296875 0.45
0 0.31953125 0.50703125 0.23203125 0.50703125 0.23203125 0.61171875 0.31953125 0.61171875 0.31953125 0.50703125