0 0.63515625 0.5609375 0.60078125 0.5609375 0.60078125 0.58125 0.63515625 0.58125 0.63515625 0.5609375
0 0.56796875 0.5296875 0.53671875 0.5296875 0.53671875 0.55 0.56796875 0.55 0.56796875 0.5296875
0 0.6046875 0.53671875 0.5828125 0.53671875 0.5828125 0.55546875 0.6046875 0.55546875 0.6046875 0.53671875
0 0.6546875 0.50859375 0.628125 0.50859375 0.628125 0.52421875 0.6546875 0.52421875 0.6546875 0.50859375
0 0.5640625 0.6140625 0.540625 0.6140625 0.540625 0.634375 0.5640625 0.634375 0.5640625 0.6140625
0 0.40703125 0.4890625 0.38515625 0.4890625 0.38515625 0.509375 0.40703125 0.509375 0.40703125 0.4890625
0 0.39140625 0.5 0.37265625 0.5 0.37265625 0.5296875 0.39140625 0.5296875 0.39140625 0.5
0 0.48515625 0.6578125 0.46015625 0.6578125 0.46015625 0.6734375 0.48515625 0.6734375 0.48515625 0.6578125
0 0.6421875 0.590625 0.6140625 0.590625 0.6140625 0.60625 0.6421875 0.60625 0.6421875 0.590625
0 0.59296875 0.5984375 0.56796875 0.5984375 0.56796875 0.6171875 0.59296875 0.6171875 0.59296875 0.5984375
0 0.565625 0.5859375 0.5421875 0.5859375 0.5421875 0.603125 0.565625 0.603125 0.565625 0.5859375
0 0.29140625 0.51875 0.28046875 0.51875 0.28046875 0.53125 0.29140625 0.53125 0.29140625 0.51875
0 0.33203125 0.51640625 0.31953125 0.51640625 0.31953125 0.52734375 0.33203125 0.52734375 0.33203125 0.51640625
0 0.38984375 0.4765625 0.37421875 0.4765625 0.37421875 0.4875 0.38984375 0.4875 0.38984375 0.4765625