0 0.5125 0.353125 0.3984375 0.353125 0.3984375 0.4546875 0.5125 0.4546875 0.5125 0.353125
0 0.39921875 0.3578125 0.29140625 0.3578125 0.29140625 0.4015625 0.39921875 0.4015625 0.39921875 0.3578125
0 0.38046875 0.34609375 0.35703125 0.34609375 0.35703125 0.36796875 0.38046875 0.36796875 0.38046875 0.34609375
0 0.57734375 0.37421875 0.51796875 0.37421875 0.51796875 0.46796875 0.57734375 0.46796875 0.57734375 0.37421875
0 0.55390625 0.61640625 0.51171875 0.61640625 0.51171875 0.64453125 0.55390625 0.64453125 0.55390625 0.61640625
0 0.57265625 0.6515625 0.53359375 0.6515625 0.53359375 0.66875 0.57265625 0.66875 0.57265625 0.6515625
0 0.43515625 0.46875 0.40546875 0.46875 0.40546875 0.490625 0.43515625 0.490625 0.43515625 0.46875
0 0.2921875 0.3921875 0.225 0.3921875 0.225 0.4375 0.2921875 0.4375 0.2921875 0.3921875
0 0.38125 0.40625 0.3109375 0.40625 0.3109375 0.4484375 0.38125 0.4484375 0.38125 0.40625
0 0.20234375 0.62734375 0.15703125 0.62734375 0.15703125 0.66328125 0.20234375 0.66328125 0.20234375 0.62734375
0 0.25234375 0.6703125 0.21484375 0.6703125 0.21484375 0.696875 0.25234375 0.696875 0.25234375 0.6703125
0 0.621875 0.66328125 0.5828125 0.66328125 0.5828125 0.70078125 0.621875 0.70078125 0.621875 0.66328125
6 0.29375 0.6109375 0.234375 0.6109375 0.234375 0.6546875 0.29375 0.6546875 0.29375 0.6109375