0 0.80546875 0.45390625 0.77578125 0.45390625 0.77578125 0.46796875 0.80546875 0.46796875 0.80546875 0.45390625
0 0.678125 0.675 0.6265625 0.675 0.6265625 0.7078125 0.678125 0.7078125 0.678125 0.675
6 0.61796875 0.5203125 0.47265625 0.5203125 0.47265625 0.6703125 0.61796875 0.6703125 0.61796875 0.5203125
0 0.5296875 0.8734375 0.4890625 0.8734375 0.4890625 0.89375 0.5296875 0.89375 0.5296875 0.8734375
0 0.6671875 0.8375 0.6265625 0.8375 0.6265625 0.8671875 0.6671875 0.8671875 0.6671875 0.8375
0 0.39921875 0.54375 0.35234375 0.54375 0.35234375 0.5875 0.39921875 0.5875 0.39921875 0.54375
0 0.39609375 0.4015625 0.34921875 0.4015625 0.34921875 0.4390625 0.39609375 0.4390625 0.39609375 0.4015625
0 0.328125 0.43125 0.30625 0.43125 0.30625 0.45 0.328125 0.45 0.328125 0.43125
0 0.58828125 0.6875 0.56015625 0.6875 0.56015625 0.7078125 0.58828125 0.7078125 0.58828125 0.6875
0 0.68046875 0.90625 0.64453125 0.90625 0.64453125 0.9359375 0.68046875 0.9359375 0.68046875 0.90625
0 0.42578125 0.64375 0.38515625 0.64375 0.38515625 0.671875 0.42578125 0.671875 0.42578125 0.64375