6 0.42734375 0.4984375 0.34921875 0.4984375 0.34921875 0.5640625 0.42734375 0.5640625 0.42734375 0.4984375
6 0.68515625 0.4953125 0.59140625 0.4953125 0.59140625 0.5609375 0.68515625 0.5609375 0.68515625 0.4953125
0 0.5421875 0.49140625 0.490625 0.49140625 0.490625 0.53984375 0.5421875 0.53984375 0.5421875 0.49140625
0 0.56328125 0.66484375 0.47578125 0.66484375 0.47578125 0.71640625 0.56328125 0.71640625 0.56328125 0.66484375
0 0.4703125 0.3171875 0.4484375 0.3171875 0.4484375 0.3328125 0.4703125 0.3328125 0.4703125 0.3171875
0 0.490625 0.26015625 0.46875 0.26015625 0.46875 0.26796875 0.490625 0.26796875 0.490625 0.26015625
0 0.6328125 0.6515625 0.6125 0.6515625 0.6125 0.6671875 0.6328125 0.6671875 0.6328125 0.6515625
0 0.64609375 0.68046875 0.61796875 0.68046875 0.61796875 0.70390625 0.64609375 0.70390625 0.64609375 0.68046875
0 0.38671875 0.6609375 0.36484375 0.6609375 0.36484375 0.675 0.38671875 0.675 0.38671875 0.6609375
0 0.35859375 0.57578125 0.33359375 0.57578125 0.33359375 0.59140625 0.35859375 0.59140625 0.35859375 0.57578125
0 0.65703125 0.27109375 0.63515625 0.27109375 0.63515625 0.28515625 0.65703125 0.28515625 0.65703125 0.27109375