0 0.39609375 0.559375 0.36953125 0.559375 0.36953125 0.5875 0.39609375 0.5875 0.39609375 0.559375
0 0.35859375 0.60234375 0.32578125 0.60234375 0.32578125 0.62578125 0.35859375 0.62578125 0.35859375 0.60234375
0 0.58359375 0.62734375 0.54921875 0.62734375 0.54921875 0.65078125 0.58359375 0.65078125 0.58359375 0.62734375
0 0.58984375 0.740625 0.56015625 0.740625 0.56015625 0.759375 0.58984375 0.759375 0.58984375 0.740625
0 0.6203125 0.71796875 0.6 0.71796875 0.6 0.73359375 0.6203125 0.73359375 0.6203125 0.71796875
0 0.62421875 0.80234375 0.59609375 0.80234375 0.59609375 0.82734375 0.62421875 0.82734375 0.62421875 0.80234375
0 0.61328125 0.7921875 0.59296875 0.7921875 0.59296875 0.803125 0.61328125 0.803125 0.61328125 0.7921875
0 0.659375 0.7625 0.6390625 0.7625 0.6390625 0.778125 0.659375 0.778125 0.659375 0.7625
0 0.5140625 0.7625 0.4875 0.7625 0.4875 0.778125 0.5140625 0.778125 0.5140625 0.7625
0 0.61796875 0.575 0.59140625 0.575 0.59140625 0.5921875 0.61796875 0.5921875 0.61796875 0.575
0 0.54375 0.6 0.525 0.6 0.525 0.615625 0.54375 0.615625 0.54375 0.6
0 0.67578125 0.66953125 0.64609375 0.66953125 0.64609375 0.69296875 0.67578125 0.69296875 0.67578125 0.66953125