0 0.54140625 0.5484375 0.50859375 0.5484375 0.50859375 0.5671875 0.54140625 0.5671875 0.54140625 0.5484375
0 0.50546875 0.5421875 0.47421875 0.5421875 0.47421875 0.5625 0.50546875 0.5625 0.50546875 0.5421875
0 0.3953125 0.53359375 0.3625 0.53359375 0.3625 0.56171875 0.3953125 0.56171875 0.3953125 0.53359375
0 0.50625 0.58515625 0.475 0.58515625 0.475 0.61328125 0.50625 0.61328125 0.50625 0.58515625
0 0.45703125 0.60078125 0.42890625 0.60078125 0.42890625 0.62265625 0.45703125 0.62265625 0.45703125 0.60078125
0 0.465625 0.5671875 0.434375 0.5671875 0.434375 0.590625 0.465625 0.590625 0.465625 0.5671875
0 0.4515625 0.73828125 0.421875 0.73828125 0.421875 0.75234375 0.4515625 0.75234375 0.4515625 0.73828125
0 0.6265625 0.6984375 0.5984375 0.6984375 0.5984375 0.7203125 0.6265625 0.7203125 0.6265625 0.6984375
0 0.66484375 0.66640625 0.64140625 0.66640625 0.64140625 0.68671875 0.66484375 0.68671875 0.66484375 0.66640625
0 0.73125 0.56015625 0.703125 0.56015625 0.703125 0.58203125 0.73125 0.58203125 0.73125 0.56015625
0 0.56796875 0.78359375 0.53984375 0.78359375 0.53984375 0.80234375 0.56796875 0.80234375 0.56796875 0.78359375
0 0.61171875 0.80234375 0.57734375 0.80234375 0.57734375 0.82890625 0.61171875 0.82890625 0.61171875 0.80234375
0 0.63359375 0.8703125 0.60703125 0.8703125 0.60703125 0.884375 0.63359375 0.884375 0.63359375 0.8703125
0 0.65078125 0.8015625 0.62890625 0.8015625 0.62890625 0.8296875 0.65078125 0.8296875 0.65078125 0.8015625