0 0.390625 0.5140625 0.340625 0.5140625 0.340625 0.5609375 0.390625 0.5609375 0.390625 0.5140625
0 0.52109375 0.45625 0.49453125 0.45625 0.49453125 0.4921875 0.52109375 0.4921875 0.52109375 0.45625
0 0.46171875 0.47109375 0.43359375 0.47109375 0.43359375 0.49765625 0.46171875 0.49765625 0.46171875 0.47109375
0 0.3421875 0.3734375 0.321875 0.3734375 0.321875 0.3921875 0.3421875 0.3921875 0.3421875 0.3734375
0 0.2484375 0.42265625 0.2125 0.42265625 0.2125 0.45234375 0.2484375 0.45234375 0.2484375 0.42265625
0 0.2609375 0.4625 0.225 0.4625 0.225 0.490625 0.2609375 0.490625 0.2609375 0.4625
0 0.2859375 0.48125 0.2546875 0.48125 0.2546875 0.528125 0.2859375 0.528125 0.2859375 0.48125
0 0.22265625 0.3796875 0.19765625 0.3796875 0.19765625 0.4109375 0.22265625 0.4109375 0.22265625 0.3796875
0 0.24375 0.66484375 0.2140625 0.66484375 0.2140625 0.68515625 0.24375 0.68515625 0.24375 0.66484375
0 0.29296875 0.70078125 0.26171875 0.70078125 0.26171875 0.72421875 0.29296875 0.72421875 0.29296875 0.70078125
0 0.56015625 0.0796875 0.52421875 0.0796875 0.52421875 0.10625 0.56015625 0.10625 0.56015625 0.0796875
0 0.73203125 0.0203125 0.70234375 0.0203125 0.70234375 0.0609375 0.73203125 0.0609375 0.73203125 0.0203125
0 0.84921875 0.125 0.82890625 0.125 0.82890625 0.15625 0.84921875 0.15625 0.84921875 0.125
0 0.74296875 0.0734375 0.71171875 0.0734375 0.71171875 0.115625 0.74296875 0.115625 0.74296875 0.0734375
0 0.6078125 0.0671875 0.575 0.0671875 0.575 0.1 0.6078125 0.1 0.6078125 0.0671875
8 0.52734375 0.528125 0.47265625 0.528125 0.47265625 0.5921875 0.52734375 0.5921875 0.52734375 0.528125
1 0.5875 0.34296875 0.39375 0.34296875 0.39375 0.38671875 0.5875 0.38671875 0.5875 0.34296875
1 0.790625 0.434375 0.721875 0.434375 0.721875 0.465625 0.790625 0.465625 0.790625 0.434375