0 0.35625 0.50390625 0.325 0.50390625 0.325 0.52421875 0.35625 0.52421875 0.35625 0.50390625
0 0.33671875 0.42109375 0.30859375 0.42109375 0.30859375 0.44140625 0.33671875 0.44140625 0.33671875 0.42109375
0 0.359375 0.43828125 0.3359375 0.43828125 0.3359375 0.46171875 0.359375 0.46171875 0.359375 0.43828125
0 0.39296875 0.3796875 0.36171875 0.3796875 0.36171875 0.4015625 0.39296875 0.4015625 0.39296875 0.3796875
0 0.49453125 0.484375 0.46953125 0.484375 0.46953125 0.5015625 0.49453125 0.5015625 0.49453125 0.484375
0 0.44375 0.48671875 0.4046875 0.48671875 0.4046875 0.51484375 0.44375 0.51484375 0.44375 0.48671875
0 0.51796875 0.54296875 0.41640625 0.54296875 0.41640625 0.61015625 0.51796875 0.61015625 0.51796875 0.54296875
0 0.55234375 0.509375 0.41640625 0.509375 0.41640625 0.5421875 0.55234375 0.5421875 0.55234375 0.509375
0 0.334375 0.52890625 0.3 0.52890625 0.3 0.54609375 0.334375 0.54609375 0.334375 0.52890625
0 0.36640625 0.56015625 0.33515625 0.56015625 0.33515625 0.58515625 0.36640625 0.58515625 0.36640625 0.56015625
0 0.43125 0.65546875 0.403125 0.65546875 0.403125 0.68046875 0.43125 0.68046875 0.43125 0.65546875
0 0.64375 0.1359375 0.615625 0.1359375 0.615625 0.1515625 0.64375 0.1515625 0.64375 0.1359375
0 0.5953125 0.1390625 0.571875 0.1390625 0.571875 0.1546875 0.5953125 0.1546875 0.5953125 0.1390625
0 0.74609375 0.1875 0.73046875 0.1875 0.73046875 0.196875 0.74609375 0.196875 0.74609375 0.1875
0 0.82109375 0.2 0.79609375 0.2 0.79609375 0.21875 0.82109375 0.21875 0.82109375 0.2
0 0.76015625 0.22109375 0.72734375 0.22109375 0.72734375 0.24140625 0.76015625 0.24140625 0.76015625 0.22109375
0 0.44609375 0.340625 0.39921875 0.340625 0.39921875 0.3703125 0.44609375 0.3703125 0.44609375 0.340625
0 0.6625 0.73828125 0.63125 0.73828125 0.63125 0.75859375 0.6625 0.75859375 0.6625 0.73828125
0 0.68671875 0.759375 0.65859375 0.759375 0.65859375 0.7828125 0.68671875 0.7828125 0.68671875 0.759375
0 0.5921875 0.7296875 0.553125 0.7296875 0.553125 0.7578125 0.5921875 0.7578125 0.5921875 0.7296875