0 0.44921875 0.22109375 0.42109375 0.22109375 0.42109375 0.24453125 0.44921875 0.24453125 0.44921875 0.22109375
0 0.5890625 0.2453125 0.33125 0.2453125 0.33125 0.3015625 0.5890625 0.3015625 0.5890625 0.2453125
0 0.54375 0.30859375 0.453125 0.30859375 0.453125 0.32578125 0.54375 0.32578125 0.54375 0.30859375
0 0.3296875 0.53515625 0.2609375 0.53515625 0.2609375 0.59453125 0.3296875 0.59453125 0.3296875 0.53515625
0 0.28359375 0.4640625 0.26015625 0.4640625 0.26015625 0.4828125 0.28359375 0.4828125 0.28359375 0.4640625
0 0.31796875 0.4921875 0.30078125 0.4921875 0.30078125 0.509375 0.31796875 0.509375 0.31796875 0.4921875
0 0.653125 0.46484375 0.625 0.46484375 0.625 0.48203125 0.653125 0.48203125 0.653125 0.46484375
0 0.7203125 0.49609375 0.684375 0.49609375 0.684375 0.52265625 0.7203125 0.52265625 0.7203125 0.49609375
0 0.76015625 0.55859375 0.71015625 0.55859375 0.71015625 0.59453125 0.76015625 0.59453125 0.76015625 0.55859375
0 0.48984375 0.54140625 0.46640625 0.54140625 0.46640625 0.55703125 0.48984375 0.55703125 0.48984375 0.54140625
0 0.56640625 0.45625 0.55078125 0.45625 0.55078125 0.475 0.56640625 0.475 0.56640625 0.45625
0 0.3921875 0.50625 0.3671875 0.50625 0.3671875 0.5234375 0.3921875 0.5234375 0.3921875 0.50625
0 0.51015625 0.68671875 0.44765625 0.68671875 0.44765625 0.73046875 0.51015625 0.73046875 0.51015625 0.68671875
0 0.6953125 0.62734375 0.678125 0.62734375 0.678125 0.64296875 0.6953125 0.64296875 0.6953125 0.62734375
0 0.70078125 0.55078125 0.68203125 0.55078125 0.68203125 0.56328125 0.70078125 0.56328125 0.70078125 0.55078125
0 0.68359375 0.5265625 0.66640625 0.5265625 0.66640625 0.5421875 0.68359375 0.5421875 0.68359375 0.5265625
0 0.5296875 0.49375 0.5046875 0.49375 0.5046875 0.515625 0.5296875 0.515625 0.5296875 0.49375