0 0.3046875 0.64140625 0.2734375 0.64140625 0.2734375 0.65859375 0.3046875 0.65859375 0.3046875 0.64140625
0 0.33046875 0.67109375 0.29921875 0.67109375 0.29921875 0.69140625 0.33046875 0.69140625 0.33046875 0.67109375
0 0.38125 0.68046875 0.353125 0.68046875 0.353125 0.70234375 0.38125 0.70234375 0.38125 0.68046875
0 0.334375 0.709375 0.303125 0.709375 0.303125 0.7296875 0.334375 0.7296875 0.334375 0.709375
0 0.31484375 0.728125 0.28046875 0.728125 0.28046875 0.753125 0.31484375 0.753125 0.31484375 0.728125
0 0.3 0.67890625 0.2625 0.67890625 0.2625 0.70546875 0.3 0.70546875 0.3 0.67890625
0 0.5078125 0.69453125 0.4765625 0.69453125 0.4765625 0.71953125 0.5078125 0.71953125 0.5078125 0.69453125
0 0.5296875 0.7625 0.5046875 0.7625 0.5046875 0.784375 0.5296875 0.784375 0.5296875 0.7625
0 0.51171875 0.80078125 0.48984375 0.80078125 0.48984375 0.81484375 0.51171875 0.81484375 0.51171875 0.80078125
0 0.525 0.8703125 0.496875 0.8703125 0.496875 0.8875 0.525 0.8875 0.525 0.8703125
0 0.471875 0.88203125 0.446875 0.88203125 0.446875 0.90390625 0.471875 0.90390625 0.471875 0.88203125
0 0.43359375 0.8734375 0.40546875 0.8734375 0.40546875 0.8953125 0.43359375 0.8953125 0.43359375 0.8734375
0 0.3921875 0.9015625 0.3453125 0.9015625 0.3453125 0.925 0.3921875 0.925 0.3921875 0.9015625
0 0.3296875 0.890625 0.3 0.890625 0.3 0.9140625 0.3296875 0.9140625 0.3296875 0.890625
0 0.3421875 0.86484375 0.296875 0.86484375 0.296875 0.89140625 0.3421875 0.89140625 0.3421875 0.86484375
0 0.28203125 0.87265625 0.24921875 0.87265625 0.24921875 0.89296875 0.28203125 0.89296875 0.28203125 0.87265625
0 0.26953125 0.8515625 0.24453125 0.8515625 0.24453125 0.8671875 0.26953125 0.8671875 0.26953125 0.8515625
0 0.4265625 0.7703125 0.3953125 0.7703125 0.3953125 0.79375 0.4265625 0.79375 0.4265625 0.7703125
0 0.3953125 0.784375 0.3625 0.784375 0.3625 0.8046875 0.3953125 0.8046875 0.3953125 0.784375
0 0.39609375 0.81484375 0.36484375 0.81484375 0.36484375 0.83515625 0.39609375 0.83515625 0.39609375 0.81484375
0 0.434375 0.80078125 0.4078125 0.80078125 0.4078125 0.81640625 0.434375 0.81640625 0.434375 0.80078125
0 0.4703125 0.78828125 0.446875 0.78828125 0.446875 0.81328125 0.4703125 0.81328125 0.4703125 0.78828125
0 0.40859375 0.7 0.37890625 0.7 0.37890625 0.721875 0.40859375 0.721875 0.40859375 0.7
0 0.2234375 0.91328125 0.190625 0.91328125 0.190625 0.93203125 0.2234375 0.93203125 0.2234375 0.91328125
1 0.21875 0.634375 0.15625 0.634375 0.15625 0.665625 0.21875 0.665625 0.21875 0.634375