0 0.5984375 0.47109375 0.575 0.47109375 0.575 0.48984375 0.5984375 0.48984375 0.5984375 0.47109375
0 0.54296875 0.47734375 0.52265625 0.47734375 0.52265625 0.49296875 0.54296875 0.49296875 0.54296875 0.47734375
0 0.36015625 0.4984375 0.33828125 0.4984375 0.33828125 0.509375 0.36015625 0.509375 0.36015625 0.4984375
0 0.3296875 0.48515625 0.3109375 0.48515625 0.3109375 0.49609375 0.3296875 0.49609375 0.3296875 0.48515625
0 0.57109375 0.68359375 0.54765625 0.68359375 0.54765625 0.70234375 0.57109375 0.70234375 0.57109375 0.68359375
0 0.5234375 0.68671875 0.5 0.68671875 0.5 0.70390625 0.5234375 0.70390625 0.5234375 0.68671875
0 0.54296875 0.66796875 0.52734375 0.66796875 0.52734375 0.68046875 0.54296875 0.68046875 0.54296875 0.66796875
0 0.4953125 0.6640625 0.478125 0.6640625 0.478125 0.675 0.4953125 0.675 0.4953125 0.6640625
0 0.484375 0.6796875 0.4625 0.6796875 0.4625 0.69375 0.484375 0.69375 0.484375 0.6796875
0 0.46953125 0.64921875 0.45390625 0.64921875 0.45390625 0.66015625 0.46953125 0.66015625 0.46953125 0.64921875
0 0.3703125 0.60625 0.3515625 0.60625 0.3515625 0.6265625 0.3703125 0.6265625 0.3703125 0.60625
0 0.64453125 0.5234375 0.62109375 0.5234375 0.62109375 0.534375 0.64453125 0.534375 0.64453125 0.5234375
0 0.58984375 0.390625 0.56796875 0.390625 0.56796875 0.41875 0.58984375 0.41875 0.58984375 0.390625
0 0.5171875 0.3890625 0.496875 0.3890625 0.496875 0.4015625 0.5171875 0.4015625 0.5171875 0.3890625
0 0.46875 0.39375 0.4484375 0.39375 0.4484375 0.4109375 0.46875 0.4109375 0.46875 0.39375
0 0.50390625 0.4140625 0.48828125 0.4140625 0.48828125 0.4234375 0.50390625 0.4234375 0.50390625 0.4140625
0 0.54140625 0.3828125 0.53046875 0.3828125 0.53046875 0.3921875 0.54140625 0.3921875 0.54140625 0.3828125
0 0.55546875 0.39765625 0.54296875 0.39765625 0.54296875 0.41015625 0.55546875 0.41015625 0.55546875 0.39765625
6 0.4296875 0.51484375 0.31875 0.51484375 0.31875 0.56640625 0.4296875 0.56640625 0.4296875 0.51484375