8 0.54609375 0.55390625 0.47421875 0.55390625 0.47421875 0.59765625 0.54609375 0.59765625 0.54609375 0.55390625
8 0.5203125 0.61796875 0.46875 0.61796875 0.46875 0.64609375 0.5203125 0.64609375 0.5203125 0.61796875
8 0.5375 0.64296875 0.5140625 0.64296875 0.5140625 0.66796875 0.5375 0.66796875 0.5375 0.64296875
8 0.471875 0.69765625 0.421875 0.69765625 0.421875 0.72109375 0.471875 0.72109375 0.471875 0.69765625
8 0.5015625 0.39296875 0.38125 0.39296875 0.38125 0.40859375 0.5015625 0.40859375 0.5015625 0.39296875
8 0.440625 0.45 0.38125 0.45 0.38125 0.503125 0.440625 0.503125 0.440625 0.45
8 0.59296875 0.5203125 0.55234375 0.5203125 0.55234375 0.5625 0.59296875 0.5625 0.59296875 0.5203125
8 0.41328125 0.646875 0.39140625 0.646875 0.39140625 0.659375 0.41328125 0.659375 0.41328125 0.646875
0 0.509375 0.653125 0.49375 0.653125 0.49375 0.66875 0.509375 0.66875 0.509375 0.653125
0 0.5796875 0.6546875 0.56875 0.6546875 0.56875 0.6703125 0.5796875 0.6703125 0.5796875 0.6546875
0 0.5421875 0.690625 0.521875 0.690625 0.521875 0.71875 0.5421875 0.71875 0.5421875 0.690625
0 0.53515625 0.7359375 0.53046875 0.7359375 0.53046875 0.74375 0.53515625 0.74375 0.53515625 0.7359375
0 0.35390625 0.76640625 0.33828125 0.76640625 0.33828125 0.77421875 0.35390625 0.77421875 0.35390625 0.76640625
0 0.29921875 0.72734375 0.28359375 0.72734375 0.28359375 0.73984375 0.29921875 0.73984375 0.29921875 0.72734375
6 0.5859375 0.6015625 0.534375 0.6015625 0.534375 0.646875 0.5859375 0.646875 0.5859375 0.6015625