8 0.553125 0.50546875 0.48125 0.50546875 0.48125 0.53671875 0.553125 0.53671875 0.553125 0.50546875
8 0.609375 0.4625 0.5625 0.4625 0.5625 0.4921875 0.609375 0.4921875 0.609375 0.4625
8 0.41875 0.41015625 0.340625 0.41015625 0.340625 0.46953125 0.41875 0.46953125 0.41875 0.41015625
8 0.559375 0.56171875 0.4875 0.56171875 0.4875 0.59296875 0.559375 0.59296875 0.559375 0.56171875
8 0.60625 0.5796875 0.55625 0.5796875 0.55625 0.6328125 0.60625 0.6328125 0.60625 0.5796875
8 0.50078125 0.64609375 0.43671875 0.64609375 0.43671875 0.67265625 0.50078125 0.67265625 0.50078125 0.64609375
8 0.48359375 0.4109375 0.44765625 0.4109375 0.44765625 0.4375 0.48359375 0.4375 0.48359375 0.4109375
6 0.5921875 0.5171875 0.5375 0.5171875 0.5375 0.5703125 0.5921875 0.5703125 0.5921875 0.5171875
0 0.5265625 0.5984375 0.5046875 0.5984375 0.5046875 0.6125 0.5265625 0.6125 0.5265625 0.5984375
0 0.63046875 0.5796875 0.61171875 0.5796875 0.61171875 0.5984375 0.63046875 0.5984375 0.63046875 0.5796875
0 0.65703125 0.5203125 0.64609375 0.5203125 0.64609375 0.5328125 0.65703125 0.5328125 0.65703125 0.5203125
0 0.6171875 0.56328125 0.596875 0.56328125 0.596875 0.57421875 0.6171875 0.57421875 0.6171875 0.56328125
0 0.55859375 0.62578125 0.54765625 0.62578125 0.54765625 0.63828125 0.55859375 0.63828125 0.55859375 0.62578125
0 0.58671875 0.63046875 0.55859375 0.63046875 0.55859375 0.65703125 0.58671875 0.65703125 0.58671875 0.63046875
0 0.60859375 0.6671875 0.59140625 0.6671875 0.59140625 0.6828125 0.60859375 0.6828125 0.60859375 0.6671875
0 0.6234375 0.6609375 0.6078125 0.6609375 0.6078125 0.675 0.6234375 0.675 0.6234375 0.6609375
0 0.63984375 0.6421875 0.62734375 0.6421875 0.62734375 0.6609375 0.63984375 0.6609375 0.63984375 0.6421875
0 0.60546875 0.50859375 0.59453125 0.50859375 0.59453125 0.51640625 0.60546875 0.51640625 0.60546875 0.50859375