0 0.61015625 0.66015625 0.58515625 0.66015625 0.58515625 0.67578125 0.61015625 0.67578125 0.61015625 0.66015625
0 0.64140625 0.6875 0.61796875 0.6875 0.61796875 0.7046875 0.64140625 0.7046875 0.64140625 0.6875
0 0.63203125 0.7109375 0.61015625 0.7109375 0.61015625 0.7234375 0.63203125 0.7234375 0.63203125 0.7109375
0 0.67578125 0.65078125 0.65390625 0.65078125 0.65390625 0.66796875 0.67578125 0.66796875 0.67578125 0.65078125
0 0.67734375 0.6234375 0.64765625 0.6234375 0.64765625 0.6421875 0.67734375 0.6421875 0.67734375 0.6234375
0 0.67265625 0.603125 0.63984375 0.603125 0.63984375 0.621875 0.67265625 0.621875 0.67265625 0.603125
0 0.65390625 0.5578125 0.62265625 0.5578125 0.62265625 0.5765625 0.65390625 0.5765625 0.65390625 0.5578125
0 0.721875 0.56484375 0.69375 0.56484375 0.69375 0.58203125 0.721875 0.58203125 0.721875 0.56484375
0 0.64453125 0.77890625 0.61640625 0.77890625 0.61640625 0.79609375 0.64453125 0.79609375 0.64453125 0.77890625
0 0.62265625 0.7921875 0.59453125 0.7921875 0.59453125 0.8046875 0.62265625 0.8046875 0.62265625 0.7921875
0 0.5953125 0.8046875 0.5671875 0.8046875 0.5671875 0.821875 0.5953125 0.821875 0.5953125 0.8046875
0 0.40390625 0.434375 0.34609375 0.434375 0.34609375 0.4609375 0.40390625 0.4609375 0.40390625 0.434375
0 0.79140625 0.47109375 0.75390625 0.47109375 0.75390625 0.50859375 0.79140625 0.50859375 0.79140625 0.47109375
0 0.6578125 0.4515625 0.6125 0.4515625 0.6125 0.475 0.6578125 0.475 0.6578125 0.4515625
0 0.4953125 0.4109375 0.4625 0.4109375 0.4625 0.4296875 0.4953125 0.4296875 0.4953125 0.4109375
0 0.37578125 0.484375 0.34453125 0.484375 0.34453125 0.4984375 0.37578125 0.4984375 0.37578125 0.484375
0 0.4109375 0.48203125 0.3859375 0.48203125 0.3859375 0.49609375 0.4109375 0.49609375 0.4109375 0.48203125
0 0.4359375 0.42421875 0.4109375 0.42421875 0.4109375 0.43984375 0.4359375 0.43984375 0.4359375 0.42421875
6 0.59140625 0.58125 0.50546875 0.58125 0.50546875 0.6515625 0.59140625 0.6515625 0.59140625 0.58125
0 0.63515625 0.60078125 0.60078125 0.60078125 0.60078125 0.65234375 0.63515625 0.65234375 0.63515625 0.60078125
0 0.4125 0.684375 0.4 0.684375 0.4 0.690625 0.4125 0.690625 0.4125 0.684375