0 0.49140625 0.55078125 0.45390625 0.55078125 0.45390625 0.58359375 0.49140625 0.58359375 0.49140625 0.55078125
0 0.5203125 0.590625 0.4828125 0.590625 0.4828125 0.6140625 0.5203125 0.6140625 0.5203125 0.590625
0 0.5609375 0.6109375 0.528125 0.6109375 0.528125 0.6359375 0.5609375 0.6359375 0.5609375 0.6109375
0 0.55703125 0.38203125 0.53359375 0.38203125 0.53359375 0.39921875 0.55703125 0.39921875 0.55703125 0.38203125
0 0.821875 0.37265625 0.79375 0.37265625 0.79375 0.39453125 0.821875 0.39453125 0.821875 0.37265625
0 0.77734375 0.6234375 0.76171875 0.6234375 0.76171875 0.634375 0.77734375 0.634375 0.77734375 0.6234375
0 0.8328125 0.434375 0.8171875 0.434375 0.8171875 0.446875 0.8328125 0.446875 0.8328125 0.434375
0 0.80078125 0.44921875 0.77265625 0.44921875 0.77265625 0.46171875 0.80078125 0.46171875 0.80078125 0.44921875
0 0.76796875 0.44765625 0.75078125 0.44765625 0.75078125 0.46171875 0.76796875 0.46171875 0.76796875 0.44765625
0 0.79921875 0.41796875 0.78203125 0.41796875 0.78203125 0.43515625 0.79921875 0.43515625 0.79921875 0.41796875
0 0.84921875 0.390625 0.83203125 0.390625 0.83203125 0.4046875 0.84921875 0.4046875 0.84921875 0.390625
0 0.625 0.36875 0.6046875 0.36875 0.6046875 0.3796875 0.625 0.3796875 0.625 0.36875
0 0.41328125 0.49921875 0.39921875 0.49921875 0.39921875 0.51015625 0.41328125 0.51015625 0.41328125 0.49921875
0 0.6234375 0.74296875 0.6015625 0.74296875 0.6015625 0.76171875 0.6234375 0.76171875 0.6234375 0.74296875
0 0.67421875 0.7375 0.62421875 0.7375 0.62421875 0.7625 0.67421875 0.7625 0.67421875 0.7375
6 0.66171875 0.53046875 0.51640625 0.53046875 0.51640625 0.62265625 0.66171875 0.62265625 0.66171875 0.53046875
6 0.49140625 0.3984375 0.43046875 0.3984375 0.43046875 0.4265625 0.49140625 0.4265625 0.49140625 0.3984375
6 0.53125 0.38203125 0.4921875 0.38203125 0.4921875 0.40546875 0.53125 0.40546875 0.53125 0.38203125
6 0.453125 0.50234375 0.41875 0.50234375 0.41875 0.52109375 0.453125 0.52109375 0.453125 0.50234375
0 0.59765625 0.73359375 0.57734375 0.73359375 0.57734375 0.75703125 0.59765625 0.75703125 0.59765625 0.73359375