0 0.33359375 0.6578125 0.31015625 0.6578125 0.31015625 0.6796875 0.33359375 0.6796875 0.33359375 0.6578125
0 0.35234375 0.71953125 0.32421875 0.71953125 0.32421875 0.73359375 0.35234375 0.73359375 0.35234375 0.71953125
0 0.325 0.7015625 0.3046875 0.7015625 0.3046875 0.7171875 0.325 0.7171875 0.325 0.7015625
0 0.41796875 0.65078125 0.39765625 0.65078125 0.39765625 0.66484375 0.41796875 0.66484375 0.41796875 0.65078125
0 0.65859375 0.821875 0.63984375 0.821875 0.63984375 0.83125 0.65859375 0.83125 0.65859375 0.821875
0 0.65625 0.84140625 0.6328125 0.84140625 0.6328125 0.87109375 0.65625 0.87109375 0.65625 0.84140625
0 0.47578125 0.85078125 0.45390625 0.85078125 0.45390625 0.86171875 0.47578125 0.86171875 0.47578125 0.85078125
0 0.4765625 0.86875 0.45 0.86875 0.45 0.884375 0.4765625 0.884375 0.4765625 0.86875
0 0.68203125 0.32578125 0.67265625 0.32578125 0.67265625 0.34140625 0.68203125 0.34140625 0.68203125 0.32578125
0 0.70625 0.3546875 0.6875 0.3546875 0.6875 0.365625 0.70625 0.365625 0.70625 0.3546875
0 0.44296875 0.3890625 0.42890625 0.3890625 0.42890625 0.3984375 0.44296875 0.3984375 0.44296875 0.3890625
0 0.47265625 0.36015625 0.43828125 0.36015625 0.43828125 0.36953125 0.47265625 0.36953125 0.47265625 0.36015625
0 0.4484375 0.34140625 0.4296875 0.34140625 0.4296875 0.35234375 0.4484375 0.35234375 0.4484375 0.34140625
6 0.76953125 0.5921875 0.65546875 0.5921875 0.65546875 0.6875 0.76953125 0.6875 0.76953125 0.5921875
6 0.43671875 0.59921875 0.32421875 0.59921875 0.32421875 0.67109375 0.43671875 0.67109375 0.43671875 0.59921875
0 0.596875 0.396875 0.5671875 0.396875 0.5671875 0.4140625 0.596875 0.4140625 0.596875 0.396875
0 0.6921875 0.37578125 0.671875 0.37578125 0.671875 0.38828125 0.6921875 0.38828125 0.6921875 0.37578125
0 0.71484375 0.403125 0.70078125 0.403125 0.70078125 0.4125 0.71484375 0.4125 0.71484375 0.403125
0 0.49453125 0.3921875 0.47734375 0.3921875 0.47734375 0.4046875 0.49453125 0.4046875 0.49453125 0.3921875
0 0.4953125 0.34453125 0.4796875 0.34453125 0.4796875 0.35546875 0.4953125 0.35546875 0.4953125 0.34453125
0 0.61875 0.31796875 0.6015625 0.31796875 0.6015625 0.33515625 0.61875 0.33515625 0.61875 0.31796875
0 0.56328125 0.32265625 0.52109375 0.32265625 0.52109375 0.34140625 0.56328125 0.34140625 0.56328125 0.32265625
0 0.57109375 0.3484375 0.53203125 0.3484375 0.53203125 0.36875 0.57109375 0.36875 0.57109375 0.3484375
1 0.79375 0.54375 0.621875 0.54375 0.621875 0.5796875 0.79375 0.5796875 0.79375 0.54375
1 0.47734375 0.5421875 0.31796875 0.5421875 0.31796875 0.5796875 0.47734375 0.5796875 0.47734375 0.5421875