0 0.6484375 0.63125 0.6203125 0.63125 0.6203125 0.6515625 0.6484375 0.6515625 0.6484375 0.63125
0 0.63359375 0.66640625 0.60234375 0.66640625 0.60234375 0.68515625 0.63359375 0.68515625 0.63359375 0.66640625
0 0.60546875 0.67578125 0.56171875 0.67578125 0.56171875 0.71171875 0.60546875 0.71171875 0.60546875 0.67578125
0 0.3890625 0.52890625 0.36875 0.52890625 0.36875 0.54296875 0.3890625 0.54296875 0.3890625 0.52890625
0 0.42890625 0.728125 0.39921875 0.728125 0.39921875 0.74375 0.42890625 0.74375 0.42890625 0.728125
0 0.63359375 0.82734375 0.61328125 0.82734375 0.61328125 0.83828125 0.63359375 0.83828125 0.63359375 0.82734375
0 0.540625 0.85859375 0.5171875 0.85859375 0.5171875 0.87265625 0.540625 0.87265625 0.540625 0.85859375
0 0.51171875 0.84140625 0.48671875 0.84140625 0.48671875 0.85390625 0.51171875 0.85390625 0.51171875 0.84140625
0 0.3484375 0.721875 0.328125 0.721875 0.328125 0.734375 0.3484375 0.734375 0.3484375 0.721875
0 0.325 0.659375 0.3015625 0.659375 0.3015625 0.68125 0.325 0.68125 0.325 0.659375
0 0.428125 0.434375 0.403125 0.434375 0.403125 0.4515625 0.428125 0.4515625 0.428125 0.434375
0 0.50859375 0.3609375 0.48203125 0.3609375 0.48203125 0.384375 0.50859375 0.384375 0.50859375 0.3609375
0 0.71171875 0.34609375 0.69609375 0.34609375 0.69609375 0.36015625 0.71171875 0.36015625 0.71171875 0.34609375
0 0.6921875 0.32734375 0.6671875 0.32734375 0.6671875 0.34453125 0.6921875 0.34453125 0.6921875 0.32734375
0 0.64765625 0.30390625 0.62578125 0.30390625 0.62578125 0.31953125 0.64765625 0.31953125 0.64765625 0.30390625
0 0.6625 0.3328125 0.6421875 0.3328125 0.6421875 0.3484375 0.6625 0.3484375 0.6625 0.3328125
0 0.665625 0.6859375 0.6453125 0.6859375 0.6453125 0.7046875 0.665625 0.7046875 0.665625 0.6859375
0 0.60234375 0.4921875 0.53046875 0.4921875 0.53046875 0.534375 0.60234375 0.534375 0.60234375 0.4921875
1 0.69453125 0.51875 0.61640625 0.51875 0.61640625 0.540625 0.69453125 0.540625 0.69453125 0.51875
6 0.6109375 0.540625 0.490625 0.540625 0.490625 0.6390625 0.6109375 0.6390625 0.6109375 0.540625