0 0.40390625 0.85234375 0.36484375 0.85234375 0.36484375 0.88203125 0.40390625 0.88203125 0.40390625 0.85234375
0 0.33359375 0.8484375 0.30859375 0.8484375 0.30859375 0.86875 0.33359375 0.86875 0.33359375 0.8484375
0 0.36484375 0.8203125 0.33984375 0.8203125 0.33984375 0.8453125 0.36484375 0.8453125 0.36484375 0.8203125
0 0.4984375 0.77421875 0.4734375 0.77421875 0.4734375 0.79609375 0.4984375 0.79609375 0.4984375 0.77421875
0 0.52421875 0.7625 0.50078125 0.7625 0.50078125 0.7859375 0.52421875 0.7859375 0.52421875 0.7625
0 0.484375 0.7265625 0.4578125 0.7265625 0.4578125 0.7421875 0.484375 0.7421875 0.484375 0.7265625
0 0.478125 0.61171875 0.4484375 0.61171875 0.4484375 0.63671875 0.478125 0.63671875 0.478125 0.61171875
0 0.44765625 0.65859375 0.41015625 0.65859375 0.41015625 0.68046875 0.44765625 0.68046875 0.44765625 0.65859375
0 0.4046875 0.64453125 0.38125 0.64453125 0.38125 0.66171875 0.4046875 0.66171875 0.4046875 0.64453125
0 0.50546875 0.5734375 0.48359375 0.5734375 0.48359375 0.5890625 0.50546875 0.5890625 0.50546875 0.5734375
0 0.5015625 0.45859375 0.4828125 0.45859375 0.4828125 0.47265625 0.5015625 0.47265625 0.5015625 0.45859375
0 0.4171875 0.58984375 0.3859375 0.58984375 0.3859375 0.61953125 0.4171875 0.61953125 0.4171875 0.58984375
0 0.421875 0.6265625 0.3828125 0.6265625 0.3828125 0.6421875 0.421875 0.6421875 0.421875 0.6265625
0 0.303125 0.31328125 0.259375 0.31328125 0.259375 0.32890625 0.303125 0.32890625 0.303125 0.31328125
0 0.39609375 0.346875 0.36484375 0.346875 0.36484375 0.3859375 0.39609375 0.3859375 0.39609375 0.346875
0 0.421875 0.325 0.39375 0.325 0.39375 0.340625 0.421875 0.340625 0.421875 0.325
0 0.31484375 0.38515625 0.27578125 0.38515625 0.27578125 0.40546875 0.31484375 0.40546875 0.31484375 0.38515625
0 0.2671875 0.43046875 0.24375 0.43046875 0.24375 0.44765625 0.2671875 0.44765625 0.2671875 0.43046875
0 0.26875 0.3734375 0.246875 0.3734375 0.246875 0.3828125 0.26875 0.3828125 0.26875 0.3734375
0 0.25546875 0.39296875 0.22109375 0.39296875 0.22109375 0.40546875 0.25546875 0.40546875 0.25546875 0.39296875
0 0.28671875 0.3453125 0.25703125 0.3453125 0.25703125 0.3609375 0.28671875 0.3609375 0.28671875 0.3453125
0 0.2453125 0.34140625 0.2234375 0.34140625 0.2234375 0.36171875 0.2453125 0.36171875 0.2453125 0.34140625
0 0.24296875 0.37421875 0.21484375 0.37421875 0.21484375 0.39140625 0.24296875 0.39140625 0.24296875 0.37421875
0 0.35078125 0.34609375 0.31484375 0.34609375 0.31484375 0.37890625 0.35078125 0.37890625 0.35078125 0.34609375
0 0.4296875 0.80703125 0.4078125 0.80703125 0.4078125 0.81953125 0.4296875 0.81953125 0.4296875 0.80703125
0 0.64765625 0.58984375 0.62109375 0.58984375 0.62109375 0.60703125 0.64765625 0.60703125 0.64765625 0.58984375
0 0.534375 0.553125 0.5125 0.553125 0.5125 0.56875 0.534375 0.56875 0.534375 0.553125
0 0.425 0.56953125 0.403125 0.56953125 0.403125 0.58359375 0.425 0.58359375 0.425 0.56953125
0 0.45625 0.565625 0.4328125 0.565625 0.4328125 0.58125 0.45625 0.58125 0.45625 0.565625
0 0.578125 0.69453125 0.546875 0.69453125 0.546875 0.71328125 0.578125 0.71328125 0.578125 0.69453125