0 0.821875 0.5984375 0.74375 0.5984375 0.74375 0.696875 0.821875 0.696875 0.821875 0.5984375
0 0.3203125 0.525 0.146875 0.525 0.146875 0.615625 0.3203125 0.615625 0.3203125 0.525
0 0.29140625 0.63671875 0.18359375 0.63671875 0.18359375 0.66796875 0.29140625 0.66796875 0.29140625 0.63671875
0 0.271875 0.69140625 0.2125 0.69140625 0.2125 0.72734375 0.271875 0.72734375 0.271875 0.69140625
0 0.35546875 0.66953125 0.32890625 0.66953125 0.32890625 0.70078125 0.35546875 0.70078125 0.35546875 0.66953125
0 0.86875 0.55390625 0.83125 0.55390625 0.83125 0.59296875 0.86875 0.59296875 0.86875 0.55390625
0 0.6921875 0.52890625 0.61875 0.52890625 0.61875 0.58046875 0.6921875 0.58046875 0.6921875 0.52890625
0 0.28984375 0.7390625 0.23671875 0.7390625 0.23671875 0.7640625 0.28984375 0.7640625 0.28984375 0.7390625
6 0.3984375 0.56484375 0.340625 0.56484375 0.340625 0.65546875 0.3984375 0.65546875 0.3984375 0.56484375
6 0.7328125 0.59140625 0.6875 0.59140625 0.6875 0.66328125 0.7328125 0.66328125 0.7328125 0.59140625
0 0.5953125 0.2421875 0.5765625 0.2421875 0.5765625 0.275 0.5953125 0.275 0.5953125 0.2421875
6 0.53515625 0.584375 0.46171875 0.584375 0.46171875 0.6484375 0.53515625 0.6484375 0.53515625 0.584375
6 0.5234375 0.528125 0.459375 0.528125 0.459375 0.5765625 0.5234375 0.5765625 0.5234375 0.528125
0 0.4328125 0.85 0.39375 0.85 0.39375 0.86875 0.4328125 0.86875 0.4328125 0.85
0 0.42421875 0.81640625 0.39140625 0.81640625 0.39140625 0.83828125 0.42421875 0.83828125 0.42421875 0.81640625
0 0.6046875 0.85390625 0.5703125 0.85390625 0.5703125 0.87109375 0.6046875 0.87109375 0.6046875 0.85390625
0 0.62421875 0.615625 0.59765625 0.615625 0.59765625 0.64375 0.62421875 0.64375 0.62421875 0.615625
6 0.59296875 0.534375 0.54140625 0.534375 0.54140625 0.6546875 0.59296875 0.6546875 0.59296875 0.534375
0 0.8265625 0.53671875 0.8046875 0.53671875 0.8046875 0.60078125 0.8265625 0.60078125 0.8265625 0.53671875
0 0.79296875 0.55703125 0.74921875 0.55703125 0.74921875 0.59296875 0.79296875 0.59296875 0.79296875 0.55703125
0 0.66171875 0.8 0.64140625 0.8 0.64140625 0.8125 0.66171875 0.8125 0.66171875 0.8
0 0.671875 0.81171875 0.6359375 0.81171875 0.6359375 0.82578125 0.671875 0.82578125 0.671875 0.81171875
1 0.81796875 0.46875 0.59609375 0.46875 0.59609375 0.5265625 0.81796875 0.5265625 0.81796875 0.46875
1 0.440625 0.47421875 0.19375 0.47421875 0.19375 0.53984375 0.440625 0.53984375 0.440625 0.47421875