0 0.5421875 0.5265625 0.3921875 0.5265625 0.3921875 0.6375 0.5421875 0.6375 0.5421875 0.5265625
0 0.6328125 0.4125 0.578125 0.4125 0.578125 0.4203125 0.6328125 0.4203125 0.6328125 0.4125
0 0.6171875 0.44609375 0.5875 0.44609375 0.5875 0.46328125 0.6171875 0.46328125 0.6171875 0.44609375
0 0.61875 0.53125 0.571875 0.53125 0.571875 0.5546875 0.61875 0.5546875 0.61875 0.53125
0 0.58515625 0.5890625 0.53203125 0.5890625 0.53203125 0.6171875 0.58515625 0.6171875 0.58515625 0.5890625
0 0.5578125 0.6421875 0.51875 0.6421875 0.51875 0.665625 0.5578125 0.665625 0.5578125 0.6421875
0 0.60703125 0.628125 0.58671875 0.628125 0.58671875 0.6515625 0.60703125 0.6515625 0.60703125 0.628125
0 0.56640625 0.4609375 0.53984375 0.4609375 0.53984375 0.4890625 0.56640625 0.4890625 0.56640625 0.4609375
0 0.75078125 0.53515625 0.73046875 0.53515625 0.73046875 0.55078125 0.75078125 0.55078125 0.75078125 0.53515625
0 0.0859375 0.34140625 0.065625 0.34140625 0.065625 0.36953125 0.0859375 0.36953125 0.0859375 0.34140625
0 0.39609375 0.54609375 0.28984375 0.54609375 0.28984375 0.62890625 0.39609375 0.62890625 0.39609375 0.54609375
0 0.26640625 0.57421875 0.20390625 0.57421875 0.20390625 0.68671875 0.26640625 0.68671875 0.26640625 0.57421875
0 0.22109375 0.6609375 0.15703125 0.6609375 0.15703125 0.69375 0.22109375 0.69375 0.22109375 0.6609375