0 0.259375 0.51484375 0.23125 0.51484375 0.23125 0.54609375 0.259375 0.54609375 0.259375 0.51484375
0 0.2984375 0.3921875 0.2828125 0.3921875 0.2828125 0.4109375 0.2984375 0.4109375 0.2984375 0.3921875
0 0.35234375 0.43984375 0.32265625 0.43984375 0.32265625 0.45859375 0.35234375 0.45859375 0.35234375 0.43984375
0 0.35390625 0.40078125 0.32734375 0.40078125 0.32734375 0.42421875 0.35390625 0.42421875 0.35390625 0.40078125
0 0.53671875 0.70078125 0.51796875 0.70078125 0.51796875 0.71484375 0.53671875 0.71484375 0.53671875 0.70078125
0 0.5640625 0.715625 0.5453125 0.715625 0.5453125 0.73125 0.5640625 0.73125 0.5640625 0.715625
0 0.6046875 0.7265625 0.58125 0.7265625 0.58125 0.7453125 0.6046875 0.7453125 0.6046875 0.7265625
0 0.36171875 0.6359375 0.33515625 0.6359375 0.33515625 0.65625 0.36171875 0.65625 0.36171875 0.6359375
0 0.35078125 0.6921875 0.33515625 0.6921875 0.33515625 0.7125 0.35078125 0.7125 0.35078125 0.6921875
0 0.33125 0.09609375 0.2921875 0.09609375 0.2921875 0.11640625 0.33125 0.11640625 0.33125 0.09609375
0 0.49296875 0.090625 0.48203125 0.090625 0.48203125 0.115625 0.49296875 0.115625 0.49296875 0.090625
0 0.72265625 0.53046875 0.71796875 0.53046875 0.71796875 0.54140625 0.72265625 0.54140625 0.72265625 0.53046875
0 0.75 0.5296875 0.7390625 0.5296875 0.7390625 0.5453125 0.75 0.5453125 0.75 0.5296875
0 0.73203125 0.57578125 0.71953125 0.57578125 0.71953125 0.59453125 0.73203125 0.59453125 0.73203125 0.57578125
0 0.77734375 0.453125 0.72890625 0.453125 0.72890625 0.5140625 0.77734375 0.5140625 0.77734375 0.453125
0 0.809375 0.44140625 0.7859375 0.44140625 0.7859375 0.49453125 0.809375 0.49453125 0.809375 0.44140625
0 0.7484375 0.40859375 0.7203125 0.40859375 0.7203125 0.44765625 0.7484375 0.44765625 0.7484375 0.40859375
1 0.4265625 0.30546875 0.215625 0.30546875 0.215625 0.36328125 0.4265625 0.36328125 0.4265625 0.30546875
1 0.72578125 0.28984375 0.56953125 0.28984375 0.56953125 0.36015625 0.72578125 0.36015625 0.72578125 0.28984375