0 0.434375 0.79609375 0.403125 0.79609375 0.403125 0.81796875 0.434375 0.81796875 0.434375 0.79609375
0 0.36015625 0.7828125 0.33984375 0.7828125 0.33984375 0.8140625 0.36015625 0.8140625 0.36015625 0.7828125
0 0.5109375 0.47890625 0.475 0.47890625 0.475 0.53046875 0.5109375 0.53046875 0.5109375 0.47890625
0 0.54296875 0.45234375 0.48828125 0.45234375 0.48828125 0.48359375 0.54296875 0.48359375 0.54296875 0.45234375
0 0.60234375 0.49765625 0.56015625 0.49765625 0.56015625 0.52421875 0.60234375 0.52421875 0.60234375 0.49765625
0 0.43046875 0.47265625 0.38046875 0.47265625 0.38046875 0.51796875 0.43046875 0.51796875 0.43046875 0.47265625
0 0.440625 0.42578125 0.4125 0.42578125 0.4125 0.47265625 0.440625 0.47265625 0.440625 0.42578125
0 0.4828125 0.53828125 0.3953125 0.53828125 0.3953125 0.57421875 0.4828125 0.57421875 0.4828125 0.53828125
0 0.51484375 0.40078125 0.43828125 0.40078125 0.43828125 0.45703125 0.51484375 0.45703125 0.51484375 0.40078125
0 0.4765625 0.48515625 0.44375 0.48515625 0.44375 0.53515625 0.4765625 0.53515625 0.4765625 0.48515625
0 0.5125 0.29921875 0.4921875 0.29921875 0.4921875 0.32265625 0.5125 0.32265625 0.5125 0.29921875
0 0.49609375 0.22265625 0.46953125 0.22265625 0.46953125 0.23984375 0.49609375 0.23984375 0.49609375 0.22265625
0 0.515625 0.2671875 0.44375 0.2671875 0.44375 0.290625 0.515625 0.290625 0.515625 0.2671875
0 0.6046875 0.35703125 0.5765625 0.35703125 0.5765625 0.38046875 0.6046875 0.38046875 0.6046875 0.35703125
0 0.5046875 0.36328125 0.4734375 0.36328125 0.4734375 0.39296875 0.5046875 0.39296875 0.5046875 0.36328125
0 0.6546875 0.4484375 0.6 0.4484375 0.6 0.48125 0.6546875 0.48125 0.6546875 0.4484375
0 0.66171875 0.50078125 0.60234375 0.50078125 0.60234375 0.52421875 0.66171875 0.52421875 0.66171875 0.50078125
0 0.56328125 0.41015625 0.54296875 0.41015625 0.54296875 0.43203125 0.56328125 0.43203125 0.56328125 0.41015625
0 0.71484375 0.45390625 0.67734375 0.45390625 0.67734375 0.47109375 0.71484375 0.47109375 0.71484375 0.45390625
0 0.49609375 0.340625 0.46015625 0.340625 0.46015625 0.3625 0.49609375 0.3625 0.49609375 0.340625