0 0.20078125 0.6859375 0.16796875 0.6859375 0.16796875 0.709375 0.20078125 0.709375 0.20078125 0.6859375
0 0.2796875 0.65625 0.2578125 0.65625 0.2578125 0.6875 0.2796875 0.6875 0.2796875 0.65625
0 0.30546875 0.6984375 0.27265625 0.6984375 0.27265625 0.7171875 0.30546875 0.7171875 0.30546875 0.6984375
0 0.30859375 0.73046875 0.29609375 0.73046875 0.29609375 0.73828125 0.30859375 0.73828125 0.30859375 0.73046875
0 0.40859375 0.60078125 0.37890625 0.60078125 0.37890625 0.62109375 0.40859375 0.62109375 0.40859375 0.60078125
0 0.4796875 0.61484375 0.446875 0.61484375 0.446875 0.63203125 0.4796875 0.63203125 0.4796875 0.61484375
0 0.353125 0.52109375 0.321875 0.52109375 0.321875 0.54765625 0.353125 0.54765625 0.353125 0.52109375
0 0.29609375 0.5234375 0.25859375 0.5234375 0.25859375 0.546875 0.29609375 0.546875 0.29609375 0.5234375
0 0.27109375 0.53828125 0.22421875 0.53828125 0.22421875 0.55390625 0.27109375 0.55390625 0.27109375 0.53828125
0 0.36640625 0.58515625 0.32109375 0.58515625 0.32109375 0.61171875 0.36640625 0.61171875 0.36640625 0.58515625
0 0.47109375 0.5546875 0.37734375 0.5546875 0.37734375 0.5921875 0.47109375 0.5921875 0.47109375 0.5546875
0 0.44453125 0.53359375 0.40234375 0.53359375 0.40234375 0.55859375 0.44453125 0.55859375 0.44453125 0.53359375
0 0.5046875 0.57890625 0.4578125 0.57890625 0.4578125 0.60234375 0.5046875 0.60234375 0.5046875 0.57890625
0 0.52578125 0.4765625 0.48359375 0.4765625 0.48359375 0.5125 0.52578125 0.5125 0.52578125 0.4765625
0 0.4078125 0.50390625 0.3609375 0.50390625 0.3609375 0.56171875 0.4078125 0.56171875 0.4078125 0.50390625
0 0.4015625 0.67421875 0.3296875 0.67421875 0.3296875 0.71484375 0.4015625 0.71484375 0.4015625 0.67421875
0 0.49140625 0.6453125 0.38359375 0.6453125 0.38359375 0.6828125 0.49140625 0.6828125 0.49140625 0.6453125
0 0.34375 0.61171875 0.2609375 0.61171875 0.2609375 0.67109375 0.34375 0.67109375 0.34375 0.61171875
0 0.38515625 0.384375 0.32890625 0.384375 0.32890625 0.4125 0.38515625 0.4125 0.38515625 0.384375
0 0.584375 0.634375 0.565625 0.634375 0.565625 0.65625 0.584375 0.65625 0.584375 0.634375
0 0.5484375 0.64375 0.5046875 0.64375 0.5046875 0.703125 0.5484375 0.703125 0.5484375 0.64375
1 0.2125 0.459375 0.1578125 0.459375 0.1578125 0.4875 0.2125 0.4875 0.2125 0.459375
1 0.28828125 0.440625 0.17421875 0.440625 0.17421875 0.465625 0.28828125 0.465625 0.28828125 0.440625
0 0.225 0.7421875 0.203125 0.7421875 0.203125 0.7515625 0.225 0.7515625 0.225 0.7421875
0 0.515625 0.83125 0.4953125 0.83125 0.4953125 0.846875 0.515625 0.846875 0.515625 0.83125
0 0.2703125 0.76015625 0.25 0.76015625 0.25 0.76953125 0.2703125 0.76953125 0.2703125 0.76015625
0 0.23359375 0.6828125 0.21953125 0.6828125 0.21953125 0.6953125 0.23359375 0.6953125 0.23359375 0.6828125
0 0.21796875 0.71640625 0.20390625 0.71640625 0.20390625 0.72734375 0.21796875 0.72734375 0.21796875 0.71640625
0 0.13515625 0.74921875 0.12890625 0.74921875 0.12890625 0.76171875 0.13515625 0.76171875 0.13515625 0.74921875
0 0.32109375 0.56171875 0.29765625 0.56171875 0.29765625 0.58203125 0.32109375 0.58203125 0.32109375 0.56171875
0 0.559375 0.62734375 0.5359375 0.62734375 0.5359375 0.64296875 0.559375 0.64296875 0.559375 0.62734375
0 0.3140625 0.5421875 0.30625 0.5421875 0.30625 0.5578125 0.3140625 0.5578125 0.3140625 0.5421875
0 0.48125 0.53984375 0.453125 0.53984375 0.453125 0.55546875 0.48125 0.55546875 0.48125 0.53984375