0 0.78046875 0.49921875 0.75859375 0.49921875 0.75859375 0.51640625 0.78046875 0.51640625 0.78046875 0.49921875
0 0.81953125 0.54375 0.78984375 0.54375 0.78984375 0.5625 0.81953125 0.5625 0.81953125 0.54375
0 0.7015625 0.596875 0.6828125 0.596875 0.6828125 0.6203125 0.7015625 0.6203125 0.7015625 0.596875
0 0.66875 0.6 0.6328125 0.6 0.6328125 0.625 0.66875 0.625 0.66875 0.6
0 0.66640625 0.5234375 0.63203125 0.5234375 0.63203125 0.5546875 0.66640625 0.5546875 0.66640625 0.5234375
0 0.62421875 0.47265625 0.59453125 0.47265625 0.59453125 0.51484375 0.62421875 0.51484375 0.62421875 0.47265625
0 0.540625 0.42421875 0.51875 0.42421875 0.51875 0.44453125 0.540625 0.44453125 0.540625 0.42421875
0 0.5734375 0.4859375 0.540625 0.4859375 0.540625 0.5171875 0.5734375 0.5171875 0.5734375 0.4859375
0 0.56328125 0.45625 0.53203125 0.45625 0.53203125 0.475 0.56328125 0.475 0.56328125 0.45625
0 0.6578125 0.4375 0.6296875 0.4375 0.6296875 0.4625 0.6578125 0.4625 0.6578125 0.4375
0 0.75234375 0.4375 0.69765625 0.4375 0.69765625 0.475 0.75234375 0.475 0.75234375 0.4375
0 0.840625 0.43515625 0.828125 0.43515625 0.828125 0.45546875 0.840625 0.45546875 0.840625 0.43515625
0 0.53203125 0.23515625 0.49765625 0.23515625 0.49765625 0.25703125 0.53203125 0.25703125 0.53203125 0.23515625
0 0.55390625 0.26015625 0.50546875 0.26015625 0.50546875 0.28046875 0.55390625 0.28046875 0.55390625 0.26015625
0 0.45859375 0.33515625 0.43828125 0.33515625 0.43828125 0.36171875 0.45859375 0.36171875 0.45859375 0.33515625
0 0.47890625 0.3921875 0.44140625 0.3921875 0.44140625 0.4125 0.47890625 0.4125 0.47890625 0.3921875
0 0.49453125 0.41953125 0.45234375 0.41953125 0.45234375 0.44453125 0.49453125 0.44453125 0.49453125 0.41953125
0 0.53046875 0.54375 0.49609375 0.54375 0.49609375 0.5796875 0.53046875 0.5796875 0.53046875 0.54375
0 0.50703125 0.53671875 0.42109375 0.53671875 0.42109375 0.58359375 0.50703125 0.58359375 0.50703125 0.53671875
1 0.7859375 0.2828125 0.6203125 0.2828125 0.6203125 0.3328125 0.7859375 0.3328125 0.7859375 0.2828125
0 0.9375 0.6546875 0.903125 0.6546875 0.903125 0.6734375 0.9375 0.6734375 0.9375 0.6546875
0 0.7640625 0.65859375 0.746875 0.65859375 0.746875 0.67890625 0.7640625 0.67890625 0.7640625 0.65859375
0 0.76875 0.7015625 0.75625 0.7015625 0.75625 0.7171875 0.76875 0.7171875 0.76875 0.7015625
0 0.7828125 0.57421875 0.75625 0.57421875 0.75625 0.59296875 0.7828125 0.59296875 0.7828125 0.57421875
0 0.7703125 0.603125 0.721875 0.603125 0.721875 0.6296875 0.7703125 0.6296875 0.7703125 0.603125
0 0.840625 0.6734375 0.815625 0.6734375 0.815625 0.690625 0.840625 0.690625 0.840625 0.6734375
0 0.4921875 0.24453125 0.4765625 0.24453125 0.4765625 0.26015625 0.4921875 0.26015625 0.4921875 0.24453125