0 0.41328125 0.6484375 0.36953125 0.6484375 0.36953125 0.6765625 0.41328125 0.6765625 0.41328125 0.6484375
0 0.4953125 0.2640625 0.4625 0.2640625 0.4625 0.2921875 0.4953125 0.2921875 0.4953125 0.2640625
0 0.5203125 0.3796875 0.5015625 0.3796875 0.5015625 0.4015625 0.5203125 0.4015625 0.5203125 0.3796875
0 0.56328125 0.45546875 0.53359375 0.45546875 0.53359375 0.47578125 0.56328125 0.47578125 0.56328125 0.45546875
0 0.46328125 0.265625 0.43046875 0.265625 0.43046875 0.3 0.46328125 0.3 0.46328125 0.265625
0 0.57734375 0.8359375 0.56171875 0.8359375 0.56171875 0.846875 0.57734375 0.846875 0.57734375 0.8359375
0 0.48046875 0.2171875 0.45234375 0.2171875 0.45234375 0.240625 0.48046875 0.240625 0.48046875 0.2171875
0 0.5984375 0.23671875 0.565625 0.23671875 0.565625 0.25546875 0.5984375 0.25546875 0.5984375 0.23671875
0 0.48203125 0.33828125 0.43359375 0.33828125 0.43359375 0.36015625 0.48203125 0.36015625 0.48203125 0.33828125
0 0.57421875 0.3140625 0.56328125 0.3140625 0.56328125 0.3390625 0.57421875 0.3390625 0.57421875 0.3140625
0 0.53828125 0.26328125 0.50703125 0.26328125 0.50703125 0.27421875 0.53828125 0.27421875 0.53828125 0.26328125
0 0.50078125 0.4015625 0.48828125 0.4015625 0.48828125 0.4203125 0.50078125 0.4203125 0.50078125 0.4015625