0 0.66484375 0.471875 0.63515625 0.471875 0.63515625 0.4953125 0.66484375 0.4953125 0.66484375 0.471875
0 0.72265625 0.44140625 0.66796875 0.44140625 0.66796875 0.51171875 0.72265625 0.51171875 0.72265625 0.44140625
0 0.72578125 0.6734375 0.68671875 0.6734375 0.68671875 0.70625 0.72578125 0.70625 0.72578125 0.6734375
0 0.578125 0.5796875 0.5546875 0.5796875 0.5546875 0.596875 0.578125 0.596875 0.578125 0.5796875
0 0.57109375 0.60078125 0.53671875 0.60078125 0.53671875 0.64140625 0.57109375 0.64140625 0.57109375 0.60078125
0 0.59375 0.61796875 0.5796875 0.61796875 0.5796875 0.63359375 0.59375 0.63359375 0.59375 0.61796875
0 0.51171875 0.58671875 0.48828125 0.58671875 0.48828125 0.60390625 0.51171875 0.60390625 0.51171875 0.58671875
0 0.66171875 0.5984375 0.64296875 0.5984375 0.64296875 0.615625 0.66171875 0.615625 0.66171875 0.5984375
0 0.59140625 0.44609375 0.56328125 0.44609375 0.56328125 0.46953125 0.59140625 0.46953125 0.59140625 0.44609375
0 0.66328125 0.35859375 0.64921875 0.35859375 0.64921875 0.37578125 0.66328125 0.37578125 0.66328125 0.35859375
0 0.73984375 0.31171875 0.67109375 0.31171875 0.67109375 0.39140625 0.73984375 0.39140625 0.73984375 0.31171875
0 0.83671875 0.24375 0.71171875 0.24375 0.71171875 0.2828125 0.83671875 0.2828125 0.83671875 0.24375