0 0.65859375 0.6828125 0.63046875 0.6828125 0.63046875 0.6984375 0.65859375 0.6984375 0.65859375 0.6828125
0 0.6953125 0.68671875 0.68125 0.68671875 0.68125 0.70703125 0.6953125 0.70703125 0.6953125 0.68671875
0 0.5015625 0.44609375 0.478125 0.44609375 0.478125 0.46015625 0.5015625 0.46015625 0.5015625 0.44609375
0 0.6 0.45859375 0.5796875 0.45859375 0.5796875 0.47421875 0.6 0.47421875 0.6 0.45859375
0 0.46875 0.415625 0.44375 0.415625 0.44375 0.4328125 0.46875 0.4328125 0.46875 0.415625
0 0.63671875 0.434375 0.62421875 0.434375 0.62421875 0.44375 0.63671875 0.44375 0.63671875 0.434375
0 0.66015625 0.4421875 0.63203125 0.4421875 0.63203125 0.453125 0.66015625 0.453125 0.66015625 0.4421875
0 0.52578125 0.46796875 0.50859375 0.46796875 0.50859375 0.48046875 0.52578125 0.48046875 0.52578125 0.46796875
0 0.56171875 0.41796875 0.54609375 0.41796875 0.54609375 0.43046875 0.56171875 0.43046875 0.56171875 0.41796875
0 0.58515625 0.40390625 0.56484375 0.40390625 0.56484375 0.42265625 0.58515625 0.42265625 0.58515625 0.40390625
0 0.55390625 0.38359375 0.53984375 0.38359375 0.53984375 0.39765625 0.55390625 0.39765625 0.55390625 0.38359375
0 0.54296875 0.38671875 0.53046875 0.38671875 0.53046875 0.40078125 0.54296875 0.40078125 0.54296875 0.38671875
0 0.5296875 0.3921875 0.5203125 0.3921875 0.5203125 0.4046875 0.5296875 0.4046875 0.5296875 0.3921875
0 0.42734375 0.3609375 0.41484375 0.3609375 0.41484375 0.3734375 0.42734375 0.3734375 0.42734375 0.3609375
0 0.6203125 0.35625 0.596875 0.35625 0.596875 0.371875 0.6203125 0.371875 0.6203125 0.35625
0 0.61171875 0.3890625 0.59296875 0.3890625 0.59296875 0.4 0.61171875 0.4 0.61171875 0.3890625