0 0.60234375 0.596875 0.59140625 0.596875 0.59140625 0.6125 0.60234375 0.6125 0.60234375 0.596875
0 0.65625 0.59765625 0.64375 0.59765625 0.64375 0.61328125 0.65625 0.61328125 0.65625 0.59765625
0 0.6609375 0.61875 0.6484375 0.61875 0.6484375 0.6265625 0.6609375 0.6265625 0.6609375 0.61875
0 0.2984375 0.5625 0.284375 0.5625 0.284375 0.578125 0.2984375 0.578125 0.2984375 0.5625
0 0.30546875 0.58359375 0.29609375 0.58359375 0.29609375 0.59609375 0.30546875 0.59609375 0.30546875 0.58359375
0 0.34140625 0.5734375 0.31953125 0.5734375 0.31953125 0.5859375 0.34140625 0.5859375 0.34140625 0.5734375
0 0.628125 0.6 0.6203125 0.6 0.6203125 0.61875 0.628125 0.61875 0.628125 0.6
0 0.378125 0.3609375 0.365625 0.3609375 0.365625 0.375 0.378125 0.375 0.378125 0.3609375
0 0.38515625 0.62734375 0.37265625 0.62734375 0.37265625 0.64140625 0.38515625 0.64140625 0.38515625 0.62734375
0 0.328125 0.615625 0.3171875 0.615625 0.3171875 0.6265625 0.328125 0.6265625 0.328125 0.615625
0 0.31015625 0.6046875 0.29453125 0.6046875 0.29453125 0.6125 0.31015625 0.6125 0.31015625 0.6046875
0 0.28671875 0.590625 0.27890625 0.590625 0.27890625 0.596875 0.28671875 0.596875 0.28671875 0.590625
0 0.5953125 0.571875 0.5859375 0.571875 0.5859375 0.5828125 0.5953125 0.5828125 0.5953125 0.571875
0 0.5203125 0.42578125 0.5078125 0.42578125 0.5078125 0.44609375 0.5203125 0.44609375 0.5203125 0.42578125
0 0.590625 0.621875 0.5625 0.621875 0.5625 0.6390625 0.590625 0.6390625 0.590625 0.621875
0 0.39375 0.59453125 0.3765625 0.59453125 0.3765625 0.60546875 0.39375 0.60546875 0.39375 0.59453125
0 0.47734375 0.515625 0.46484375 0.515625 0.46484375 0.528125 0.47734375 0.528125 0.47734375 0.515625
0 0.478125 0.58203125 0.4609375 0.58203125 0.4609375 0.59453125 0.478125 0.59453125 0.478125 0.58203125
0 0.55703125 0.590625 0.54765625 0.590625 0.54765625 0.6015625 0.55703125 0.6015625 0.55703125 0.590625
0 0.45625 0.559375 0.4375 0.559375 0.4375 0.565625 0.45625 0.565625 0.45625 0.559375
0 0.28671875 0.571875 0.27265625 0.571875 0.27265625 0.5828125 0.28671875 0.5828125 0.28671875 0.571875
0 0.31171875 0.5375 0.30390625 0.5375 0.30390625 0.5484375 0.31171875 0.5484375 0.31171875 0.5375
0 0.33515625 0.56328125 0.31953125 0.56328125 0.31953125 0.57265625 0.33515625 0.57265625 0.33515625 0.56328125
0 0.425 0.57421875 0.4125 0.57421875 0.4125 0.58671875 0.425 0.58671875 0.425 0.57421875