0 0.690625 0.40234375 0.6671875 0.40234375 0.6671875 0.42890625 0.690625 0.42890625 0.690625 0.40234375
6 0.56328125 0.56640625 0.47890625 0.56640625 0.47890625 0.69140625 0.56328125 0.69140625 0.56328125 0.56640625
6 0.746875 0.60625 0.6140625 0.60625 0.6140625 0.7078125 0.746875 0.7078125 0.746875 0.60625
6 0.42578125 0.62890625 0.36484375 0.62890625 0.36484375 0.71640625 0.42578125 0.71640625 0.42578125 0.62890625
6 0.60078125 0.6421875 0.57265625 0.6421875 0.57265625 0.696875 0.60078125 0.696875 0.60078125 0.6421875
0 0.68046875 0.83125 0.64921875 0.83125 0.64921875 0.85625 0.68046875 0.85625 0.68046875 0.83125
6 0.5609375 0.41796875 0.4484375 0.41796875 0.4484375 0.48828125 0.5609375 0.48828125 0.5609375 0.41796875
6 0.44296875 0.4203125 0.39609375 0.4203125 0.39609375 0.4671875 0.44296875 0.4671875 0.44296875 0.4203125
6 0.6046875 0.42421875 0.553125 0.42421875 0.553125 0.46953125 0.6046875 0.46953125 0.6046875 0.42421875
6 0.5328125 0.38359375 0.4015625 0.38359375 0.4015625 0.42109375 0.5328125 0.42109375 0.5328125 0.38359375
6 0.6203125 0.39296875 0.5359375 0.39296875 0.5359375 0.42109375 0.6203125 0.42109375 0.6203125 0.39296875