0 0.6203125 0.75 0.59375 0.75 0.59375 0.765625 0.6203125 0.765625 0.6203125 0.75
0 0.5859375 0.78046875 0.5671875 0.78046875 0.5671875 0.79296875 0.5859375 0.79296875 0.5859375 0.78046875
0 0.603125 0.76953125 0.5875 0.76953125 0.5875 0.78046875 0.603125 0.78046875 0.603125 0.76953125
0 0.6515625 0.77734375 0.628125 0.77734375 0.628125 0.78984375 0.6515625 0.78984375 0.6515625 0.77734375
6 0.6453125 0.75078125 0.5859375 0.75078125 0.5859375 0.78359375 0.6453125 0.78359375 0.6453125 0.75078125
0 0.64140625 0.93125 0.61796875 0.93125 0.61796875 0.946875 0.64140625 0.946875 0.64140625 0.93125
0 0.665625 0.9484375 0.6421875 0.9484375 0.6421875 0.959375 0.665625 0.959375 0.665625 0.9484375
0 0.6 0.5546875 0.58125 0.5546875 0.58125 0.5671875 0.6 0.5671875 0.6 0.5546875
0 0.6234375 0.55546875 0.6015625 0.55546875 0.6015625 0.57109375 0.6234375 0.57109375 0.6234375 0.55546875
0 0.59453125 0.57265625 0.57421875 0.57265625 0.57421875 0.60078125 0.59453125 0.60078125 0.59453125 0.57265625
0 0.725 0.62265625 0.70625 0.62265625 0.70625 0.63515625 0.725 0.63515625 0.725 0.62265625
0 0.76015625 0.659375 0.74765625 0.659375 0.74765625 0.671875 0.76015625 0.671875 0.76015625 0.659375
0 0.7703125 0.6125 0.7546875 0.6125 0.7546875 0.628125 0.7703125 0.628125 0.7703125 0.6125
0 0.771875 0.64140625 0.7578125 0.64140625 0.7578125 0.65546875 0.771875 0.65546875 0.771875 0.64140625
0 0.79140625 0.62890625 0.77265625 0.62890625 0.77265625 0.65234375 0.79140625 0.65234375 0.79140625 0.62890625
0 0.5796875 0.803125 0.565625 0.803125 0.565625 0.8140625 0.5796875 0.8140625 0.5796875 0.803125