0 0.72109375 0.48203125 0.69296875 0.48203125 0.69296875 0.49765625 0.72109375 0.49765625 0.72109375 0.48203125
0 0.3203125 0.5109375 0.284375 0.5109375 0.284375 0.5265625 0.3203125 0.5265625 0.3203125 0.5109375
6 0.28671875 0.51640625 0.12109375 0.51640625 0.12109375 0.60234375 0.28671875 0.60234375 0.28671875 0.51640625
0 0.8921875 0.43515625 0.865625 0.43515625 0.865625 0.45234375 0.8921875 0.45234375 0.8921875 0.43515625
0 0.78203125 0.50390625 0.75390625 0.50390625 0.75390625 0.51640625 0.78203125 0.51640625 0.78203125 0.50390625
0 0.82578125 0.575 0.78046875 0.575 0.78046875 0.5953125 0.82578125 0.5953125 0.82578125 0.575
0 0.88125 0.4984375 0.8140625 0.4984375 0.8140625 0.5171875 0.88125 0.5171875 0.88125 0.4984375
0 0.82734375 0.5234375 0.79921875 0.5234375 0.79921875 0.5390625 0.82734375 0.5390625 0.82734375 0.5234375
0 0.8921875 0.48125 0.875 0.48125 0.875 0.4890625 0.8921875 0.4890625 0.8921875 0.48125
0 0.48046875 0.303125 0.45859375 0.303125 0.45859375 0.315625 0.48046875 0.315625 0.48046875 0.303125
0 0.615625 0.2640625 0.590625 0.2640625 0.590625 0.2765625 0.615625 0.2765625 0.615625 0.2640625
0 0.5234375 0.353125 0.503125 0.353125 0.503125 0.3640625 0.5234375 0.3640625 0.5234375 0.353125