0 0.76640625 0.24140625 0.70390625 0.24140625 0.70390625 0.26796875 0.76640625 0.26796875 0.76640625 0.24140625
0 0.51796875 0.15625 0.47265625 0.15625 0.47265625 0.1765625 0.51796875 0.1765625 0.51796875 0.15625
0 0.7046875 0.14296875 0.671875 0.14296875 0.671875 0.16640625 0.7046875 0.16640625 0.7046875 0.14296875
0 0.87421875 0.23984375 0.84609375 0.23984375 0.84609375 0.26171875 0.87421875 0.26171875 0.87421875 0.23984375
0 0.75625 0.39765625 0.715625 0.39765625 0.715625 0.41640625 0.75625 0.41640625 0.75625 0.39765625
0 0.65546875 0.3265625 0.61328125 0.3265625 0.61328125 0.3453125 0.65546875 0.3453125 0.65546875 0.3265625
0 0.58046875 0.40625 0.52890625 0.40625 0.52890625 0.4296875 0.58046875 0.4296875 0.58046875 0.40625
0 0.53359375 0.49140625 0.48671875 0.49140625 0.48671875 0.51796875 0.53359375 0.51796875 0.53359375 0.49140625
0 0.69921875 0.5515625 0.66640625 0.5515625 0.66640625 0.5734375 0.69921875 0.5734375 0.69921875 0.5515625
0 0.1828125 0.26171875 0.15625 0.26171875 0.15625 0.27890625 0.1828125 0.27890625 0.1828125 0.26171875
0 0.34296875 0.35703125 0.31171875 0.35703125 0.31171875 0.36796875 0.34296875 0.36796875 0.34296875 0.35703125
6 0.7046875 0.3765625 0.425 0.3765625 0.425 0.5046875 0.7046875 0.5046875 0.7046875 0.3765625
0 0.7296875 0.31640625 0.6921875 0.31640625 0.6921875 0.33515625 0.7296875 0.33515625 0.7296875 0.31640625
6 0.81171875 0.43203125 0.61328125 0.43203125 0.61328125 0.51171875 0.81171875 0.51171875 0.81171875 0.43203125