0 0.4515625 0.1734375 0.384375 0.1734375 0.384375 0.2046875 0.4515625 0.2046875 0.4515625 0.1734375
0 0.31171875 0.16171875 0.27578125 0.16171875 0.27578125 0.18671875 0.31171875 0.18671875 0.31171875 0.16171875
0 0.31953125 0.2109375 0.25703125 0.2109375 0.25703125 0.2375 0.31953125 0.2375 0.31953125 0.2109375
0 0.50546875 0.30625 0.44609375 0.30625 0.44609375 0.340625 0.50546875 0.340625 0.50546875 0.30625
0 0.503125 0.353125 0.4625 0.353125 0.4625 0.375 0.503125 0.375 0.503125 0.353125
0 0.54375 0.271875 0.4921875 0.271875 0.4921875 0.3046875 0.54375 0.3046875 0.54375 0.271875
0 0.40390625 0.83828125 0.36953125 0.83828125 0.36953125 0.86484375 0.40390625 0.86484375 0.40390625 0.83828125
0 0.83125 0.58046875 0.7984375 0.58046875 0.7984375 0.60859375 0.83125 0.60859375 0.83125 0.58046875
0 0.8671875 0.546875 0.8484375 0.546875 0.8484375 0.559375 0.8671875 0.559375 0.8671875 0.546875
0 0.83828125 0.5609375 0.81796875 0.5609375 0.81796875 0.5765625 0.83828125 0.5765625 0.83828125 0.5609375
0 0.75390625 0.55078125 0.72578125 0.55078125 0.72578125 0.57109375 0.75390625 0.57109375 0.75390625 0.55078125
1 0.38515625 0.42265625 0.10546875 0.42265625 0.10546875 0.48671875 0.38515625 0.48671875 0.38515625 0.42265625
1 0.85078125 0.43046875 0.60078125 0.43046875 0.60078125 0.50078125 0.85078125 0.50078125 0.85078125 0.43046875