8 0.5828125 0.22890625 0.3390625 0.22890625 0.3390625 0.25390625 0.5828125 0.25390625 0.5828125 0.22890625
8 0.60078125 0.1953125 0.41953125 0.1953125 0.41953125 0.2078125 0.60078125 0.2078125 0.60078125 0.1953125
8 0.546875 0.29921875 0.5171875 0.29921875 0.5171875 0.36015625 0.546875 0.36015625 0.546875 0.29921875
8 0.434375 0.56171875 0.3546875 0.56171875 0.3546875 0.68828125 0.434375 0.68828125 0.434375 0.56171875
0 0.4796875 0.48671875 0.4515625 0.48671875 0.4515625 0.50703125 0.4796875 0.50703125 0.4796875 0.48671875
0 0.328125 0.51953125 0.3 0.51953125 0.3 0.53203125 0.328125 0.53203125 0.328125 0.51953125
0 0.30078125 0.50703125 0.27265625 0.50703125 0.27265625 0.52421875 0.30078125 0.52421875 0.30078125 0.50703125
0 0.31015625 0.55859375 0.28671875 0.55859375 0.28671875 0.57890625 0.31015625 0.57890625 0.31015625 0.55859375
0 0.25078125 0.271875 0.21640625 0.271875 0.21640625 0.3015625 0.25078125 0.3015625 0.25078125 0.271875
0 0.41328125 0.19296875 0.38203125 0.19296875 0.38203125 0.20703125 0.41328125 0.20703125 0.41328125 0.19296875
0 0.728125 0.25625 0.69375 0.25625 0.69375 0.2765625 0.728125 0.2765625 0.728125 0.25625
0 0.32578125 0.49453125 0.30234375 0.49453125 0.30234375 0.51171875 0.32578125 0.51171875 0.32578125 0.49453125
0 0.81640625 0.54296875 0.79609375 0.54296875 0.79609375 0.55859375 0.81640625 0.55859375 0.81640625 0.54296875
0 0.48046875 0.67109375 0.45703125 0.67109375 0.45703125 0.68671875 0.48046875 0.68671875 0.48046875 0.67109375
0 0.48046875 0.70234375 0.45546875 0.70234375 0.45546875 0.72578125 0.48046875 0.72578125 0.48046875 0.70234375
0 0.4265625 0.640625 0.38125 0.640625 0.38125 0.6765625 0.4265625 0.6765625 0.4265625 0.640625