0 0.36328125 0.59296875 0.31640625 0.59296875 0.31640625 0.62109375 0.36328125 0.62109375 0.36328125 0.59296875
0 0.38984375 0.51328125 0.36484375 0.51328125 0.36484375 0.53671875 0.38984375 0.53671875 0.38984375 0.51328125
0 0.3359375 0.41875 0.3046875 0.41875 0.3046875 0.4484375 0.3359375 0.4484375 0.3359375 0.41875
0 0.4765625 0.44765625 0.4453125 0.44765625 0.4453125 0.46640625 0.4765625 0.46640625 0.4765625 0.44765625
0 0.796875 0.42109375 0.76875 0.42109375 0.76875 0.43828125 0.796875 0.43828125 0.796875 0.42109375
0 0.659375 0.44140625 0.628125 0.44140625 0.628125 0.45546875 0.659375 0.45546875 0.659375 0.44140625
0 0.68984375 0.50703125 0.66171875 0.50703125 0.66171875 0.52265625 0.68984375 0.52265625 0.68984375 0.50703125
8 0.75234375 0.47421875 0.60234375 0.47421875 0.60234375 0.58203125 0.75234375 0.58203125 0.75234375 0.47421875
0 0.6953125 0.60078125 0.6453125 0.60078125 0.6453125 0.62109375 0.6953125 0.62109375 0.6953125 0.60078125
0 0.334375 0.46328125 0.30625 0.46328125 0.30625 0.48359375 0.334375 0.48359375 0.334375 0.46328125
0 0.65546875 0.4140625 0.62421875 0.4140625 0.62421875 0.4359375 0.65546875 0.4359375 0.65546875 0.4140625
0 0.5734375 0.171875 0.546875 0.171875 0.546875 0.190625 0.5734375 0.190625 0.5734375 0.171875
0 0.7390625 0.1796875 0.721875 0.1796875 0.721875 0.1890625 0.7390625 0.1890625 0.7390625 0.1796875
8 0.8921875 0.25546875 0.8828125 0.25546875 0.8828125 0.30703125 0.8921875 0.30703125 0.8921875 0.25546875
0 0.83671875 0.15703125 0.80078125 0.15703125 0.80078125 0.18203125 0.83671875 0.18203125 0.83671875 0.15703125
0 0.8609375 0.2140625 0.8375 0.2140625 0.8375 0.228125 0.8609375 0.228125 0.8609375 0.2140625
0 0.53984375 0.5421875 0.50078125 0.5421875 0.50078125 0.565625 0.53984375 0.565625 0.53984375 0.5421875
0 0.60078125 0.48359375 0.56484375 0.48359375 0.56484375 0.50390625 0.60078125 0.50390625 0.60078125 0.48359375
0 0.58125 0.575 0.525 0.575 0.525 0.6125 0.58125 0.6125 0.58125 0.575
0 0.43046875 0.30546875 0.38671875 0.30546875 0.38671875 0.32421875 0.43046875 0.32421875 0.43046875 0.30546875