0 0.40234375 0.16328125 0.34609375 0.16328125 0.34609375 0.19609375 0.40234375 0.19609375 0.40234375 0.16328125
0 0.45390625 0.19609375 0.43515625 0.19609375 0.43515625 0.21953125 0.45390625 0.21953125 0.45390625 0.19609375
0 0.57265625 0.2453125 0.54765625 0.2453125 0.54765625 0.2609375 0.57265625 0.2609375 0.57265625 0.2453125
0 0.63125 0.2515625 0.6078125 0.2515625 0.6078125 0.2671875 0.63125 0.2671875 0.63125 0.2515625
0 0.496875 0.4125 0.465625 0.4125 0.465625 0.4296875 0.496875 0.4296875 0.496875 0.4125
6 0.4375 0.3984375 0.384375 0.3984375 0.384375 0.4484375 0.4375 0.4484375 0.4375 0.3984375
0 0.6453125 0.5203125 0.6265625 0.5203125 0.6265625 0.540625 0.6453125 0.540625 0.6453125 0.5203125
0 0.7 0.47109375 0.6734375 0.47109375 0.6734375 0.49140625 0.7 0.49140625 0.7 0.47109375
0 0.6984375 0.50625 0.66875 0.50625 0.66875 0.5296875 0.6984375 0.5296875 0.6984375 0.50625
0 0.69921875 0.52734375 0.68203125 0.52734375 0.68203125 0.54609375 0.69921875 0.54609375 0.69921875 0.52734375
0 0.63515625 0.59296875 0.61015625 0.59296875 0.61015625 0.60859375 0.63515625 0.60859375 0.63515625 0.59296875
0 0.59296875 0.61640625 0.56484375 0.61640625 0.56484375 0.62890625 0.59296875 0.62890625 0.59296875 0.61640625
0 0.5328125 0.4640625 0.503125 0.4640625 0.503125 0.48125 0.5328125 0.48125 0.5328125 0.4640625
0 0.48671875 0.4375 0.46484375 0.4375 0.46484375 0.4546875 0.48671875 0.4546875 0.48671875 0.4375
0 0.56328125 0.49453125 0.53984375 0.49453125 0.53984375 0.50859375 0.56328125 0.50859375 0.56328125 0.49453125
0 0.46796875 0.60078125 0.44453125 0.60078125 0.44453125 0.61640625 0.46796875 0.61640625 0.46796875 0.60078125
0 0.396875 0.50390625 0.365625 0.50390625 0.365625 0.51953125 0.396875 0.51953125 0.396875 0.50390625
0 0.734375 0.40703125 0.7125 0.40703125 0.7125 0.42421875 0.734375 0.42421875 0.734375 0.40703125
0 0.50859375 0.62109375 0.47578125 0.62109375 0.47578125 0.63671875 0.50859375 0.63671875 0.50859375 0.62109375
0 0.48984375 0.240625 0.46484375 0.240625 0.46484375 0.2546875 0.48984375 0.2546875 0.48984375 0.240625
0 0.51796875 0.496875 0.49140625 0.496875 0.49140625 0.5125 0.51796875 0.5125 0.51796875 0.496875
0 0.64140625 0.5484375 0.61171875 0.5484375 0.61171875 0.571875 0.64140625 0.571875 0.64140625 0.5484375