0 0.62265625 0.1671875 0.59765625 0.1671875 0.59765625 0.1875 0.62265625 0.1875 0.62265625 0.1671875
0 0.5828125 0.16484375 0.5703125 0.16484375 0.5703125 0.17421875 0.5828125 0.17421875 0.5828125 0.16484375
0 0.6546875 0.15 0.6265625 0.15 0.6265625 0.1625 0.6546875 0.1625 0.6546875 0.15
0 0.69609375 0.221875 0.67265625 0.221875 0.67265625 0.2359375 0.69609375 0.2359375 0.69609375 0.221875
0 0.67734375 0.1921875 0.66484375 0.1921875 0.66484375 0.209375 0.67734375 0.209375 0.67734375 0.1921875
0 0.64296875 0.19765625 0.62265625 0.19765625 0.62265625 0.21328125 0.64296875 0.21328125 0.64296875 0.19765625
0 0.66015625 0.2421875 0.63203125 0.2421875 0.63203125 0.2703125 0.66015625 0.2703125 0.66015625 0.2421875
0 0.74296875 0.23359375 0.73359375 0.23359375 0.73359375 0.25234375 0.74296875 0.25234375 0.74296875 0.23359375
0 0.725 0.21015625 0.7125 0.21015625 0.7125 0.22421875 0.725 0.22421875 0.725 0.21015625
0 0.715625 0.228125 0.6921875 0.228125 0.6921875 0.246875 0.715625 0.246875 0.715625 0.228125
0 0.5875 0.2015625 0.5671875 0.2015625 0.5671875 0.2171875 0.5875 0.2171875 0.5875 0.2015625
0 0.5671875 0.228125 0.5234375 0.228125 0.5234375 0.2484375 0.5671875 0.2484375 0.5671875 0.228125
0 0.50703125 0.2390625 0.47734375 0.2390625 0.47734375 0.253125 0.50703125 0.253125 0.50703125 0.2390625
0 0.44375 0.27890625 0.4171875 0.27890625 0.4171875 0.29609375 0.44375 0.29609375 0.44375 0.27890625
0 0.40859375 0.3296875 0.38828125 0.3296875 0.38828125 0.3453125 0.40859375 0.3453125 0.40859375 0.3296875
0 0.36875 0.35859375 0.353125 0.35859375 0.353125 0.38046875 0.36875 0.38046875 0.36875 0.35859375
0 0.3265625 0.3859375 0.3125 0.3859375 0.3125 0.4 0.3265625 0.4 0.3265625 0.3859375
0 0.40859375 0.41328125 0.38828125 0.41328125 0.38828125 0.42578125 0.40859375 0.42578125 0.40859375 0.41328125
0 0.34375 0.41796875 0.33125 0.41796875 0.33125 0.43359375 0.34375 0.43359375 0.34375 0.41796875
0 0.59140625 0.44375 0.55078125 0.44375 0.55078125 0.4796875 0.59140625 0.4796875 0.59140625 0.44375
0 0.50703125 0.4671875 0.47890625 0.4671875 0.47890625 0.484375 0.50703125 0.484375 0.50703125 0.4671875
0 0.5390625 0.4765625 0.5171875 0.4765625 0.5171875 0.4890625 0.5390625 0.4890625 0.5390625 0.4765625
0 0.540625 0.49375 0.5203125 0.49375 0.5203125 0.509375 0.540625 0.509375 0.540625 0.49375
0 0.50234375 0.5046875 0.47890625 0.5046875 0.47890625 0.525 0.50234375 0.525 0.50234375 0.5046875
0 0.5296875 0.5546875 0.50625 0.5546875 0.50625 0.575 0.5296875 0.575 0.5296875 0.5546875
0 0.48828125 0.56640625 0.46640625 0.56640625 0.46640625 0.58203125 0.48828125 0.58203125 0.48828125 0.56640625
0 0.44765625 0.55 0.42578125 0.55 0.42578125 0.5671875 0.44765625 0.5671875 0.44765625 0.55
0 0.478125 0.5359375 0.45 0.5359375 0.45 0.55 0.478125 0.55 0.478125 0.5359375
0 0.4296875 0.5890625 0.409375 0.5890625 0.409375 0.6015625 0.4296875 0.6015625 0.4296875 0.5890625
0 0.63046875 0.6296875 0.60546875 0.6296875 0.60546875 0.646875 0.63046875 0.646875 0.63046875 0.6296875
0 0.54921875 0.63359375 0.51953125 0.63359375 0.51953125 0.64921875 0.54921875 0.64921875 0.54921875 0.63359375
0 0.3765625 0.4640625 0.35 0.4640625 0.35 0.484375 0.3765625 0.484375 0.3765625 0.4640625
0 0.61015625 0.45625 0.59296875 0.45625 0.59296875 0.471875 0.61015625 0.471875 0.61015625 0.45625
0 0.6234375 0.43125 0.603125 0.43125 0.603125 0.4484375 0.6234375 0.4484375 0.6234375 0.43125
0 0.39296875 0.36953125 0.37890625 0.36953125 0.37890625 0.38671875 0.39296875 0.38671875 0.39296875 0.36953125
0 0.56640625 0.47265625 0.53671875 0.47265625 0.53671875 0.51640625 0.56640625 0.51640625 0.56640625 0.47265625
0 0.4828125 0.59609375 0.459375 0.59609375 0.459375 0.61171875 0.4828125 0.61171875 0.4828125 0.59609375
0 0.50234375 0.63359375 0.48671875 0.63359375 0.48671875 0.64609375 0.50234375 0.64609375 0.50234375 0.63359375
0 0.603125 0.61640625 0.5890625 0.61640625 0.5890625 0.62890625 0.603125 0.62890625 0.603125 0.61640625
0 0.571875 0.63359375 0.553125 0.63359375 0.553125 0.65390625 0.571875 0.65390625 0.571875 0.63359375
0 0.53359375 0.584375 0.51953125 0.584375 0.51953125 0.6 0.53359375 0.6 0.53359375 0.584375