0 0.20546875 0.528125 0.17265625 0.528125 0.17265625 0.5390625 0.20546875 0.5390625 0.20546875 0.528125
0 0.63515625 0.33828125 0.60234375 0.33828125 0.60234375 0.34921875 0.63515625 0.34921875 0.63515625 0.33828125
0 0.678125 0.3109375 0.65625 0.3109375 0.65625 0.325 0.678125 0.325 0.678125 0.3109375
0 0.7046875 0.32734375 0.6890625 0.32734375 0.6890625 0.33671875 0.7046875 0.33671875 0.7046875 0.32734375
0 0.70859375 0.3390625 0.68828125 0.3390625 0.68828125 0.35 0.70859375 0.35 0.70859375 0.3390625
0 0.315625 0.31953125 0.290625 0.31953125 0.290625 0.33046875 0.315625 0.33046875 0.315625 0.31953125
8 0.5203125 0.28671875 0.3828125 0.28671875 0.3828125 0.29765625 0.5203125 0.29765625 0.5203125 0.28671875
8 0.5125 0.30234375 0.34375 0.30234375 0.34375 0.31328125 0.5125 0.31328125 0.5125 0.30234375
8 0.521875 0.278125 0.390625 0.278125 0.390625 0.284375 0.521875 0.284375 0.521875 0.278125
0 0.30859375 0.296875 0.28828125 0.296875 0.28828125 0.3125 0.30859375 0.3125 0.30859375 0.296875
0 0.1609375 0.35859375 0.13125 0.35859375 0.13125 0.37109375 0.1609375 0.37109375 0.1609375 0.35859375
0 0.1484375 0.44609375 0.1203125 0.44609375 0.1203125 0.45703125 0.1484375 0.45703125 0.1484375 0.44609375
0 0.4640625 0.6625 0.4328125 0.6625 0.4328125 0.66875 0.4640625 0.66875 0.4640625 0.6625
0 0.7734375 0.5171875 0.7453125 0.5171875 0.7453125 0.5328125 0.7734375 0.5328125 0.7734375 0.5171875
0 0.47265625 0.334375 0.44765625 0.334375 0.44765625 0.3484375 0.47265625 0.3484375 0.47265625 0.334375