0 0.509375 0.284375 0.49375 0.284375 0.49375 0.2921875 0.509375 0.2921875 0.509375 0.284375
0 0.528125 0.2890625 0.5078125 0.2890625 0.5078125 0.296875 0.528125 0.296875 0.528125 0.2890625
0 0.46328125 0.30234375 0.44140625 0.30234375 0.44140625 0.31328125 0.46328125 0.31328125 0.46328125 0.30234375
0 0.4796875 0.35 0.4640625 0.35 0.4640625 0.3625 0.4796875 0.3625 0.4796875 0.35
0 0.48359375 0.396875 0.45859375 0.396875 0.45859375 0.409375 0.48359375 0.409375 0.48359375 0.396875
0 0.4375 0.3453125 0.4171875 0.3453125 0.4171875 0.3546875 0.4375 0.3546875 0.4375 0.3453125
0 0.42578125 0.35703125 0.41171875 0.35703125 0.41171875 0.36484375 0.42578125 0.36484375 0.42578125 0.35703125
0 0.4171875 0.3890625 0.4015625 0.3890625 0.4015625 0.3984375 0.4171875 0.3984375 0.4171875 0.3890625
0 0.4515625 0.41328125 0.434375 0.41328125 0.434375 0.42109375 0.4515625 0.42109375 0.4515625 0.41328125
0 0.48984375 0.43828125 0.47109375 0.43828125 0.47109375 0.44921875 0.48984375 0.44921875 0.48984375 0.43828125
0 0.55390625 0.4109375 0.53359375 0.4109375 0.53359375 0.41875 0.55390625 0.41875 0.55390625 0.4109375
0 0.509375 0.42109375 0.484375 0.42109375 0.484375 0.43203125 0.509375 0.43203125 0.509375 0.42109375
0 0.4625 0.42421875 0.4359375 0.42421875 0.4359375 0.43515625 0.4625 0.43515625 0.4625 0.42421875
0 0.65234375 0.41640625 0.62578125 0.41640625 0.62578125 0.42890625 0.65234375 0.42890625 0.65234375 0.41640625
0 0.74140625 0.25546875 0.71796875 0.25546875 0.71796875 0.26328125 0.74140625 0.26328125 0.74140625 0.25546875
0 0.78671875 0.2765625 0.77265625 0.2765625 0.77265625 0.2875 0.78671875 0.2875 0.78671875 0.2765625
0 0.85703125 0.28984375 0.83359375 0.28984375 0.83359375 0.29921875 0.85703125 0.29921875 0.85703125 0.28984375
0 0.84765625 0.27578125 0.83359375 0.27578125 0.83359375 0.28359375 0.84765625 0.28359375 0.84765625 0.27578125
0 0.8203125 0.3015625 0.803125 0.3015625 0.803125 0.3125 0.8203125 0.3125 0.8203125 0.3015625
0 0.634375 0.24296875 0.6078125 0.24296875 0.6078125 0.25390625 0.634375 0.25390625 0.634375 0.24296875
0 0.55078125 0.26640625 0.52734375 0.26640625 0.52734375 0.27734375 0.55078125 0.27734375 0.55078125 0.26640625
0 0.57890625 0.440625 0.55546875 0.440625 0.55546875 0.4484375 0.57890625 0.4484375 0.57890625 0.440625
0 0.621875 0.42421875 0.6046875 0.42421875 0.6046875 0.43515625 0.621875 0.43515625 0.621875 0.42421875
0 0.6375 0.4421875 0.6203125 0.4421875 0.6203125 0.453125 0.6375 0.453125 0.6375 0.4421875