0 0.40625 0.1953125 0.315625 0.1953125 0.315625 0.20625 0.40625 0.20625 0.40625 0.1953125
0 0.16171875 0.2015625 0.13046875 0.2015625 0.13046875 0.215625 0.16171875 0.215625 0.16171875 0.2015625
0 0.1796875 0.18125 0.1546875 0.18125 0.1546875 0.1953125 0.1796875 0.1953125 0.1796875 0.18125
0 0.1984375 0.14453125 0.16875 0.14453125 0.16875 0.16171875 0.1984375 0.16171875 0.1984375 0.14453125
0 0.16796875 0.13671875 0.14921875 0.13671875 0.14921875 0.14765625 0.16796875 0.14765625 0.16796875 0.13671875
0 0.15078125 0.16015625 0.12109375 0.16015625 0.12109375 0.17578125 0.15078125 0.17578125 0.15078125 0.16015625
0 0.30234375 0.13984375 0.27578125 0.13984375 0.27578125 0.15234375 0.30234375 0.15234375 0.30234375 0.13984375
0 0.36796875 0.1328125 0.32734375 0.1328125 0.32734375 0.1453125 0.36796875 0.1453125 0.36796875 0.1328125
0 0.5828125 0.50703125 0.5265625 0.50703125 0.5265625 0.52265625 0.5828125 0.52265625 0.5828125 0.50703125
0 0.5265625 0.52578125 0.4640625 0.52578125 0.4640625 0.54453125 0.5265625 0.54453125 0.5265625 0.52578125
0 0.67265625 0.52421875 0.64453125 0.52421875 0.64453125 0.54609375 0.67265625 0.54609375 0.67265625 0.52421875
0 0.596875 0.53359375 0.5578125 0.53359375 0.5578125 0.54921875 0.596875 0.54921875 0.596875 0.53359375
0 0.771875 0.49140625 0.7375 0.49140625 0.7375 0.50859375 0.771875 0.50859375 0.771875 0.49140625
0 0.77421875 0.46796875 0.74609375 0.46796875 0.74609375 0.48046875 0.77421875 0.48046875 0.77421875 0.46796875
0 0.721875 0.54140625 0.703125 0.54140625 0.703125 0.55390625 0.721875 0.55390625 0.721875 0.54140625
0 0.690625 0.5609375 0.6734375 0.5609375 0.6734375 0.5765625 0.690625 0.5765625 0.690625 0.5609375
0 0.8203125 0.50234375 0.796875 0.50234375 0.796875 0.51484375 0.8203125 0.51484375 0.8203125 0.50234375
0 0.29375 0.625 0.2671875 0.625 0.2671875 0.6375 0.29375 0.6375 0.29375 0.625