0 0.44453125 0.32734375 0.42890625 0.32734375 0.42890625 0.33828125 0.44453125 0.33828125 0.44453125 0.32734375
0 0.49296875 0.25625 0.48359375 0.25625 0.48359375 0.2640625 0.49296875 0.2640625 0.49296875 0.25625
0 0.46171875 0.259375 0.43203125 0.259375 0.43203125 0.275 0.46171875 0.275 0.46171875 0.259375
0 0.45546875 0.29921875 0.43359375 0.29921875 0.43359375 0.31484375 0.45546875 0.31484375 0.45546875 0.29921875
0 0.36953125 0.46875 0.35234375 0.46875 0.35234375 0.48125 0.36953125 0.48125 0.36953125 0.46875
0 0.31953125 0.49296875 0.30546875 0.49296875 0.30546875 0.50546875 0.31953125 0.50546875 0.31953125 0.49296875
0 0.24296875 0.6296875 0.23046875 0.6296875 0.23046875 0.640625 0.24296875 0.640625 0.24296875 0.6296875
0 0.18125 0.40859375 0.165625 0.40859375 0.165625 0.43828125 0.18125 0.43828125 0.18125 0.40859375
0 0.2453125 0.38203125 0.2328125 0.38203125 0.2328125 0.39296875 0.2453125 0.39296875 0.2453125 0.38203125
0 0.215625 0.3953125 0.1890625 0.3953125 0.1890625 0.40625 0.215625 0.40625 0.215625 0.3953125
0 0.20546875 0.4078125 0.18828125 0.4078125 0.18828125 0.4234375 0.20546875 0.4234375 0.20546875 0.4078125
0 0.16640625 0.43203125 0.15703125 0.43203125 0.15703125 0.45234375 0.16640625 0.45234375 0.16640625 0.43203125
0 0.22578125 0.52890625 0.20703125 0.52890625 0.20703125 0.54453125 0.22578125 0.54453125 0.22578125 0.52890625
0 0.2796875 0.6609375 0.2640625 0.6609375 0.2640625 0.675 0.2796875 0.675 0.2796875 0.6609375
0 0.2609375 0.6515625 0.24375 0.6515625 0.24375 0.6734375 0.2609375 0.6734375 0.2609375 0.6515625
0 0.240625 0.60234375 0.2265625 0.60234375 0.2265625 0.61953125 0.240625 0.61953125 0.240625 0.60234375
0 0.67890625 0.57890625 0.65703125 0.57890625 0.65703125 0.60234375 0.67890625 0.60234375 0.67890625 0.57890625
0 0.69765625 0.4921875 0.68671875 0.4921875 0.68671875 0.5078125 0.69765625 0.5078125 0.69765625 0.4921875
0 0.72109375 0.5265625 0.70546875 0.5265625 0.70546875 0.546875 0.72109375 0.546875 0.72109375 0.5265625
0 0.32109375 0.21953125 0.29765625 0.21953125 0.29765625 0.24140625 0.32109375 0.24140625 0.32109375 0.21953125
0 0.35078125 0.28828125 0.32109375 0.28828125 0.32109375 0.30390625 0.35078125 0.30390625 0.35078125 0.28828125
0 0.4890625 0.76640625 0.46875 0.76640625 0.46875 0.78046875 0.4890625 0.78046875 0.4890625 0.76640625
0 0.43359375 0.73125 0.40859375 0.73125 0.40859375 0.7453125 0.43359375 0.7453125 0.43359375 0.73125
0 0.3984375 0.74453125 0.378125 0.74453125 0.378125 0.75859375 0.3984375 0.75859375 0.3984375 0.74453125
0 0.53984375 0.75625 0.52265625 0.75625 0.52265625 0.765625 0.53984375 0.765625 0.53984375 0.75625
0 0.5125 0.746875 0.478125 0.746875 0.478125 0.759375 0.5125 0.759375 0.5125 0.746875
0 0.32109375 0.6171875 0.30859375 0.6171875 0.30859375 0.6296875 0.32109375 0.6296875 0.32109375 0.6171875
0 0.3984375 0.3015625 0.3671875 0.3015625 0.3671875 0.321875 0.3984375 0.321875 0.3984375 0.3015625
0 0.36328125 0.3140625 0.34296875 0.3140625 0.34296875 0.3375 0.36328125 0.3375 0.36328125 0.3140625
0 0.5921875 0.29296875 0.575 0.29296875 0.575 0.30703125 0.5921875 0.30703125 0.5921875 0.29296875
0 0.39453125 0.2 0.38046875 0.2 0.38046875 0.2109375 0.39453125 0.2109375 0.39453125 0.2
0 0.2609375 0.26953125 0.240625 0.26953125 0.240625 0.28828125 0.2609375 0.28828125 0.2609375 0.26953125
0 0.6765625 0.48125 0.6609375 0.48125 0.6609375 0.4984375 0.6765625 0.4984375 0.6765625 0.48125