0 0.4453125 0.28125 0.4265625 0.28125 0.4265625 0.2953125 0.4453125 0.2953125 0.4453125 0.28125
0 0.3875 0.24765625 0.3671875 0.24765625 0.3671875 0.26171875 0.3875 0.26171875 0.3875 0.24765625
0 0.421875 0.2890625 0.3765625 0.2890625 0.3765625 0.3109375 0.421875 0.3109375 0.421875 0.2890625
0 0.346875 0.29375 0.3296875 0.29375 0.3296875 0.309375 0.346875 0.309375 0.346875 0.29375
0 0.31953125 0.31171875 0.29921875 0.31171875 0.29921875 0.33046875 0.31953125 0.33046875 0.31953125 0.31171875
0 0.63515625 0.2609375 0.61953125 0.2609375 0.61953125 0.2734375 0.63515625 0.2734375 0.63515625 0.2609375
0 0.60625 0.23515625 0.584375 0.23515625 0.584375 0.25703125 0.60625 0.25703125 0.60625 0.23515625
0 0.5109375 0.27421875 0.4765625 0.27421875 0.4765625 0.28984375 0.5109375 0.28984375 0.5109375 0.27421875
0 0.265625 0.3375 0.2359375 0.3375 0.2359375 0.36875 0.265625 0.36875 0.265625 0.3375
0 0.28671875 0.4109375 0.27421875 0.4109375 0.27421875 0.425 0.28671875 0.425 0.28671875 0.4109375
0 0.45546875 0.5203125 0.42578125 0.5203125 0.42578125 0.540625 0.45546875 0.540625 0.45546875 0.5203125
0 0.4078125 0.53984375 0.3703125 0.53984375 0.3703125 0.56015625 0.4078125 0.56015625 0.4078125 0.53984375
0 0.365625 0.56640625 0.3484375 0.56640625 0.3484375 0.57890625 0.365625 0.57890625 0.365625 0.56640625
0 0.31640625 0.55546875 0.30234375 0.55546875 0.30234375 0.57109375 0.31640625 0.57109375 0.31640625 0.55546875
0 0.27890625 0.5296875 0.25859375 0.5296875 0.25859375 0.5453125 0.27890625 0.5453125 0.27890625 0.5296875
0 0.29921875 0.56796875 0.28203125 0.56796875 0.28203125 0.59140625 0.29921875 0.59140625 0.29921875 0.56796875
0 0.2703125 0.58125 0.2515625 0.58125 0.2515625 0.6015625 0.2703125 0.6015625 0.2703125 0.58125
0 0.48828125 0.58203125 0.46640625 0.58203125 0.46640625 0.59453125 0.48828125 0.59453125 0.48828125 0.58203125
0 0.4640625 0.49296875 0.4453125 0.49296875 0.4453125 0.51171875 0.4640625 0.51171875 0.4640625 0.49296875
6 0.46484375 0.428125 0.30078125 0.428125 0.30078125 0.53125 0.46484375 0.53125 0.46484375 0.428125
0 0.378125 0.58359375 0.3640625 0.58359375 0.3640625 0.59921875 0.378125 0.59921875 0.378125 0.58359375
0 0.2359375 0.41171875 0.215625 0.41171875 0.215625 0.42734375 0.2359375 0.42734375 0.2359375 0.41171875
0 0.21953125 0.50390625 0.19140625 0.50390625 0.19140625 0.51953125 0.21953125 0.51953125 0.21953125 0.50390625
0 0.596875 0.66171875 0.575 0.66171875 0.575 0.67734375 0.596875 0.67734375 0.596875 0.66171875
0 0.4125 0.59921875 0.3984375 0.59921875 0.3984375 0.61015625 0.4125 0.61015625 0.4125 0.59921875
0 0.39296875 0.62265625 0.36796875 0.62265625 0.36796875 0.63828125 0.39296875 0.63828125 0.39296875 0.62265625
0 0.34375 0.596875 0.315625 0.596875 0.315625 0.615625 0.34375 0.615625 0.34375 0.596875
0 0.29609375 0.60625 0.27265625 0.60625 0.27265625 0.61875 0.29609375 0.61875 0.29609375 0.60625
0 0.31171875 0.68671875 0.29453125 0.68671875 0.29453125 0.70703125 0.31171875 0.70703125 0.31171875 0.68671875
0 0.43515625 0.62109375 0.38046875 0.62109375 0.38046875 0.66015625 0.43515625 0.66015625 0.43515625 0.62109375
0 0.27578125 0.47734375 0.26171875 0.47734375 0.26171875 0.49140625 0.27578125 0.49140625 0.27578125 0.47734375
0 0.41796875 0.3828125 0.40234375 0.3828125 0.40234375 0.396875 0.41796875 0.396875 0.41796875 0.3828125
0 0.42421875 0.4515625 0.40390625 0.4515625 0.40390625 0.4671875 0.42421875 0.4671875 0.42421875 0.4515625
0 0.56953125 0.1796875 0.55234375 0.1796875 0.55234375 0.1921875 0.56953125 0.1921875 0.56953125 0.1796875