0 0.38828125 0.5046875 0.31953125 0.5046875 0.31953125 0.5359375 0.38828125 0.5359375 0.38828125 0.5046875
0 0.3015625 0.49453125 0.271875 0.49453125 0.271875 0.51484375 0.3015625 0.51484375 0.3015625 0.49453125
0 0.39140625 0.39921875 0.36953125 0.39921875 0.36953125 0.42109375 0.39140625 0.42109375 0.39140625 0.39921875
0 0.67734375 0.5421875 0.65703125 0.5421875 0.65703125 0.5609375 0.67734375 0.5609375 0.67734375 0.5421875
0 0.69296875 0.525 0.67265625 0.525 0.67265625 0.54375 0.69296875 0.54375 0.69296875 0.525
0 0.76015625 0.47578125 0.74140625 0.47578125 0.74140625 0.49140625 0.76015625 0.49140625 0.76015625 0.47578125
0 0.78515625 0.528125 0.76484375 0.528125 0.76484375 0.5453125 0.78515625 0.5453125 0.78515625 0.528125
0 0.4296875 0.528125 0.4109375 0.528125 0.4109375 0.5484375 0.4296875 0.5484375 0.4296875 0.528125
0 0.47421875 0.49375 0.41171875 0.49375 0.41171875 0.51875 0.47421875 0.51875 0.47421875 0.49375
0 0.2453125 0.39765625 0.2265625 0.39765625 0.2265625 0.41171875 0.2453125 0.41171875 0.2453125 0.39765625
0 0.30234375 0.39140625 0.28203125 0.39140625 0.28203125 0.41171875 0.30234375 0.41171875 0.30234375 0.39140625
0 0.55703125 0.70546875 0.51015625 0.70546875 0.51015625 0.73671875 0.55703125 0.73671875 0.55703125 0.70546875
0 0.71484375 0.17421875 0.69140625 0.17421875 0.69140625 0.20234375 0.71484375 0.20234375 0.71484375 0.17421875
0 0.68828125 0.1765625 0.49296875 0.1765625 0.49296875 0.2125 0.68828125 0.2125 0.68828125 0.1765625
0 0.7140625 0.21484375 0.5828125 0.21484375 0.5828125 0.28046875 0.7140625 0.28046875 0.7140625 0.21484375
0 0.8234375 0.22890625 0.7984375 0.22890625 0.7984375 0.25234375 0.8234375 0.25234375 0.8234375 0.22890625
0 0.603125 0.709375 0.58125 0.709375 0.58125 0.725 0.603125 0.725 0.603125 0.709375