0 0.38515625 0.41953125 0.36953125 0.41953125 0.36953125 0.43203125 0.38515625 0.43203125 0.38515625 0.41953125
0 0.40546875 0.40859375 0.39296875 0.40859375 0.39296875 0.41484375 0.40546875 0.41484375 0.40546875 0.40859375
0 0.35 0.40859375 0.3203125 0.40859375 0.3203125 0.42734375 0.35 0.42734375 0.35 0.40859375
0 0.4625 0.48984375 0.446875 0.48984375 0.446875 0.50234375 0.4625 0.50234375 0.4625 0.48984375
0 0.39921875 0.48828125 0.38515625 0.48828125 0.38515625 0.49765625 0.39921875 0.49765625 0.39921875 0.48828125
0 0.3703125 0.50625 0.3359375 0.50625 0.3359375 0.5328125 0.3703125 0.5328125 0.3703125 0.50625
0 0.41484375 0.58203125 0.38671875 0.58203125 0.38671875 0.60390625 0.41484375 0.60390625 0.41484375 0.58203125
0 0.4796875 0.571875 0.446875 0.571875 0.446875 0.6 0.4796875 0.6 0.4796875 0.571875
0 0.45625 0.51640625 0.4375 0.51640625 0.4375 0.53671875 0.45625 0.53671875 0.45625 0.51640625
0 0.41484375 0.5515625 0.32734375 0.5515625 0.32734375 0.5890625 0.41484375 0.5890625 0.41484375 0.5515625
0 0.44375 0.65 0.4140625 0.65 0.4140625 0.665625 0.44375 0.665625 0.44375 0.65
0 0.41953125 0.634375 0.39296875 0.634375 0.39296875 0.6515625 0.41953125 0.6515625 0.41953125 0.634375
0 0.546875 0.5578125 0.528125 0.5578125 0.528125 0.578125 0.546875 0.578125 0.546875 0.5578125
0 0.490625 0.5359375 0.459375 0.5359375 0.459375 0.5515625 0.490625 0.5515625 0.490625 0.5359375
0 0.390625 0.53203125 0.3703125 0.53203125 0.3703125 0.53984375 0.390625 0.53984375 0.390625 0.53203125
0 0.53984375 0.621875 0.52421875 0.621875 0.52421875 0.6359375 0.53984375 0.6359375 0.53984375 0.621875
0 0.63671875 0.59609375 0.61953125 0.59609375 0.61953125 0.60859375 0.63671875 0.60859375 0.63671875 0.59609375
0 0.6046875 0.52734375 0.5890625 0.52734375 0.5890625 0.54296875 0.6046875 0.54296875 0.6046875 0.52734375
0 0.50078125 0.609375 0.46328125 0.609375 0.46328125 0.6390625 0.50078125 0.6390625 0.50078125 0.609375
0 0.5109375 0.7234375 0.4765625 0.7234375 0.4765625 0.746875 0.5109375 0.746875 0.5109375 0.7234375
0 0.4921875 0.66328125 0.4703125 0.66328125 0.4703125 0.68359375 0.4921875 0.68359375 0.4921875 0.66328125
0 0.45703125 0.6703125 0.43359375 0.6703125 0.43359375 0.690625 0.45703125 0.690625 0.45703125 0.6703125
0 0.4484375 0.6953125 0.428125 0.6953125 0.428125 0.71875 0.4484375 0.71875 0.4484375 0.6953125
0 0.42890625 0.7859375 0.41953125 0.7859375 0.41953125 0.796875 0.42890625 0.796875 0.42890625 0.7859375
0 0.41953125 0.71953125 0.39140625 0.71953125 0.39140625 0.73828125 0.41953125 0.73828125 0.41953125 0.71953125
0 0.39609375 0.68125 0.36484375 0.68125 0.36484375 0.6984375 0.39609375 0.6984375 0.39609375 0.68125
0 0.53515625 0.653125 0.51796875 0.653125 0.51796875 0.66875 0.53515625 0.66875 0.53515625 0.653125
0 0.58515625 0.65625 0.55390625 0.65625 0.55390625 0.68125 0.58515625 0.68125 0.58515625 0.65625
0 0.4765625 0.69921875 0.459375 0.69921875 0.459375 0.71953125 0.4765625 0.71953125 0.4765625 0.69921875
0 0.55 0.6703125 0.5 0.6703125 0.5 0.7015625 0.55 0.7015625 0.55 0.6703125
0 0.45 0.728125 0.4234375 0.728125 0.4234375 0.746875 0.45 0.746875 0.45 0.728125
0 0.41796875 0.75078125 0.38515625 0.75078125 0.38515625 0.76640625 0.41796875 0.76640625 0.41796875 0.75078125
0 0.3421875 0.82890625 0.325 0.82890625 0.325 0.84453125 0.3421875 0.84453125 0.3421875 0.82890625
0 0.13515625 0.4953125 0.11796875 0.4953125 0.11796875 0.521875 0.13515625 0.521875 0.13515625 0.4953125
0 0.14140625 0.4453125 0.13359375 0.4453125 0.13359375 0.4625 0.14140625 0.4625 0.14140625 0.4453125
0 0.1765625 0.54296875 0.165625 0.54296875 0.165625 0.55390625 0.1765625 0.55390625 0.1765625 0.54296875
0 0.1703125 0.56328125 0.1640625 0.56328125 0.1640625 0.57265625 0.1703125 0.57265625 0.1703125 0.56328125
0 0.4171875 0.440625 0.3546875 0.440625 0.3546875 0.46875 0.4171875 0.46875 0.4171875 0.440625
0 0.3859375 0.621875 0.3625 0.621875 0.3625 0.6453125 0.3859375 0.6453125 0.3859375 0.621875
0 0.58671875 0.59609375 0.57578125 0.59609375 0.57578125 0.60859375 0.58671875 0.60859375 0.58671875 0.59609375
0 0.62578125 0.6328125 0.61796875 0.6328125 0.61796875 0.64375 0.62578125 0.64375 0.62578125 0.6328125