6 0.60859375 0.53359375 0.56953125 0.53359375 0.56953125 0.57734375 0.60859375 0.57734375 0.60859375 0.53359375
6 0.48203125 0.528125 0.44140625 0.528125 0.44140625 0.5671875 0.48203125 0.5671875 0.48203125 0.528125
6 0.53515625 0.51015625 0.50703125 0.51015625 0.50703125 0.54921875 0.53515625 0.54921875 0.53515625 0.51015625
0 0.46484375 0.58671875 0.45546875 0.58671875 0.45546875 0.59609375 0.46484375 0.59609375 0.46484375 0.58671875
0 0.534375 0.640625 0.521875 0.640625 0.521875 0.6515625 0.534375 0.6515625 0.534375 0.640625
0 0.62890625 0.6078125 0.61640625 0.6078125 0.61640625 0.61875 0.62890625 0.61875 0.62890625 0.6078125
0 0.578125 0.59453125 0.5671875 0.59453125 0.5671875 0.60234375 0.578125 0.60234375 0.578125 0.59453125
0 0.5875 0.60625 0.5765625 0.60625 0.5765625 0.6140625 0.5875 0.6140625 0.5875 0.60625
0 0.61171875 0.64921875 0.58671875 0.64921875 0.58671875 0.67421875 0.61171875 0.67421875 0.61171875 0.64921875
0 0.5625 0.66015625 0.5515625 0.66015625 0.5515625 0.66640625 0.5625 0.66640625 0.5625 0.66015625
0 0.48671875 0.65078125 0.47890625 0.65078125 0.47890625 0.65859375 0.48671875 0.65859375 0.48671875 0.65078125
0 0.475 0.64609375 0.4609375 0.64609375 0.4609375 0.66484375 0.475 0.66484375 0.475 0.64609375
0 0.44453125 0.63203125 0.43515625 0.63203125 0.43515625 0.63984375 0.44453125 0.63984375 0.44453125 0.63203125
0 0.42265625 0.62265625 0.41328125 0.62265625 0.41328125 0.62890625 0.42265625 0.62890625 0.42265625 0.62265625
0 0.4171875 0.60546875 0.4078125 0.60546875 0.4078125 0.61171875 0.4171875 0.61171875 0.4171875 0.60546875
0 0.43515625 0.60625 0.41953125 0.60625 0.41953125 0.6171875 0.43515625 0.6171875 0.43515625 0.60625
0 0.4921875 0.5796875 0.48125 0.5796875 0.48125 0.5890625 0.4921875 0.5890625 0.4921875 0.5796875
0 0.4734375 0.60859375 0.4640625 0.60859375 0.4640625 0.61796875 0.4734375 0.61796875 0.4734375 0.60859375
0 0.47734375 0.59296875 0.46953125 0.59296875 0.46953125 0.60078125 0.47734375 0.60078125 0.47734375 0.59296875