0 0.41796875 0.528125 0.40703125 0.528125 0.40703125 0.5390625 0.41796875 0.5390625 0.41796875 0.528125
0 0.4296875 0.55234375 0.4125 0.55234375 0.4125 0.56484375 0.4296875 0.56484375 0.4296875 0.55234375
0 0.42734375 0.590625 0.41640625 0.590625 0.41640625 0.5984375 0.42734375 0.5984375 0.42734375 0.590625
0 0.46484375 0.63359375 0.45078125 0.63359375 0.45078125 0.64609375 0.46484375 0.64609375 0.46484375 0.63359375
0 0.4640625 0.646875 0.446875 0.646875 0.446875 0.659375 0.4640625 0.659375 0.4640625 0.646875
0 0.534375 0.69609375 0.5203125 0.69609375 0.5203125 0.70546875 0.534375 0.70546875 0.534375 0.69609375
0 0.5125 0.7 0.503125 0.7 0.503125 0.7046875 0.5125 0.7046875 0.5125 0.7
0 0.540625 0.6328125 0.521875 0.6328125 0.521875 0.6453125 0.540625 0.6453125 0.540625 0.6328125
0 0.5703125 0.63515625 0.54375 0.63515625 0.54375 0.65390625 0.5703125 0.65390625 0.5703125 0.63515625
0 0.5421875 0.65703125 0.5296875 0.65703125 0.5296875 0.66484375 0.5421875 0.66484375 0.5421875 0.65703125
6 0.5765625 0.57109375 0.503125 0.57109375 0.503125 0.60234375 0.5765625 0.60234375 0.5765625 0.57109375
6 0.6296875 0.565625 0.6046875 0.565625 0.6046875 0.615625 0.6296875 0.615625 0.6296875 0.565625
0 0.47265625 0.47890625 0.46171875 0.47890625 0.46171875 0.48984375 0.47265625 0.48984375 0.47265625 0.47890625