8 0.30546875 0.47578125 0.26953125 0.47578125 0.26953125 0.48828125 0.30546875 0.48828125 0.30546875 0.47578125
0 0.24609375 0.45234375 0.23671875 0.45234375 0.23671875 0.46953125 0.24609375 0.46953125 0.24609375 0.45234375
0 0.25703125 0.42890625 0.24296875 0.42890625 0.24296875 0.43828125 0.25703125 0.43828125 0.25703125 0.42890625
0 0.3171875 0.39921875 0.3015625 0.39921875 0.3015625 0.41015625 0.3171875 0.41015625 0.3171875 0.39921875
0 0.38359375 0.425 0.36484375 0.425 0.36484375 0.4359375 0.38359375 0.4359375 0.38359375 0.425
0 0.50703125 0.4640625 0.49296875 0.4640625 0.49296875 0.4765625 0.50703125 0.4765625 0.50703125 0.4640625
0 0.53671875 0.49609375 0.51640625 0.49609375 0.51640625 0.51015625 0.53671875 0.51015625 0.53671875 0.49609375
0 0.41875 0.3875 0.4046875 0.3875 0.4046875 0.396875 0.41875 0.396875 0.41875 0.3875
0 0.4515625 0.415625 0.4359375 0.415625 0.4359375 0.428125 0.4515625 0.428125 0.4515625 0.415625
0 0.57734375 0.60234375 0.55546875 0.60234375 0.55546875 0.61796875 0.57734375 0.61796875 0.57734375 0.60234375
0 0.55078125 0.64296875 0.53203125 0.64296875 0.53203125 0.65859375 0.55078125 0.65859375 0.55078125 0.64296875
0 0.553125 0.46875 0.540625 0.46875 0.540625 0.4796875 0.553125 0.4796875 0.553125 0.46875
6 0.51953125 0.60546875 0.42734375 0.60546875 0.42734375 0.67109375 0.51953125 0.67109375 0.51953125 0.60546875
0 0.5671875 0.68828125 0.5515625 0.68828125 0.5515625 0.69921875 0.5671875 0.69921875 0.5671875 0.68828125
0 0.5015625 0.7421875 0.4828125 0.7421875 0.4828125 0.7546875 0.5015625 0.7546875 0.5015625 0.7421875
8 0.3328125 0.5421875 0.2859375 0.5421875 0.2859375 0.553125 0.3328125 0.553125 0.3328125 0.5421875