0 0.4578125 0.25 0.428125 0.25 0.428125 0.2734375 0.4578125 0.2734375 0.4578125 0.25
0 0.39765625 0.28984375 0.37265625 0.28984375 0.37265625 0.31015625 0.39765625 0.31015625 0.39765625 0.28984375
0 0.34140625 0.26484375 0.31484375 0.26484375 0.31484375 0.28359375 0.34140625 0.28359375 0.34140625 0.26484375
0 0.284375 0.2671875 0.2515625 0.2671875 0.2515625 0.2859375 0.284375 0.2859375 0.284375 0.2671875
0 0.34296875 0.3625 0.31484375 0.3625 0.31484375 0.3765625 0.34296875 0.3765625 0.34296875 0.3625
0 0.38359375 0.37890625 0.34921875 0.37890625 0.34921875 0.39296875 0.38359375 0.39296875 0.38359375 0.37890625
0 0.41015625 0.3234375 0.38046875 0.3234375 0.38046875 0.3484375 0.41015625 0.3484375 0.41015625 0.3234375
8 0.50390625 0.29609375 0.38984375 0.29609375 0.38984375 0.31171875 0.50390625 0.31171875 0.50390625 0.29609375
8 0.503125 0.209375 0.3734375 0.209375 0.3734375 0.221875 0.503125 0.221875 0.503125 0.209375
0 0.4578125 0.4203125 0.4328125 0.4203125 0.4328125 0.4390625 0.4578125 0.4390625 0.4578125 0.4203125
0 0.4609375 0.3609375 0.4390625 0.3609375 0.4390625 0.375 0.4609375 0.375 0.4609375 0.3609375
0 0.565625 0.3515625 0.5109375 0.3515625 0.5109375 0.4015625 0.565625 0.4015625 0.565625 0.3515625
0 0.42734375 0.55 0.40390625 0.55 0.40390625 0.5734375 0.42734375 0.5734375 0.42734375 0.55
6 0.46875 0.675 0.38125 0.675 0.38125 0.7546875 0.46875 0.7546875 0.46875 0.675
0 0.66015625 0.6375 0.57734375 0.6375 0.57734375 0.721875 0.66015625 0.721875 0.66015625 0.6375
6 0.29140625 0.61171875 0.18046875 0.61171875 0.18046875 0.69765625 0.29140625 0.69765625 0.29140625 0.61171875
6 0.33984375 0.97578125 0.30234375 0.97578125 0.30234375 0.99609375 0.33984375 0.99609375 0.33984375 0.97578125
8 0.49921875 0.18359375 0.42890625 0.18359375 0.42890625 0.20234375 0.49921875 0.20234375 0.49921875 0.18359375