8 0.55 0.2234375 0.3140625 0.2234375 0.3140625 0.2390625 0.55 0.2390625 0.55 0.2234375
8 0.54296875 0.253125 0.34765625 0.253125 0.34765625 0.2734375 0.54296875 0.2734375 0.54296875 0.253125
6 0.4875 0.159375 0.3640625 0.159375 0.3640625 0.2109375 0.4875 0.2109375 0.4875 0.159375
6 0.525 0.51875 0.4046875 0.51875 0.4046875 0.61875 0.525 0.61875 0.525 0.51875
6 0.65234375 0.56953125 0.52421875 0.56953125 0.52421875 0.63203125 0.65234375 0.63203125 0.65234375 0.56953125
6 0.40859375 0.48515625 0.30859375 0.48515625 0.30859375 0.56953125 0.40859375 0.56953125 0.40859375 0.48515625
6 0.3109375 0.52734375 0.225 0.52734375 0.225 0.64921875 0.3109375 0.64921875 0.3109375 0.52734375
0 0.57890625 0.7421875 0.55234375 0.7421875 0.55234375 0.765625 0.57890625 0.765625 0.57890625 0.7421875
0 0.72265625 0.55078125 0.69765625 0.55078125 0.69765625 0.57421875 0.72265625 0.57421875 0.72265625 0.55078125
0 0.7296875 0.334375 0.7015625 0.334375 0.7015625 0.35 0.7296875 0.35 0.7296875 0.334375
0 0.25078125 0.33125 0.22734375 0.33125 0.22734375 0.346875 0.25078125 0.346875 0.25078125 0.33125
0 0.27890625 0.35234375 0.24921875 0.35234375 0.24921875 0.37265625 0.27890625 0.37265625 0.27890625 0.35234375
0 0.625 0.27890625 0.5984375 0.27890625 0.5984375 0.29609375 0.625 0.29609375 0.625 0.27890625
0 0.81875 0.425 0.7828125 0.425 0.7828125 0.45 0.81875 0.45 0.81875 0.425
0 0.290625 0.44453125 0.2703125 0.44453125 0.2703125 0.46484375 0.290625 0.46484375 0.290625 0.44453125