0 0.5625 0.2328125 0.5234375 0.2328125 0.5234375 0.2515625 0.5625 0.2515625 0.5625 0.2328125
0 0.50390625 0.23984375 0.48046875 0.23984375 0.48046875 0.26171875 0.50390625 0.26171875 0.50390625 0.23984375
0 0.4875 0.2734375 0.471875 0.2734375 0.471875 0.2875 0.4875 0.2875 0.4875 0.2734375
0 0.49765625 0.2890625 0.47890625 0.2890625 0.47890625 0.3015625 0.49765625 0.3015625 0.49765625 0.2890625
0 0.4703125 0.29921875 0.45625 0.29921875 0.45625 0.31015625 0.4703125 0.31015625 0.4703125 0.29921875
0 0.39609375 0.26640625 0.38046875 0.26640625 0.38046875 0.27890625 0.39609375 0.27890625 0.39609375 0.26640625
0 0.3796875 0.25390625 0.3671875 0.25390625 0.3671875 0.26796875 0.3796875 0.26796875 0.3796875 0.25390625
0 0.3515625 0.25078125 0.3375 0.25078125 0.3375 0.26640625 0.3515625 0.26640625 0.3515625 0.25078125
0 0.33203125 0.27890625 0.31796875 0.27890625 0.31796875 0.29140625 0.33203125 0.29140625 0.33203125 0.27890625
0 0.3109375 0.24296875 0.2921875 0.24296875 0.2921875 0.25703125 0.3109375 0.25703125 0.3109375 0.24296875
0 0.3640625 0.18984375 0.3375 0.18984375 0.3375 0.20546875 0.3640625 0.20546875 0.3640625 0.18984375
0 0.40703125 0.225 0.39609375 0.225 0.39609375 0.2359375 0.40703125 0.2359375 0.40703125 0.225
0 0.47890625 0.1875 0.46171875 0.1875 0.46171875 0.2015625 0.47890625 0.2015625 0.47890625 0.1875
0 0.634375 0.203125 0.6203125 0.203125 0.6203125 0.2203125 0.634375 0.2203125 0.634375 0.203125
0 0.61953125 0.253125 0.60390625 0.253125 0.60390625 0.26875 0.61953125 0.26875 0.61953125 0.253125
0 0.45859375 0.4078125 0.43359375 0.4078125 0.43359375 0.4234375 0.45859375 0.4234375 0.45859375 0.4078125
0 0.2984375 0.44921875 0.278125 0.44921875 0.278125 0.46796875 0.2984375 0.46796875 0.2984375 0.44921875
0 0.3171875 0.51015625 0.2921875 0.51015625 0.2921875 0.53359375 0.3171875 0.53359375 0.3171875 0.51015625
0 0.2890625 0.50390625 0.2671875 0.50390625 0.2671875 0.51953125 0.2890625 0.51953125 0.2890625 0.50390625
0 0.2703125 0.47421875 0.2390625 0.47421875 0.2390625 0.49296875 0.2703125 0.49296875 0.2703125 0.47421875
0 0.7078125 0.42109375 0.66875 0.42109375 0.66875 0.46953125 0.7078125 0.46953125 0.7078125 0.42109375
0 0.69921875 0.471875 0.67890625 0.471875 0.67890625 0.4921875 0.69921875 0.4921875 0.69921875 0.471875
0 0.66875 0.51640625 0.65 0.51640625 0.65 0.53359375 0.66875 0.53359375 0.66875 0.51640625
0 0.625 0.58828125 0.6015625 0.58828125 0.6015625 0.60078125 0.625 0.60078125 0.625 0.58828125