0 0.503125 0.49375 0.4703125 0.49375 0.4703125 0.5265625 0.503125 0.5265625 0.503125 0.49375
0 0.490625 0.52421875 0.434375 0.52421875 0.434375 0.55390625 0.490625 0.55390625 0.490625 0.52421875
0 0.553125 0.50546875 0.5359375 0.50546875 0.5359375 0.52734375 0.553125 0.52734375 0.553125 0.50546875
0 0.5 0.5609375 0.471875 0.5609375 0.471875 0.584375 0.5 0.584375 0.5 0.5609375
0 0.53984375 0.5546875 0.50078125 0.5546875 0.50078125 0.5765625 0.53984375 0.5765625 0.53984375 0.5546875
0 0.45078125 0.61171875 0.42265625 0.61171875 0.42265625 0.63203125 0.45078125 0.63203125 0.45078125 0.61171875
0 0.38203125 0.72890625 0.36796875 0.72890625 0.36796875 0.73984375 0.38203125 0.73984375 0.38203125 0.72890625
0 0.2765625 0.31953125 0.2140625 0.31953125 0.2140625 0.35390625 0.2765625 0.35390625 0.2765625 0.31953125
0 0.528125 0.3203125 0.4875 0.3203125 0.4875 0.3640625 0.528125 0.3640625 0.528125 0.3203125
0 0.56640625 0.48046875 0.54609375 0.48046875 0.54609375 0.50546875 0.56640625 0.50546875 0.56640625 0.48046875
0 0.45 0.26015625 0.4234375 0.26015625 0.4234375 0.28671875 0.45 0.28671875 0.45 0.26015625
0 0.3609375 0.32265625 0.3265625 0.32265625 0.3265625 0.35078125 0.3609375 0.35078125 0.3609375 0.32265625
0 0.11484375 0.3703125 0.08671875 0.3703125 0.08671875 0.396875 0.11484375 0.396875 0.11484375 0.3703125
0 0.19296875 0.28203125 0.15078125 0.28203125 0.15078125 0.30234375 0.19296875 0.30234375 0.19296875 0.28203125
8 0.2203125 0.38828125 0.1796875 0.38828125 0.1796875 0.45078125 0.2203125 0.45078125 0.2203125 0.38828125
0 0.3828125 0.25859375 0.3625 0.25859375 0.3625 0.28046875 0.3828125 0.28046875 0.3828125 0.25859375