0 0.34453125 0.5234375 0.33046875 0.5234375 0.33046875 0.5359375 0.34453125 0.5359375 0.34453125 0.5234375
0 0.3671875 0.51796875 0.3515625 0.51796875 0.3515625 0.53046875 0.3671875 0.53046875 0.3671875 0.51796875
0 0.39765625 0.540625 0.37265625 0.540625 0.37265625 0.565625 0.39765625 0.565625 0.39765625 0.540625
0 0.3765625 0.56640625 0.3625 0.56640625 0.3625 0.57578125 0.3765625 0.57578125 0.3765625 0.56640625
0 0.440625 0.65703125 0.41875 0.65703125 0.41875 0.67265625 0.440625 0.67265625 0.440625 0.65703125
0 0.47734375 0.6375 0.45859375 0.6375 0.45859375 0.665625 0.47734375 0.665625 0.47734375 0.6375
0 0.66328125 0.525 0.65390625 0.525 0.65390625 0.534375 0.66328125 0.534375 0.66328125 0.525
0 0.66640625 0.51484375 0.63359375 0.51484375 0.63359375 0.55390625 0.66640625 0.55390625 0.66640625 0.51484375
0 0.64765625 0.53984375 0.61640625 0.53984375 0.61640625 0.56796875 0.64765625 0.56796875 0.64765625 0.53984375
0 0.61171875 0.5515625 0.59609375 0.5515625 0.59609375 0.5640625 0.61171875 0.5640625 0.61171875 0.5515625
0 0.55390625 0.4046875 0.54140625 0.4046875 0.54140625 0.4125 0.55390625 0.4125 0.55390625 0.4046875