0 0.74765625 0.44609375 0.72890625 0.44609375 0.72890625 0.45390625 0.74765625 0.45390625 0.74765625 0.44609375
0 0.525 0.4890625 0.50625 0.4890625 0.50625 0.5015625 0.525 0.5015625 0.525 0.4890625
0 0.53828125 0.47890625 0.52578125 0.47890625 0.52578125 0.48671875 0.53828125 0.48671875 0.53828125 0.47890625
0 0.4890625 0.48828125 0.4734375 0.48828125 0.4734375 0.49921875 0.4890625 0.49921875 0.4890625 0.48828125
0 0.4921875 0.5125 0.4765625 0.5125 0.4765625 0.5203125 0.4921875 0.5203125 0.4921875 0.5125
0 0.465625 0.51640625 0.453125 0.51640625 0.453125 0.52421875 0.465625 0.52421875 0.465625 0.51640625
0 0.50390625 0.52421875 0.48359375 0.52421875 0.48359375 0.53671875 0.50390625 0.53671875 0.50390625 0.52421875
0 0.50859375 0.5453125 0.49140625 0.5453125 0.49140625 0.5609375 0.50859375 0.5609375 0.50859375 0.5453125
0 0.50703125 0.5703125 0.48984375 0.5703125 0.48984375 0.5828125 0.50703125 0.5828125 0.50703125 0.5703125
0 0.5296875 0.55625 0.5125 0.55625 0.5125 0.565625 0.5296875 0.565625 0.5296875 0.55625
0 0.57890625 0.515625 0.56640625 0.515625 0.56640625 0.5265625 0.57890625 0.5265625 0.57890625 0.515625
0 0.5859375 0.490625 0.571875 0.490625 0.571875 0.5 0.5859375 0.5 0.5859375 0.490625
0 0.546875 0.44140625 0.534375 0.44140625 0.534375 0.45234375 0.546875 0.45234375 0.546875 0.44140625
0 0.5515625 0.40390625 0.5390625 0.40390625 0.5390625 0.41484375 0.5515625 0.41484375 0.5515625 0.40390625
0 0.6328125 0.43515625 0.6171875 0.43515625 0.6171875 0.44609375 0.6328125 0.44609375 0.6328125 0.43515625
0 0.6421875 0.39609375 0.628125 0.39609375 0.628125 0.40546875 0.6421875 0.40546875 0.6421875 0.39609375
0 0.56953125 0.6171875 0.54765625 0.6171875 0.54765625 0.6328125 0.56953125 0.6328125 0.56953125 0.6171875
0 0.58515625 0.56015625 0.56484375 0.56015625 0.56484375 0.57421875 0.58515625 0.57421875 0.58515625 0.56015625
0 0.565625 0.6484375 0.546875 0.6484375 0.546875 0.6640625 0.565625 0.6640625 0.565625 0.6484375
0 0.5375 0.65078125 0.528125 0.65078125 0.528125 0.66015625 0.5375 0.66015625 0.5375 0.65078125
6 0.69921875 0.61171875 0.61015625 0.61171875 0.61015625 0.71953125 0.69921875 0.71953125 0.69921875 0.61171875