0 0.3359375 0.6203125 0.3265625 0.6203125 0.3265625 0.6296875 0.3359375 0.6296875 0.3359375 0.6203125
0 0.24296875 0.59140625 0.23359375 0.59140625 0.23359375 0.60234375 0.24296875 0.60234375 0.24296875 0.59140625
0 0.2625 0.6328125 0.2515625 0.6328125 0.2515625 0.6453125 0.2625 0.6453125 0.2625 0.6328125
0 0.37421875 0.634375 0.36484375 0.634375 0.36484375 0.646875 0.37421875 0.646875 0.37421875 0.634375
0 0.39453125 0.60078125 0.38203125 0.60078125 0.38203125 0.61171875 0.39453125 0.61171875 0.39453125 0.60078125
0 0.4140625 0.5484375 0.403125 0.5484375 0.403125 0.5609375 0.4140625 0.5609375 0.4140625 0.5484375
0 0.38203125 0.64609375 0.36796875 0.64609375 0.36796875 0.65546875 0.38203125 0.65546875 0.38203125 0.64609375
0 0.3296875 0.66015625 0.315625 0.66015625 0.315625 0.67109375 0.3296875 0.67109375 0.3296875 0.66015625
0 0.3296875 0.7140625 0.3140625 0.7140625 0.3140625 0.7265625 0.3296875 0.7265625 0.3296875 0.7140625
0 0.69453125 0.60546875 0.67890625 0.60546875 0.67890625 0.61796875 0.69453125 0.61796875 0.69453125 0.60546875
0 0.6453125 0.61328125 0.6296875 0.61328125 0.6296875 0.62578125 0.6453125 0.62578125 0.6453125 0.61328125
6 0.70078125 0.5 0.57890625 0.5 0.57890625 0.65 0.70078125 0.65 0.70078125 0.5
0 0.65703125 0.58984375 0.64453125 0.58984375 0.64453125 0.60078125 0.65703125 0.60078125 0.65703125 0.58984375
0 0.625 0.6390625 0.6125 0.6390625 0.6125 0.6515625 0.625 0.6515625 0.625 0.6390625
0 0.6140625 0.58828125 0.5953125 0.58828125 0.5953125 0.60234375 0.6140625 0.60234375 0.6140625 0.58828125
0 0.59921875 0.57578125 0.58828125 0.57578125 0.58828125 0.58515625 0.59921875 0.58515625 0.59921875 0.57578125
0 0.5375 0.54765625 0.51875 0.54765625 0.51875 0.56171875 0.5375 0.56171875 0.5375 0.54765625
0 0.68828125 0.68671875 0.67265625 0.68671875 0.67265625 0.69453125 0.68828125 0.69453125 0.68828125 0.68671875
0 0.7375 0.7015625 0.7234375 0.7015625 0.7234375 0.7140625 0.7375 0.7140625 0.7375 0.7015625
0 0.7671875 0.58515625 0.7578125 0.58515625 0.7578125 0.59296875 0.7671875 0.59296875 0.7671875 0.58515625
0 0.7421875 0.58671875 0.7296875 0.58671875 0.7296875 0.59609375 0.7421875 0.59609375 0.7421875 0.58671875
0 0.65625 0.68984375 0.640625 0.68984375 0.640625 0.70234375 0.65625 0.70234375 0.65625 0.68984375
0 0.58046875 0.6546875 0.56484375 0.6546875 0.56484375 0.6671875 0.58046875 0.6671875 0.58046875 0.6546875
0 0.55546875 0.6640625 0.53984375 0.6640625 0.53984375 0.6734375 0.55546875 0.6734375 0.55546875 0.6640625
0 0.55234375 0.61796875 0.53671875 0.61796875 0.53671875 0.63046875 0.55234375 0.63046875 0.55234375 0.61796875
0 0.52734375 0.57578125 0.51328125 0.57578125 0.51328125 0.58515625 0.52734375 0.58515625 0.52734375 0.57578125
0 0.57734375 0.60390625 0.56015625 0.60390625 0.56015625 0.61953125 0.57734375 0.61953125 0.57734375 0.60390625
6 0.57578125 0.38046875 0.50859375 0.38046875 0.50859375 0.51796875 0.57578125 0.51796875 0.57578125 0.38046875
0 0.671875 0.33671875 0.6453125 0.33671875 0.6453125 0.35546875 0.671875 0.35546875 0.671875 0.33671875
0 0.5625 0.2796875 0.54375 0.2796875 0.54375 0.29375 0.5625 0.29375 0.5625 0.2796875
0 0.5546875 0.3015625 0.54375 0.3015625 0.54375 0.3078125 0.5546875 0.3078125 0.5546875 0.3015625
0 0.59453125 0.3265625 0.57421875 0.3265625 0.57421875 0.3546875 0.59453125 0.3546875 0.59453125 0.3265625
0 0.51953125 0.32578125 0.50078125 0.32578125 0.50078125 0.33828125 0.51953125 0.33828125 0.51953125 0.32578125
0 0.49140625 0.3390625 0.47109375 0.3390625 0.47109375 0.3515625 0.49140625 0.3515625 0.49140625 0.3390625
0 0.55859375 0.35859375 0.54453125 0.35859375 0.54453125 0.37265625 0.55859375 0.37265625 0.55859375 0.35859375
0 0.5359375 0.29765625 0.525 0.29765625 0.525 0.30703125 0.5359375 0.30703125 0.5359375 0.29765625
0 0.5125 0.31171875 0.4875 0.31171875 0.4875 0.31640625 0.5125 0.31640625 0.5125 0.31171875
0 0.55390625 0.23671875 0.54296875 0.23671875 0.54296875 0.24921875 0.55390625 0.24921875 0.55390625 0.23671875
0 0.64375 0.25546875 0.6265625 0.25546875 0.6265625 0.26796875 0.64375 0.26796875 0.64375 0.25546875
0 0.66015625 0.3640625 0.63984375 0.3640625 0.63984375 0.3765625 0.66015625 0.3765625 0.66015625 0.3640625
6 0.50078125 0.40546875 0.40234375 0.40546875 0.40234375 0.48515625 0.50078125 0.48515625 0.50078125 0.40546875
6 0.58203125 0.53671875 0.53984375 0.53671875 0.53984375 0.59921875 0.58203125 0.59921875 0.58203125 0.53671875
0 0.675 0.2890625 0.6625 0.2890625 0.6625 0.3046875 0.675 0.3046875 0.675 0.2890625
0 0.58515625 0.31171875 0.57265625 0.31171875 0.57265625 0.32109375 0.58515625 0.32109375 0.58515625 0.31171875
0 0.61015625 0.2953125 0.59765625 0.2953125 0.59765625 0.309375 0.61015625 0.309375 0.61015625 0.2953125
0 0.64375 0.34765625 0.628125 0.34765625 0.628125 0.36015625 0.64375 0.36015625 0.64375 0.34765625
0 0.559375 0.35 0.5359375 0.35 0.5359375 0.3578125 0.559375 0.3578125 0.559375 0.35
0 0.59921875 0.39921875 0.58671875 0.39921875 0.58671875 0.41328125 0.59921875 0.41328125 0.59921875 0.39921875