0 0.49765625 0.43671875 0.47890625 0.43671875 0.47890625 0.45078125 0.49765625 0.45078125 0.49765625 0.43671875
6 0.4046875 0.52734375 0.3578125 0.52734375 0.3578125 0.57109375 0.4046875 0.57109375 0.4046875 0.52734375
0 0.42890625 0.565625 0.41015625 0.565625 0.41015625 0.5875 0.42890625 0.5875 0.42890625 0.565625
0 0.48671875 0.55 0.46640625 0.55 0.46640625 0.5625 0.48671875 0.5625 0.48671875 0.55
0 0.5125 0.50546875 0.4921875 0.50546875 0.4921875 0.51953125 0.5125 0.51953125 0.5125 0.50546875
0 0.3984375 0.590625 0.3890625 0.590625 0.3890625 0.603125 0.3984375 0.603125 0.3984375 0.590625
0 0.45546875 0.66875 0.44140625 0.66875 0.44140625 0.6796875 0.45546875 0.6796875 0.45546875 0.66875
0 0.55703125 0.52578125 0.53828125 0.52578125 0.53828125 0.53984375 0.55703125 0.53984375 0.55703125 0.52578125
0 0.5203125 0.44921875 0.5078125 0.44921875 0.5078125 0.46015625 0.5203125 0.46015625 0.5203125 0.44921875
0 0.50625 0.46484375 0.4953125 0.46484375 0.4953125 0.47890625 0.50625 0.47890625 0.50625 0.46484375
0 0.565625 0.384375 0.553125 0.384375 0.553125 0.4 0.565625 0.4 0.565625 0.384375
0 0.5140625 0.35859375 0.490625 0.35859375 0.490625 0.37421875 0.5140625 0.37421875 0.5140625 0.35859375
0 0.51328125 0.4 0.49296875 0.4 0.49296875 0.415625 0.51328125 0.415625 0.51328125 0.4
0 0.55 0.3640625 0.5296875 0.3640625 0.5296875 0.3859375 0.55 0.3859375 0.55 0.3640625
0 0.58671875 0.3375 0.56171875 0.3375 0.56171875 0.36875 0.58671875 0.36875 0.58671875 0.3375
0 0.4125 0.30859375 0.375 0.30859375 0.375 0.34609375 0.4125 0.34609375 0.4125 0.30859375
0 0.5546875 0.2984375 0.5328125 0.2984375 0.5328125 0.3140625 0.5546875 0.3140625 0.5546875 0.2984375
0 0.5453125 0.55234375 0.521875 0.55234375 0.521875 0.57421875 0.5453125 0.57421875 0.5453125 0.55234375
0 0.44609375 0.59921875 0.43046875 0.59921875 0.43046875 0.61328125 0.44609375 0.61328125 0.44609375 0.59921875
0 0.425 0.65625 0.4109375 0.65625 0.4109375 0.66875 0.425 0.66875 0.425 0.65625
0 0.54140625 0.6015625 0.52734375 0.6015625 0.52734375 0.6140625 0.54140625 0.6140625 0.54140625 0.6015625
0 0.51953125 0.5953125 0.50234375 0.5953125 0.50234375 0.6046875 0.51953125 0.6046875 0.51953125 0.5953125
0 0.54921875 0.5875 0.53828125 0.5875 0.53828125 0.596875 0.54921875 0.596875 0.54921875 0.5875
0 0.5875 0.57734375 0.5734375 0.57734375 0.5734375 0.58828125 0.5875 0.58828125 0.5875 0.57734375
0 0.75234375 0.5828125 0.72734375 0.5828125 0.72734375 0.603125 0.75234375 0.603125 0.75234375 0.5828125
0 0.63828125 0.48046875 0.62734375 0.48046875 0.62734375 0.50390625 0.63828125 0.50390625 0.63828125 0.48046875
0 0.6390625 0.51953125 0.628125 0.51953125 0.628125 0.53046875 0.6390625 0.53046875 0.6390625 0.51953125
0 0.64296875 0.54375 0.62421875 0.54375 0.62421875 0.559375 0.64296875 0.559375 0.64296875 0.54375
0 0.57265625 0.45234375 0.54921875 0.45234375 0.54921875 0.47265625 0.57265625 0.47265625 0.57265625 0.45234375
0 0.578125 0.5640625 0.5578125 0.5640625 0.5578125 0.5796875 0.578125 0.5796875 0.578125 0.5640625
0 0.5875 0.3875 0.525 0.3875 0.525 0.421875 0.5875 0.421875 0.5875 0.3875
0 0.57734375 0.42109375 0.55546875 0.42109375 0.55546875 0.44140625 0.57734375 0.44140625 0.57734375 0.42109375
0 0.46328125 0.31015625 0.42578125 0.31015625 0.42578125 0.32890625 0.46328125 0.32890625 0.46328125 0.31015625
0 0.52265625 0.33828125 0.48984375 0.33828125 0.48984375 0.35859375 0.52265625 0.35859375 0.52265625 0.33828125
0 0.51015625 0.2015625 0.49296875 0.2015625 0.49296875 0.215625 0.51015625 0.215625 0.51015625 0.2015625