0 0.73671875 0.50390625 0.72421875 0.50390625 0.72421875 0.51640625 0.73671875 0.51640625 0.73671875 0.50390625
0 0.59375 0.51953125 0.5765625 0.51953125 0.5765625 0.54296875 0.59375 0.54296875 0.59375 0.51953125
0 0.5640625 0.525 0.5453125 0.525 0.5453125 0.540625 0.5640625 0.540625 0.5640625 0.525
0 0.621875 0.5453125 0.6015625 0.5453125 0.6015625 0.5703125 0.621875 0.5703125 0.621875 0.5453125
0 0.515625 0.52890625 0.4953125 0.52890625 0.4953125 0.54140625 0.515625 0.54140625 0.515625 0.52890625
0 0.50625 0.57109375 0.4796875 0.57109375 0.4796875 0.58515625 0.50625 0.58515625 0.50625 0.57109375
0 0.5984375 0.571875 0.5640625 0.571875 0.5640625 0.584375 0.5984375 0.584375 0.5984375 0.571875
0 0.57890625 0.54375 0.53984375 0.54375 0.53984375 0.5671875 0.57890625 0.5671875 0.57890625 0.54375
0 0.46015625 0.49375 0.44140625 0.49375 0.44140625 0.50625 0.46015625 0.50625 0.46015625 0.49375
0 0.50078125 0.31796875 0.47734375 0.31796875 0.47734375 0.33203125 0.50078125 0.33203125 0.50078125 0.31796875
0 0.64765625 0.66796875 0.61640625 0.66796875 0.61640625 0.68046875 0.64765625 0.68046875 0.64765625 0.66796875
0 0.6921875 0.6578125 0.66875 0.6578125 0.66875 0.6703125 0.6921875 0.6703125 0.6921875 0.6578125