0 0.5 0.5109375 0.4421875 0.5109375 0.4421875 0.528125 0.5 0.528125 0.5 0.5109375
6 0.34609375 0.58125 0.24921875 0.58125 0.24921875 0.6140625 0.34609375 0.6140625 0.34609375 0.58125
0 0.62109375 0.56796875 0.57890625 0.56796875 0.57890625 0.60078125 0.62109375 0.60078125 0.62109375 0.56796875
0 0.5359375 0.471875 0.515625 0.471875 0.515625 0.4859375 0.5359375 0.4859375 0.5359375 0.471875
0 0.5015625 0.44453125 0.48125 0.44453125 0.48125 0.45390625 0.5015625 0.45390625 0.5015625 0.44453125
0 0.221875 0.55078125 0.19375 0.55078125 0.19375 0.56796875 0.221875 0.56796875 0.221875 0.55078125
0 0.23203125 0.57421875 0.20859375 0.57421875 0.20859375 0.58671875 0.23203125 0.58671875 0.23203125 0.57421875
0 0.22890625 0.5984375 0.20859375 0.5984375 0.20859375 0.6109375 0.22890625 0.6109375 0.22890625 0.5984375
0 0.31953125 0.68828125 0.29140625 0.68828125 0.29140625 0.70234375 0.31953125 0.70234375 0.31953125 0.68828125
0 0.3015625 0.609375 0.271875 0.609375 0.271875 0.621875 0.3015625 0.621875 0.3015625 0.609375
0 0.271875 0.59453125 0.2453125 0.59453125 0.2453125 0.60703125 0.271875 0.60703125 0.271875 0.59453125
0 0.453125 0.70859375 0.428125 0.70859375 0.428125 0.71953125 0.453125 0.71953125 0.453125 0.70859375
0 0.4109375 0.7171875 0.3828125 0.7171875 0.3828125 0.728125 0.4109375 0.728125 0.4109375 0.7171875
0 0.3671875 0.734375 0.325 0.734375 0.325 0.7484375 0.3671875 0.7484375 0.3671875 0.734375
0 0.48359375 0.74296875 0.44921875 0.74296875 0.44921875 0.75390625 0.48359375 0.75390625 0.48359375 0.74296875
0 0.459375 0.72578125 0.43125 0.72578125 0.43125 0.73671875 0.459375 0.73671875 0.459375 0.72578125
0 0.6 0.68359375 0.5671875 0.68359375 0.5671875 0.70234375 0.6 0.70234375 0.6 0.68359375
0 0.69375 0.5921875 0.6703125 0.5921875 0.6703125 0.6046875 0.69375 0.6046875 0.69375 0.5921875
0 0.64140625 0.5875 0.62109375 0.5875 0.62109375 0.596875 0.64140625 0.596875 0.64140625 0.5875
0 0.628125 0.59609375 0.603125 0.59609375 0.603125 0.61484375 0.628125 0.61484375 0.628125 0.59609375
0 0.66875 0.6296875 0.64375 0.6296875 0.64375 0.640625 0.66875 0.640625 0.66875 0.6296875
0 0.6875 0.61015625 0.646875 0.61015625 0.646875 0.62578125 0.6875 0.62578125 0.6875 0.61015625
0 0.646875 0.60546875 0.61875 0.60546875 0.61875 0.61953125 0.646875 0.61953125 0.646875 0.60546875
0 0.73828125 0.56953125 0.71484375 0.56953125 0.71484375 0.58203125 0.73828125 0.58203125 0.73828125 0.56953125
0 0.63671875 0.66015625 0.60859375 0.66015625 0.60859375 0.67734375 0.63671875 0.67734375 0.63671875 0.66015625
0 0.43828125 0.5953125 0.41796875 0.5953125 0.41796875 0.6046875 0.43828125 0.6046875 0.43828125 0.5953125