6 0.63984375 0.53359375 0.48359375 0.53359375 0.48359375 0.57578125 0.63984375 0.57578125 0.63984375 0.53359375
0 0.4703125 0.51484375 0.4265625 0.51484375 0.4265625 0.53984375 0.4703125 0.53984375 0.4703125 0.51484375
0 0.63046875 0.60546875 0.57890625 0.60546875 0.57890625 0.62265625 0.63046875 0.62265625 0.63046875 0.60546875
0 0.68359375 0.5609375 0.65234375 0.5609375 0.65234375 0.578125 0.68359375 0.578125 0.68359375 0.5609375
0 0.68828125 0.51640625 0.65859375 0.51640625 0.65859375 0.53828125 0.68828125 0.53828125 0.68828125 0.51640625
0 0.57109375 0.575 0.53671875 0.575 0.53671875 0.590625 0.57109375 0.590625 0.57109375 0.575
0 0.39609375 0.53203125 0.37265625 0.53203125 0.37265625 0.54765625 0.39609375 0.54765625 0.39609375 0.53203125
0 0.36875 0.5421875 0.346875 0.5421875 0.346875 0.5546875 0.36875 0.5546875 0.36875 0.5421875
0 0.36484375 0.52109375 0.34296875 0.52109375 0.34296875 0.53359375 0.36484375 0.53359375 0.36484375 0.52109375
6 0.2015625 0.5671875 0.15625 0.5671875 0.15625 0.603125 0.2015625 0.603125 0.2015625 0.5671875
0 0.4875 0.65234375 0.45 0.65234375 0.45 0.66640625 0.4875 0.66640625 0.4875 0.65234375
0 0.38515625 0.7109375 0.35859375 0.7109375 0.35859375 0.721875 0.38515625 0.721875 0.38515625 0.7109375
0 0.55625 0.640625 0.5140625 0.640625 0.5140625 0.65625 0.55625 0.65625 0.55625 0.640625
0 0.29375 0.4671875 0.2546875 0.4671875 0.2546875 0.4875 0.29375 0.4875 0.29375 0.4671875
0 0.42890625 0.3921875 0.38828125 0.3921875 0.38828125 0.40625 0.42890625 0.40625 0.42890625 0.3921875
0 0.65 0.496875 0.6125 0.496875 0.6125 0.5125 0.65 0.5125 0.65 0.496875
0 0.45 0.6 0.41875 0.6 0.41875 0.6109375 0.45 0.6109375 0.45 0.6