0 0.6015625 0.4875 0.565625 0.4875 0.565625 0.5078125 0.6015625 0.5078125 0.6015625 0.4875
8 0.64609375 0.45 0.62578125 0.45 0.62578125 0.4890625 0.64609375 0.4890625 0.64609375 0.45
6 0.34453125 0.525 0.23515625 0.525 0.23515625 0.5578125 0.34453125 0.5578125 0.34453125 0.525
0 0.3359375 0.4984375 0.2671875 0.4984375 0.2671875 0.528125 0.3359375 0.528125 0.3359375 0.4984375
0 0.24921875 0.4625 0.20703125 0.4625 0.20703125 0.478125 0.24921875 0.478125 0.24921875 0.4625
0 0.2078125 0.48671875 0.178125 0.48671875 0.178125 0.50078125 0.2078125 0.50078125 0.2078125 0.48671875
0 0.23125 0.42734375 0.2015625 0.42734375 0.2015625 0.43359375 0.23125 0.43359375 0.23125 0.42734375
0 0.559375 0.51484375 0.5296875 0.51484375 0.5296875 0.52734375 0.559375 0.52734375 0.559375 0.51484375
0 0.27578125 0.63125 0.23359375 0.63125 0.23359375 0.646875 0.27578125 0.646875 0.27578125 0.63125
0 0.2703125 0.6796875 0.234375 0.6796875 0.234375 0.6953125 0.2703125 0.6953125 0.2703125 0.6796875
0 0.38125 0.70625 0.3625 0.70625 0.3625 0.715625 0.38125 0.715625 0.38125 0.70625
0 0.38046875 0.6890625 0.36796875 0.6890625 0.36796875 0.703125 0.38046875 0.703125 0.38046875 0.6890625
0 0.3390625 0.67421875 0.3234375 0.67421875 0.3234375 0.68515625 0.3390625 0.68515625 0.3390625 0.67421875
0 0.3234375 0.56015625 0.2515625 0.56015625 0.2515625 0.57578125 0.3234375 0.57578125 0.3234375 0.56015625
0 0.25703125 0.48828125 0.22265625 0.48828125 0.22265625 0.50703125 0.25703125 0.50703125 0.25703125 0.48828125
0 0.6140625 0.62890625 0.584375 0.62890625 0.584375 0.63828125 0.6140625 0.63828125 0.6140625 0.62890625
0 0.62734375 0.6 0.60546875 0.6 0.60546875 0.61875 0.62734375 0.61875 0.62734375 0.6