0 0.35 0.26015625 0.3125 0.26015625 0.3125 0.28671875 0.35 0.28671875 0.35 0.26015625
0 0.346875 0.3109375 0.3171875 0.3109375 0.3171875 0.3359375 0.346875 0.3359375 0.346875 0.3109375
0 0.303125 0.31953125 0.2765625 0.31953125 0.2765625 0.34140625 0.303125 0.34140625 0.303125 0.31953125
0 0.3046875 0.27734375 0.2828125 0.27734375 0.2828125 0.29765625 0.3046875 0.29765625 0.3046875 0.27734375
0 0.3234375 0.34453125 0.2796875 0.34453125 0.2796875 0.37890625 0.3234375 0.37890625 0.3234375 0.34453125
0 0.2953125 0.390625 0.2703125 0.390625 0.2703125 0.41875 0.2953125 0.41875 0.2953125 0.390625
0 0.27421875 0.41015625 0.23203125 0.41015625 0.23203125 0.43046875 0.27421875 0.43046875 0.27421875 0.41015625
0 0.28984375 0.42265625 0.23515625 0.42265625 0.23515625 0.47734375 0.28984375 0.47734375 0.28984375 0.42265625
0 0.34921875 0.40234375 0.30234375 0.40234375 0.30234375 0.43984375 0.34921875 0.43984375 0.34921875 0.40234375
0 0.37109375 0.340625 0.33359375 0.340625 0.33359375 0.3703125 0.37109375 0.3703125 0.37109375 0.340625
0 0.4 0.3859375 0.3484375 0.3859375 0.3484375 0.415625 0.4 0.415625 0.4 0.3859375
0 0.42890625 0.4140625 0.36171875 0.4140625 0.36171875 0.4703125 0.42890625 0.4703125 0.42890625 0.4140625
0 0.51328125 0.425 0.47109375 0.425 0.47109375 0.4515625 0.51328125 0.4515625 0.51328125 0.425
0 0.52578125 0.47421875 0.48046875 0.47421875 0.48046875 0.49921875 0.52578125 0.49921875 0.52578125 0.47421875
0 0.6375 0.4421875 0.603125 0.4421875 0.603125 0.4671875 0.6375 0.4671875 0.6375 0.4421875
0 0.60859375 0.49375 0.56484375 0.49375 0.56484375 0.525 0.60859375 0.525 0.60859375 0.49375
0 0.5984375 0.54375 0.5484375 0.54375 0.5484375 0.575 0.5984375 0.575 0.5984375 0.54375
0 0.7234375 0.428125 0.6921875 0.428125 0.6921875 0.4453125 0.7234375 0.4453125 0.7234375 0.428125
0 0.721875 0.40234375 0.696875 0.40234375 0.696875 0.42265625 0.721875 0.42265625 0.721875 0.40234375
0 0.6875 0.38828125 0.6375 0.38828125 0.6375 0.43359375 0.6875 0.43359375 0.6875 0.38828125
0 0.69453125 0.3390625 0.63515625 0.3390625 0.63515625 0.3734375 0.69453125 0.3734375 0.69453125 0.3390625
0 0.6640625 0.284375 0.63125 0.284375 0.63125 0.321875 0.6640625 0.321875 0.6640625 0.284375
0 0.7078125 0.24765625 0.65625 0.24765625 0.65625 0.28046875 0.7078125 0.28046875 0.7078125 0.24765625
0 0.73828125 0.26875 0.71796875 0.26875 0.71796875 0.2859375 0.73828125 0.2859375 0.73828125 0.26875
0 0.67109375 0.21640625 0.62734375 0.21640625 0.62734375 0.24453125 0.67109375 0.24453125 0.67109375 0.21640625
0 0.590625 0.221875 0.553125 0.221875 0.553125 0.2546875 0.590625 0.2546875 0.590625 0.221875
0 0.62578125 0.2390625 0.59140625 0.2390625 0.59140625 0.2578125 0.62578125 0.2578125 0.62578125 0.2390625
0 0.51640625 0.2703125 0.48359375 0.2703125 0.48359375 0.29375 0.51640625 0.29375 0.51640625 0.2703125
0 0.5453125 0.23984375 0.484375 0.23984375 0.484375 0.26328125 0.5453125 0.26328125 0.5453125 0.23984375
0 0.61015625 0.2890625 0.56015625 0.2890625 0.56015625 0.325 0.61015625 0.325 0.61015625 0.2890625
0 0.5546875 0.26796875 0.515625 0.26796875 0.515625 0.31953125 0.5546875 0.31953125 0.5546875 0.26796875
0 0.5515625 0.33671875 0.51875 0.33671875 0.51875 0.35859375 0.5515625 0.35859375 0.5515625 0.33671875
0 0.57109375 0.3734375 0.53203125 0.3734375 0.53203125 0.4125 0.57109375 0.4125 0.57109375 0.3734375
0 0.5265625 0.31875 0.4546875 0.31875 0.4546875 0.4125 0.5265625 0.4125 0.5265625 0.31875
0 0.434375 0.30078125 0.3953125 0.30078125 0.3953125 0.32890625 0.434375 0.32890625 0.434375 0.30078125
0 0.44765625 0.3234375 0.39921875 0.3234375 0.39921875 0.3703125 0.44765625 0.3703125 0.44765625 0.3234375
0 0.409375 0.23671875 0.371875 0.23671875 0.371875 0.26328125 0.409375 0.26328125 0.409375 0.23671875
0 0.44296875 0.2546875 0.38046875 0.2546875 0.38046875 0.3015625 0.44296875 0.3015625 0.44296875 0.2546875
0 0.79375 0.334375 0.7515625 0.334375 0.7515625 0.36875 0.79375 0.36875 0.79375 0.334375
0 0.83828125 0.2953125 0.79453125 0.2953125 0.79453125 0.3484375 0.83828125 0.3484375 0.83828125 0.2953125
0 0.82890625 0.41171875 0.80234375 0.41171875 0.80234375 0.43046875 0.82890625 0.43046875 0.82890625 0.41171875
0 0.83359375 0.44296875 0.80546875 0.44296875 0.80546875 0.46796875 0.83359375 0.46796875 0.83359375 0.44296875
0 0.76015625 0.3734375 0.73515625 0.3734375 0.73515625 0.396875 0.76015625 0.396875 0.76015625 0.3734375
0 0.74140625 0.2484375 0.71953125 0.2484375 0.71953125 0.2640625 0.74140625 0.2640625 0.74140625 0.2484375
0 0.721875 0.34921875 0.69375 0.34921875 0.69375 0.36484375 0.721875 0.36484375 0.721875 0.34921875
0 0.6140625 0.39140625 0.5765625 0.39140625 0.5765625 0.42421875 0.6140625 0.42421875 0.6140625 0.39140625
0 0.57578125 0.45234375 0.53203125 0.45234375 0.53203125 0.49140625 0.57578125 0.49140625 0.57578125 0.45234375
0 0.5765625 0.60234375 0.5515625 0.60234375 0.5515625 0.62734375 0.5765625 0.62734375 0.5765625 0.60234375
0 0.55 0.6171875 0.528125 0.6171875 0.528125 0.634375 0.55 0.634375 0.55 0.6171875
0 0.51640625 0.625 0.49296875 0.625 0.49296875 0.6453125 0.51640625 0.6453125 0.51640625 0.625
0 0.415625 0.6671875 0.3875 0.6671875 0.3875 0.6859375 0.415625 0.6859375 0.415625 0.6671875
0 0.34921875 0.6890625 0.32421875 0.6890625 0.32421875 0.7296875 0.34921875 0.7296875 0.34921875 0.6890625
0 0.35 0.759375 0.31875 0.759375 0.31875 0.778125 0.35 0.778125 0.35 0.759375
0 0.2921875 0.690625 0.271875 0.690625 0.271875 0.7265625 0.2921875 0.7265625 0.2921875 0.690625
0 0.275 0.79453125 0.2375 0.79453125 0.2375 0.82109375 0.275 0.82109375 0.275 0.79453125
0 0.4015625 0.8 0.3765625 0.8 0.3765625 0.8203125 0.4015625 0.8203125 0.4015625 0.8
0 0.478125 0.85 0.428125 0.85 0.428125 0.88125 0.478125 0.88125 0.478125 0.85
0 0.415625 0.9609375 0.384375 0.9609375 0.384375 0.9875 0.415625 0.9875 0.415625 0.9609375
0 0.70234375 0.90390625 0.66171875 0.90390625 0.66171875 0.93671875 0.70234375 0.93671875 0.70234375 0.90390625
0 0.675 0.8421875 0.6546875 0.8421875 0.6546875 0.8640625 0.675 0.8640625 0.675 0.8421875
0 0.61171875 0.753125 0.57109375 0.753125 0.57109375 0.7796875 0.61171875 0.7796875 0.61171875 0.753125
0 0.6546875 0.65234375 0.6328125 0.65234375 0.6328125 0.67578125 0.6546875 0.67578125 0.6546875 0.65234375
0 0.61953125 0.57421875 0.59765625 0.57421875 0.59765625 0.60234375 0.61953125 0.60234375 0.61953125 0.57421875
0 0.8296875 0.721875 0.8140625 0.721875 0.8140625 0.7453125 0.8296875 0.7453125 0.8296875 0.721875
0 0.80234375 0.715625 0.77890625 0.715625 0.77890625 0.7546875 0.80234375 0.7546875 0.80234375 0.715625
0 0.7765625 0.78671875 0.7421875 0.78671875 0.7421875 0.82734375 0.7765625 0.82734375 0.7765625 0.78671875
0 0.7234375 0.69453125 0.703125 0.69453125 0.703125 0.71328125 0.7234375 0.71328125 0.7234375 0.69453125
0 0.84296875 0.35234375 0.82265625 0.35234375 0.82265625 0.36796875 0.84296875 0.36796875 0.84296875 0.35234375
0 0.7125 0.309375 0.6953125 0.309375 0.6953125 0.3328125 0.7125 0.3328125 0.7125 0.309375
0 0.78125 0.29453125 0.7328125 0.29453125 0.7328125 0.33046875 0.78125 0.33046875 0.78125 0.29453125
0 0.78984375 0.84296875 0.76640625 0.84296875 0.76640625 0.86015625 0.78984375 0.86015625 0.78984375 0.84296875