0 0.409375 0.5234375 0.35625 0.5234375 0.35625 0.55625 0.409375 0.55625 0.409375 0.5234375
0 0.33515625 0.60234375 0.30390625 0.60234375 0.30390625 0.62890625 0.33515625 0.62890625 0.33515625 0.60234375
0 0.33828125 0.65703125 0.31015625 0.65703125 0.31015625 0.68203125 0.33828125 0.68203125 0.33828125 0.65703125
0 0.396875 0.66484375 0.353125 0.66484375 0.353125 0.71640625 0.396875 0.71640625 0.396875 0.66484375
0 0.33046875 0.71640625 0.25234375 0.71640625 0.25234375 0.77265625 0.33046875 0.77265625 0.33046875 0.71640625
0 0.3859375 0.790625 0.35625 0.790625 0.35625 0.8109375 0.3859375 0.8109375 0.3859375 0.790625
0 0.51796875 0.6828125 0.47890625 0.6828125 0.47890625 0.7125 0.51796875 0.7125 0.51796875 0.6828125
0 0.55703125 0.7015625 0.51171875 0.7015625 0.51171875 0.7296875 0.55703125 0.7296875 0.55703125 0.7015625
0 0.540625 0.60078125 0.509375 0.60078125 0.509375 0.66484375 0.540625 0.66484375 0.540625 0.60078125
0 0.634375 0.56171875 0.6171875 0.56171875 0.6171875 0.58671875 0.634375 0.58671875 0.634375 0.56171875
0 0.57734375 0.5015625 0.54765625 0.5015625 0.54765625 0.5265625 0.57734375 0.5265625 0.57734375 0.5015625
0 0.6390625 0.4640625 0.6171875 0.4640625 0.6171875 0.48125 0.6390625 0.48125 0.6390625 0.4640625
0 0.46796875 0.5421875 0.44296875 0.5421875 0.44296875 0.559375 0.46796875 0.559375 0.46796875 0.5421875
0 0.4578125 0.5703125 0.428125 0.5703125 0.428125 0.5875 0.4578125 0.5875 0.4578125 0.5703125
0 0.4953125 0.58828125 0.46875 0.58828125 0.46875 0.61484375 0.4953125 0.61484375 0.4953125 0.58828125
0 0.5015625 0.62109375 0.4703125 0.62109375 0.4703125 0.64921875 0.5015625 0.64921875 0.5015625 0.62109375
0 0.4515625 0.65 0.4203125 0.65 0.4203125 0.68125 0.4515625 0.68125 0.4515625 0.65
0 0.4015625 0.35703125 0.378125 0.35703125 0.378125 0.37265625 0.4015625 0.37265625 0.4015625 0.35703125
0 0.384375 0.36640625 0.3265625 0.36640625 0.3265625 0.39140625 0.384375 0.39140625 0.384375 0.36640625
0 0.15859375 0.328125 0.12578125 0.328125 0.12578125 0.359375 0.15859375 0.359375 0.15859375 0.328125
0 0.146875 0.26484375 0.121875 0.26484375 0.121875 0.28515625 0.146875 0.28515625 0.146875 0.26484375
0 0.184375 0.2203125 0.1484375 0.2203125 0.1484375 0.246875 0.184375 0.246875 0.184375 0.2203125
0 0.159375 0.30625 0.134375 0.30625 0.134375 0.325 0.159375 0.325 0.159375 0.30625
0 0.33515625 0.32265625 0.30546875 0.32265625 0.30546875 0.33984375 0.33515625 0.33984375 0.33515625 0.32265625
0 0.35 0.5390625 0.3109375 0.5390625 0.3109375 0.5921875 0.35 0.5921875 0.35 0.5390625
0 0.4453125 0.7 0.421875 0.7 0.421875 0.7171875 0.4453125 0.7171875 0.4453125 0.7
0 0.384375 0.746875 0.3421875 0.746875 0.3421875 0.7640625 0.384375 0.7640625 0.384375 0.746875
0 0.40546875 0.7234375 0.35859375 0.7234375 0.35859375 0.75 0.40546875 0.75 0.40546875 0.7234375
0 0.278125 0.790625 0.246875 0.790625 0.246875 0.81875 0.278125 0.81875 0.278125 0.790625
0 0.31875 0.76875 0.28125 0.76875 0.28125 0.7890625 0.31875 0.7890625 0.31875 0.76875
0 0.4140625 0.81953125 0.3890625 0.81953125 0.3890625 0.83359375 0.4140625 0.83359375 0.4140625 0.81953125
0 0.3984375 0.775 0.3859375 0.775 0.3859375 0.7953125 0.3984375 0.7953125 0.3984375 0.775
0 0.43828125 0.7453125 0.41171875 0.7453125 0.41171875 0.7609375 0.43828125 0.7609375 0.43828125 0.7453125
0 0.4515625 0.7109375 0.4234375 0.7109375 0.4234375 0.7375 0.4515625 0.7375 0.4515625 0.7109375
0 0.31875 0.69375 0.2921875 0.69375 0.2921875 0.709375 0.31875 0.709375 0.31875 0.69375