0 0.61328125 0.5625 0.58203125 0.5625 0.58203125 0.5890625 0.61328125 0.5890625 0.61328125 0.5625
0 0.62578125 0.49375 0.60390625 0.49375 0.60390625 0.515625 0.62578125 0.515625 0.62578125 0.49375
0 0.7109375 0.48125 0.6359375 0.48125 0.6359375 0.5078125 0.7109375 0.5078125 0.7109375 0.48125
0 0.7328125 0.54140625 0.6390625 0.54140625 0.6390625 0.64140625 0.7328125 0.64140625 0.7328125 0.54140625
0 0.784375 0.5375 0.74375 0.5375 0.74375 0.6171875 0.784375 0.6171875 0.784375 0.5375
0 0.7921875 0.6796875 0.7578125 0.6796875 0.7578125 0.71875 0.7921875 0.71875 0.7921875 0.6796875
0 0.828125 0.6484375 0.765625 0.6484375 0.765625 0.6734375 0.828125 0.6734375 0.828125 0.6484375
0 0.72109375 0.65703125 0.64296875 0.65703125 0.64296875 0.70546875 0.72109375 0.70546875 0.72109375 0.65703125
0 0.79453125 0.725 0.69140625 0.725 0.69140625 0.7703125 0.79453125 0.7703125 0.79453125 0.725
0 0.60859375 0.61640625 0.57734375 0.61640625 0.57734375 0.64140625 0.60859375 0.64140625 0.60859375 0.61640625
0 0.62578125 0.66171875 0.58984375 0.66171875 0.58984375 0.69453125 0.62578125 0.69453125 0.62578125 0.66171875
0 0.5 0.68203125 0.4578125 0.68203125 0.4578125 0.71171875 0.5 0.71171875 0.5 0.68203125
0 0.51484375 0.65546875 0.48359375 0.65546875 0.48359375 0.68828125 0.51484375 0.68828125 0.51484375 0.65546875
0 0.471875 0.56640625 0.4328125 0.56640625 0.4328125 0.62734375 0.471875 0.62734375 0.471875 0.56640625
0 0.50625 0.6015625 0.4765625 0.6015625 0.4765625 0.625 0.50625 0.625 0.50625 0.6015625
0 0.58125 0.73515625 0.5515625 0.73515625 0.5515625 0.75859375 0.58125 0.75859375 0.58125 0.73515625
0 0.38828125 0.7828125 0.36484375 0.7828125 0.36484375 0.8078125 0.38828125 0.8078125 0.38828125 0.7828125
0 0.78125 0.81640625 0.7296875 0.81640625 0.7296875 0.83828125 0.78125 0.83828125 0.78125 0.81640625
0 0.8578125 0.81875 0.81875 0.81875 0.81875 0.8453125 0.8578125 0.8453125 0.8578125 0.81875
0 0.725 0.90546875 0.6890625 0.90546875 0.6890625 0.92109375 0.725 0.92109375 0.725 0.90546875
0 0.75390625 0.775 0.71015625 0.775 0.71015625 0.7953125 0.75390625 0.7953125 0.75390625 0.775
0 0.85 0.75859375 0.8078125 0.75859375 0.8078125 0.79140625 0.85 0.79140625 0.85 0.75859375
0 0.765625 0.33671875 0.7421875 0.33671875 0.7421875 0.35390625 0.765625 0.35390625 0.765625 0.33671875
0 0.7390625 0.3453125 0.684375 0.3453125 0.684375 0.3703125 0.7390625 0.3703125 0.7390625 0.3453125
0 0.73984375 0.29140625 0.69921875 0.29140625 0.69921875 0.31953125 0.73984375 0.31953125 0.73984375 0.29140625
0 0.78203125 0.23671875 0.73828125 0.23671875 0.73828125 0.26640625 0.78203125 0.26640625 0.78203125 0.23671875
0 0.85859375 0.26015625 0.81796875 0.26015625 0.81796875 0.29921875 0.85859375 0.29921875 0.85859375 0.26015625
0 0.85546875 0.30078125 0.79453125 0.30078125 0.79453125 0.34765625 0.85546875 0.34765625 0.85546875 0.30078125
0 0.92109375 0.3171875 0.85859375 0.3171875 0.85859375 0.3578125 0.92109375 0.3578125 0.92109375 0.3171875