0 0.16953125 0.4421875 0.14765625 0.4421875 0.14765625 0.4609375 0.16953125 0.4609375 0.16953125 0.4421875
0 0.14296875 0.36875 0.12734375 0.36875 0.12734375 0.396875 0.14296875 0.396875 0.14296875 0.36875
0 0.50703125 0.4359375 0.49140625 0.4359375 0.49140625 0.45 0.50703125 0.45 0.50703125 0.4359375
0 0.53515625 0.43125 0.51484375 0.43125 0.51484375 0.4453125 0.53515625 0.4453125 0.53515625 0.43125
0 0.56875 0.4234375 0.5515625 0.4234375 0.5515625 0.4390625 0.56875 0.4390625 0.56875 0.4234375
0 0.609375 0.4234375 0.5828125 0.4234375 0.5828125 0.4375 0.609375 0.4375 0.609375 0.4234375
0 0.56953125 0.453125 0.53984375 0.453125 0.53984375 0.475 0.56953125 0.475 0.56953125 0.453125
0 0.63828125 0.44921875 0.62578125 0.44921875 0.62578125 0.46328125 0.63828125 0.46328125 0.63828125 0.44921875
0 0.60703125 0.45 0.59609375 0.45 0.59609375 0.4640625 0.60703125 0.4640625 0.60703125 0.45
0 0.63125 0.46796875 0.6078125 0.46796875 0.6078125 0.48515625 0.63125 0.48515625 0.63125 0.46796875
0 0.68046875 0.471875 0.66484375 0.471875 0.66484375 0.490625 0.68046875 0.490625 0.68046875 0.471875
0 0.6671875 0.47265625 0.64375 0.47265625 0.64375 0.49609375 0.6671875 0.49609375 0.6671875 0.47265625
0 0.59296875 0.48984375 0.56796875 0.48984375 0.56796875 0.50390625 0.59296875 0.50390625 0.59296875 0.48984375
0 0.5953125 0.50703125 0.5484375 0.50703125 0.5484375 0.52734375 0.5953125 0.52734375 0.5953125 0.50703125
0 0.5171875 0.4921875 0.496875 0.4921875 0.496875 0.503125 0.5171875 0.503125 0.5171875 0.4921875
0 0.534375 0.50859375 0.5109375 0.50859375 0.5109375 0.52734375 0.534375 0.52734375 0.534375 0.50859375
0 0.47109375 0.53515625 0.45234375 0.53515625 0.45234375 0.55390625 0.47109375 0.55390625 0.47109375 0.53515625
0 0.471875 0.55390625 0.45625 0.55390625 0.45625 0.57734375 0.471875 0.57734375 0.471875 0.55390625
0 0.49375 0.56484375 0.475 0.56484375 0.475 0.58046875 0.49375 0.58046875 0.49375 0.56484375
0 0.49375 0.58359375 0.465625 0.58359375 0.465625 0.59609375 0.49375 0.59609375 0.49375 0.58359375
0 0.521875 0.53046875 0.484375 0.53046875 0.484375 0.56171875 0.521875 0.56171875 0.521875 0.53046875
0 0.53515625 0.559375 0.51484375 0.559375 0.51484375 0.5765625 0.53515625 0.5765625 0.53515625 0.559375
0 0.54375 0.590625 0.5171875 0.590625 0.5171875 0.6078125 0.54375 0.6078125 0.54375 0.590625
0 0.571875 0.5578125 0.54375 0.5578125 0.54375 0.596875 0.571875 0.596875 0.571875 0.5578125
0 0.57265625 0.5328125 0.55390625 0.5328125 0.55390625 0.5453125 0.57265625 0.5453125 0.57265625 0.5328125
0 0.59765625 0.55078125 0.57265625 0.55078125 0.57265625 0.56953125 0.59765625 0.56953125 0.59765625 0.55078125
0 0.63984375 0.5359375 0.61171875 0.5359375 0.61171875 0.553125 0.63984375 0.553125 0.63984375 0.5359375
0 0.621875 0.5578125 0.603125 0.5578125 0.603125 0.5734375 0.621875 0.5734375 0.621875 0.5578125
0 0.71484375 0.53203125 0.70390625 0.53203125 0.70390625 0.54921875 0.71484375 0.54921875 0.71484375 0.53203125
0 0.671875 0.62109375 0.6484375 0.62109375 0.6484375 0.65234375 0.671875 0.65234375 0.671875 0.62109375
0 0.6765625 0.60234375 0.6578125 0.60234375 0.6578125 0.61484375 0.6765625 0.61484375 0.6765625 0.60234375
0 0.66875 0.55390625 0.65625 0.55390625 0.65625 0.57109375 0.66875 0.57109375 0.66875 0.55390625
0 0.3078125 0.659375 0.29375 0.659375 0.29375 0.671875 0.3078125 0.671875 0.3078125 0.659375
0 0.4359375 0.60078125 0.4234375 0.60078125 0.4234375 0.61328125 0.4359375 0.61328125 0.4359375 0.60078125
0 0.3859375 0.653125 0.3546875 0.653125 0.3546875 0.6703125 0.3859375 0.6703125 0.3859375 0.653125
0 0.49296875 0.7296875 0.45546875 0.7296875 0.45546875 0.7578125 0.49296875 0.7578125 0.49296875 0.7296875
0 0.434375 0.7421875 0.41875 0.7421875 0.41875 0.753125 0.434375 0.753125 0.434375 0.7421875
0 0.39765625 0.78125 0.36953125 0.78125 0.36953125 0.8078125 0.39765625 0.8078125 0.39765625 0.78125
0 0.49921875 0.8015625 0.46953125 0.8015625 0.46953125 0.8171875 0.49921875 0.8171875 0.49921875 0.8015625
0 0.4640625 0.803125 0.4375 0.803125 0.4375 0.8203125 0.4640625 0.8203125 0.4640625 0.803125
0 0.54140625 0.75859375 0.51171875 0.75859375 0.51171875 0.77421875 0.54140625 0.77421875 0.54140625 0.75859375
0 0.57109375 0.71484375 0.52421875 0.71484375 0.52421875 0.75703125 0.57109375 0.75703125 0.57109375 0.71484375
0 0.628125 0.69609375 0.59375 0.69609375 0.59375 0.71953125 0.628125 0.71953125 0.628125 0.69609375
0 0.628125 0.653125 0.6046875 0.653125 0.6046875 0.6859375 0.628125 0.6859375 0.628125 0.653125
0 0.57421875 0.63984375 0.55234375 0.63984375 0.55234375 0.66796875 0.57421875 0.66796875 0.57421875 0.63984375
0 0.54609375 0.65078125 0.52265625 0.65078125 0.52265625 0.67109375 0.54609375 0.67109375 0.54609375 0.65078125
0 0.53984375 0.6703125 0.49765625 0.6703125 0.49765625 0.696875 0.53984375 0.696875 0.53984375 0.6703125
0 0.47421875 0.640625 0.43359375 0.640625 0.43359375 0.6671875 0.47421875 0.6671875 0.47421875 0.640625
0 0.425 0.65703125 0.409375 0.65703125 0.409375 0.66796875 0.425 0.66796875 0.425 0.65703125
0 0.48046875 0.60546875 0.45859375 0.60546875 0.45859375 0.61640625 0.48046875 0.61640625 0.48046875 0.60546875
0 0.56015625 0.68359375 0.53203125 0.68359375 0.53203125 0.70234375 0.56015625 0.70234375 0.56015625 0.68359375
0 0.61953125 0.521875 0.60703125 0.521875 0.60703125 0.5375 0.61953125 0.5375 0.61953125 0.521875