0 0.5046875 0.16640625 0.4734375 0.16640625 0.4734375 0.19609375 0.5046875 0.19609375 0.5046875 0.16640625
0 0.43515625 0.2546875 0.40390625 0.2546875 0.40390625 0.275 0.43515625 0.275 0.43515625 0.2546875
0 0.44609375 0.34140625 0.39921875 0.34140625 0.39921875 0.37890625 0.44609375 0.37890625 0.44609375 0.34140625
0 0.61015625 0.471875 0.55859375 0.471875 0.55859375 0.503125 0.61015625 0.503125 0.61015625 0.471875
0 0.61484375 0.45625 0.58671875 0.45625 0.58671875 0.4765625 0.61484375 0.4765625 0.61484375 0.45625
0 0.634375 0.5296875 0.6 0.5296875 0.6 0.55625 0.634375 0.55625 0.634375 0.5296875
0 0.6 0.553125 0.5765625 0.553125 0.5765625 0.575 0.6 0.575 0.6 0.553125
0 0.53125 0.6125 0.4984375 0.6125 0.4984375 0.65625 0.53125 0.65625 0.53125 0.6125
0 0.53359375 0.7078125 0.50234375 0.7078125 0.50234375 0.75 0.53359375 0.75 0.53359375 0.7078125
0 0.53125 0.671875 0.475 0.671875 0.475 0.70625 0.53125 0.70625 0.53125 0.671875
0 0.66953125 0.77890625 0.63515625 0.77890625 0.63515625 0.80390625 0.66953125 0.80390625 0.66953125 0.77890625
0 0.69609375 0.71171875 0.66015625 0.71171875 0.66015625 0.74296875 0.69609375 0.74296875 0.69609375 0.71171875
0 0.6953125 0.60859375 0.6671875 0.60859375 0.6671875 0.65703125 0.6953125 0.65703125 0.6953125 0.60859375
0 0.62890625 0.6203125 0.60078125 0.6203125 0.60078125 0.6453125 0.62890625 0.6453125 0.62890625 0.6203125
0 0.534375 0.52421875 0.50625 0.52421875 0.50625 0.55390625 0.534375 0.55390625 0.534375 0.52421875
0 0.334375 0.48046875 0.3078125 0.48046875 0.3078125 0.50546875 0.334375 0.50546875 0.334375 0.48046875
0 0.446875 0.45234375 0.4296875 0.45234375 0.4296875 0.47421875 0.446875 0.47421875 0.446875 0.45234375
0 0.43125 0.55390625 0.4 0.55390625 0.4 0.58671875 0.43125 0.58671875 0.43125 0.55390625
0 0.765625 0.51796875 0.7265625 0.51796875 0.7265625 0.54609375 0.765625 0.54609375 0.765625 0.51796875
0 0.66640625 0.4828125 0.64765625 0.4828125 0.64765625 0.4984375 0.66640625 0.4984375 0.66640625 0.4828125
0 0.4703125 0.5609375 0.4421875 0.5609375 0.4421875 0.5828125 0.4703125 0.5828125 0.4703125 0.5609375
0 0.57109375 0.44609375 0.52109375 0.44609375 0.52109375 0.47265625 0.57109375 0.47265625 0.57109375 0.44609375
0 0.74296875 0.56484375 0.71953125 0.56484375 0.71953125 0.58359375 0.74296875 0.58359375 0.74296875 0.56484375
0 0.70859375 0.54609375 0.68203125 0.54609375 0.68203125 0.56328125 0.70859375 0.56328125 0.70859375 0.54609375
0 0.80625 0.7875 0.7703125 0.7875 0.7703125 0.80625 0.80625 0.80625 0.80625 0.7875
0 0.66328125 0.740625 0.63359375 0.740625 0.63359375 0.7578125 0.66328125 0.7578125 0.66328125 0.740625
0 0.5828125 0.6625 0.5578125 0.6625 0.5578125 0.684375 0.5828125 0.684375 0.5828125 0.6625
0 0.4609375 0.40234375 0.4390625 0.40234375 0.4390625 0.42109375 0.4609375 0.42109375 0.4609375 0.40234375
0 0.3765625 0.30546875 0.359375 0.30546875 0.359375 0.32421875 0.3765625 0.32421875 0.3765625 0.30546875
0 0.3953125 0.33359375 0.36875 0.33359375 0.36875 0.36171875 0.3953125 0.36171875 0.3953125 0.33359375
0 0.33671875 0.35625 0.31328125 0.35625 0.31328125 0.4 0.33671875 0.4 0.33671875 0.35625
0 0.3625 0.45390625 0.3375 0.45390625 0.3375 0.48046875 0.3625 0.48046875 0.3625 0.45390625
0 0.4328125 0.47265625 0.4046875 0.47265625 0.4046875 0.50078125 0.4328125 0.50078125 0.4328125 0.47265625
0 0.4015625 0.478125 0.3625 0.478125 0.3625 0.509375 0.4015625 0.509375 0.4015625 0.478125
0 0.36171875 0.52890625 0.33046875 0.52890625 0.33046875 0.57265625 0.36171875 0.57265625 0.36171875 0.52890625
0 0.47734375 0.53046875 0.44921875 0.53046875 0.44921875 0.55078125 0.47734375 0.55078125 0.47734375 0.53046875