1 0.78203125 0.26796875 0.57890625 0.26796875 0.57890625 0.33984375 0.78203125 0.33984375 0.78203125 0.26796875
1 0.44609375 0.275 0.27265625 0.275 0.27265625 0.3296875 0.44609375 0.3296875 0.44609375 0.275
0 0.62421875 0.5875 0.60859375 0.5875 0.60859375 0.603125 0.62421875 0.603125 0.62421875 0.5875
0 0.675 0.37421875 0.65625 0.37421875 0.65625 0.38671875 0.675 0.38671875 0.675 0.37421875
0 0.7234375 0.4875 0.7 0.4875 0.7 0.5015625 0.7234375 0.5015625 0.7234375 0.4875
0 0.74609375 0.42578125 0.71796875 0.42578125 0.71796875 0.46015625 0.74609375 0.46015625 0.74609375 0.42578125
0 0.725 0.4 0.7015625 0.4 0.7015625 0.4140625 0.725 0.4140625 0.725 0.4
0 0.7609375 0.3875 0.7390625 0.3875 0.7390625 0.396875 0.7609375 0.396875 0.7609375 0.3875
0 0.76171875 0.35078125 0.74609375 0.35078125 0.74609375 0.36484375 0.76171875 0.36484375 0.76171875 0.35078125
0 0.78671875 0.384375 0.76796875 0.384375 0.76796875 0.403125 0.78671875 0.403125 0.78671875 0.384375
6 0.4125 0.3609375 0.34375 0.3609375 0.34375 0.446875 0.4125 0.446875 0.4125 0.3609375
0 0.67734375 0.03125 0.66328125 0.03125 0.66328125 0.04375 0.67734375 0.04375 0.67734375 0.03125
0 0.53828125 0.61640625 0.51484375 0.61640625 0.51484375 0.63984375 0.53828125 0.63984375 0.53828125 0.61640625