1 0.53046875 0.1296875 0.28203125 0.1296875 0.28203125 0.2203125 0.53046875 0.2203125 0.53046875 0.1296875
1 0.7 0.10234375 0.678125 0.10234375 0.678125 0.12109375 0.7 0.12109375 0.7 0.10234375
1 0.6734375 0.1234375 0.653125 0.1234375 0.653125 0.1375 0.6734375 0.1375 0.6734375 0.1234375
1 0.7296875 0.18203125 0.6984375 0.18203125 0.6984375 0.21015625 0.7296875 0.21015625 0.7296875 0.18203125
1 0.6859375 0.21484375 0.6671875 0.21484375 0.6671875 0.23359375 0.6859375 0.23359375 0.6859375 0.21484375
1 0.6609375 0.2328125 0.640625 0.2328125 0.640625 0.253125 0.6609375 0.253125 0.6609375 0.2328125
1 0.603125 0.27421875 0.56875 0.27421875 0.56875 0.30234375 0.603125 0.30234375 0.603125 0.27421875
1 0.57734375 0.3015625 0.55078125 0.3015625 0.55078125 0.334375 0.57734375 0.334375 0.57734375 0.3015625
1 0.540625 0.2765625 0.5109375 0.2765625 0.5109375 0.303125 0.540625 0.303125 0.540625 0.2765625
1 0.49609375 0.30234375 0.46796875 0.30234375 0.46796875 0.32890625 0.49609375 0.32890625 0.49609375 0.30234375
1 0.5390625 0.42109375 0.515625 0.42109375 0.515625 0.44296875 0.5390625 0.44296875 0.5390625 0.42109375
1 0.72109375 0.3296875 0.70390625 0.3296875 0.70390625 0.340625 0.72109375 0.340625 0.72109375 0.3296875
1 0.646875 0.265625 0.5984375 0.265625 0.5984375 0.2859375 0.646875 0.2859375 0.646875 0.265625
1 0.61875 0.21796875 0.5984375 0.21796875 0.5984375 0.23359375 0.61875 0.23359375 0.61875 0.21796875
1 0.68671875 0.29140625 0.65546875 0.29140625 0.65546875 0.30859375 0.68671875 0.30859375 0.68671875 0.29140625
1 0.646875 0.3078125 0.5984375 0.3078125 0.5984375 0.3234375 0.646875 0.3234375 0.646875 0.3078125
1 0.6484375 0.334375 0.6125 0.334375 0.6125 0.35625 0.6484375 0.35625 0.6484375 0.334375
1 0.5890625 0.36796875 0.56875 0.36796875 0.56875 0.38984375 0.5890625 0.38984375 0.5890625 0.36796875
1 0.54921875 0.35625 0.51484375 0.35625 0.51484375 0.39375 0.54921875 0.39375 0.54921875 0.35625
1 0.49140625 0.575 0.46328125 0.575 0.46328125 0.59375 0.49140625 0.59375 0.49140625 0.575
1 0.59453125 0.5140625 0.53984375 0.5140625 0.53984375 0.5390625 0.59453125 0.5390625 0.59453125 0.5140625
1 0.58359375 0.4421875 0.56328125 0.4421875 0.56328125 0.484375 0.58359375 0.484375 0.58359375 0.4421875
1 0.5875 0.4109375 0.56875 0.4109375 0.56875 0.43125 0.5875 0.43125 0.5875 0.4109375
1 0.6421875 0.5203125 0.61875 0.5203125 0.61875 0.5421875 0.6421875 0.5421875 0.6421875 0.5203125
1 0.54921875 0.6125 0.49765625 0.6125 0.49765625 0.6375 0.54921875 0.6375 0.54921875 0.6125
1 0.74921875 0.46328125 0.72734375 0.46328125 0.72734375 0.48046875 0.74921875 0.48046875 0.74921875 0.46328125
1 0.71171875 0.5015625 0.69296875 0.5015625 0.69296875 0.5140625 0.71171875 0.5140625 0.71171875 0.5015625
1 0.63203125 0.5703125 0.61015625 0.5703125 0.61015625 0.5875 0.63203125 0.5875 0.63203125 0.5703125
1 0.5140625 0.5578125 0.4859375 0.5578125 0.4859375 0.5734375 0.5140625 0.5734375 0.5140625 0.5578125
1 0.7171875 0.36484375 0.690625 0.36484375 0.690625 0.39140625 0.7171875 0.39140625 0.7171875 0.36484375
1 0.68203125 0.3296875 0.66640625 0.3296875 0.66640625 0.3453125 0.68203125 0.3453125 0.68203125 0.3296875
1 0.69453125 0.35546875 0.67421875 0.35546875 0.67421875 0.36796875 0.69453125 0.36796875 0.69453125 0.35546875
1 0.6703125 0.390625 0.6375 0.390625 0.6375 0.4078125 0.6703125 0.4078125 0.6703125 0.390625
1 0.6390625 0.40703125 0.6171875 0.40703125 0.6171875 0.42421875 0.6390625 0.42421875 0.6390625 0.40703125
1 0.6890625 0.25078125 0.6640625 0.25078125 0.6640625 0.26640625 0.6890625 0.26640625 0.6890625 0.25078125