0 0.45 0.3625 0.4265625 0.3625 0.4265625 0.384375 0.45 0.384375 0.45 0.3625
0 0.36875 0.32421875 0.3328125 0.32421875 0.3328125 0.34296875 0.36875 0.34296875 0.36875 0.32421875
0 0.60390625 0.26328125 0.57734375 0.26328125 0.57734375 0.28046875 0.60390625 0.28046875 0.60390625 0.26328125
0 0.4265625 0.27890625 0.39375 0.27890625 0.39375 0.29921875 0.4265625 0.29921875 0.4265625 0.27890625
0 0.61953125 0.42109375 0.58515625 0.42109375 0.58515625 0.43671875 0.61953125 0.43671875 0.61953125 0.42109375
0 0.703125 0.609375 0.6671875 0.609375 0.6671875 0.621875 0.703125 0.621875 0.703125 0.609375
0 0.76875 0.6125 0.75 0.6125 0.75 0.625 0.76875 0.625 0.76875 0.6125
0 0.571875 0.84140625 0.55625 0.84140625 0.55625 0.85546875 0.571875 0.85546875 0.571875 0.84140625
0 0.40546875 0.8375 0.37890625 0.8375 0.37890625 0.8546875 0.40546875 0.8546875 0.40546875 0.8375
0 0.29140625 0.64765625 0.27265625 0.64765625 0.27265625 0.66796875 0.29140625 0.66796875 0.29140625 0.64765625
1 0.42890625 0.5046875 0.27109375 0.5046875 0.27109375 0.5640625 0.42890625 0.5640625 0.42890625 0.5046875
1 0.7171875 0.5140625 0.5546875 0.5140625 0.5546875 0.571875 0.7171875 0.571875 0.7171875 0.5140625