0 0.24296875 0.734375 0.21328125 0.734375 0.21328125 0.7515625 0.24296875 0.7515625 0.24296875 0.734375
0 0.49921875 0.6765625 0.45859375 0.6765625 0.45859375 0.696875 0.49921875 0.696875 0.49921875 0.6765625
0 0.3640625 0.61484375 0.3515625 0.61484375 0.3515625 0.64296875 0.3640625 0.64296875 0.3640625 0.61484375
0 0.45703125 0.60625 0.41953125 0.60625 0.41953125 0.6375 0.45703125 0.6375 0.45703125 0.60625
0 0.58203125 0.50078125 0.56171875 0.50078125 0.56171875 0.55078125 0.58203125 0.55078125 0.58203125 0.50078125
0 0.57890625 0.4515625 0.56640625 0.4515625 0.56640625 0.4765625 0.57890625 0.4765625 0.57890625 0.4515625
0 0.6046875 0.4546875 0.5921875 0.4546875 0.5921875 0.4703125 0.6046875 0.4703125 0.6046875 0.4546875
0 0.440625 0.49765625 0.4234375 0.49765625 0.4234375 0.51328125 0.440625 0.51328125 0.440625 0.49765625
0 0.53984375 0.45546875 0.51640625 0.45546875 0.51640625 0.48828125 0.53984375 0.48828125 0.53984375 0.45546875
0 0.5296875 0.546875 0.50625 0.546875 0.50625 0.56875 0.5296875 0.56875 0.5296875 0.546875
0 0.55859375 0.6796875 0.52421875 0.6796875 0.52421875 0.696875 0.55859375 0.696875 0.55859375 0.6796875
1 0.440625 0.40390625 0.253125 0.40390625 0.253125 0.46328125 0.440625 0.46328125 0.440625 0.40390625
0 0.3578125 0.4953125 0.3375 0.4953125 0.3375 0.5125 0.3578125 0.5125 0.3578125 0.4953125
0 0.5703125 0.42578125 0.54375 0.42578125 0.54375 0.44296875 0.5703125 0.44296875 0.5703125 0.42578125