0 0.4140625 0.134375 0.4015625 0.134375 0.4015625 0.140625 0.4140625 0.140625 0.4140625 0.134375
0 0.47265625 0.196875 0.45859375 0.196875 0.45859375 0.2078125 0.47265625 0.2078125 0.47265625 0.196875
0 0.45859375 0.19296875 0.44453125 0.19296875 0.44453125 0.19921875 0.45859375 0.19921875 0.45859375 0.19296875
0 0.4203125 0.15625 0.4125 0.15625 0.4125 0.1625 0.4203125 0.1625 0.4203125 0.15625
0 0.41796875 0.16796875 0.40546875 0.16796875 0.40546875 0.17734375 0.41796875 0.17734375 0.41796875 0.16796875
0 0.3765625 0.20859375 0.35 0.20859375 0.35 0.22109375 0.3765625 0.22109375 0.3765625 0.20859375
0 0.3984375 0.21953125 0.384375 0.21953125 0.384375 0.22734375 0.3984375 0.22734375 0.3984375 0.21953125
0 0.41875 0.22265625 0.4046875 0.22265625 0.4046875 0.23046875 0.41875 0.23046875 0.41875 0.22265625
0 0.503125 0.2453125 0.4890625 0.2453125 0.4890625 0.253125 0.503125 0.253125 0.503125 0.2453125
0 0.521875 0.23359375 0.50625 0.23359375 0.50625 0.24296875 0.521875 0.24296875 0.521875 0.23359375
0 0.52734375 0.1984375 0.49921875 0.1984375 0.49921875 0.2140625 0.52734375 0.2140625 0.52734375 0.1984375
0 0.36640625 0.24609375 0.35859375 0.24609375 0.35859375 0.25703125 0.36640625 0.25703125 0.36640625 0.24609375
0 0.3609375 0.265625 0.3484375 0.265625 0.3484375 0.278125 0.3609375 0.278125 0.3609375 0.265625
0 0.390625 0.30390625 0.375 0.30390625 0.375 0.31171875 0.390625 0.31171875 0.390625 0.30390625
0 0.6046875 0.28046875 0.590625 0.28046875 0.590625 0.28828125 0.6046875 0.28828125 0.6046875 0.28046875
0 0.53046875 0.24921875 0.51328125 0.24921875 0.51328125 0.25703125 0.53046875 0.25703125 0.53046875 0.24921875
0 0.45859375 0.23671875 0.44453125 0.23671875 0.44453125 0.24921875 0.45859375 0.24921875 0.45859375 0.23671875
0 0.5015625 0.29921875 0.484375 0.29921875 0.484375 0.31171875 0.5015625 0.31171875 0.5015625 0.29921875
0 0.35546875 0.48046875 0.34140625 0.48046875 0.34140625 0.48828125 0.35546875 0.48828125 0.35546875 0.48046875
0 0.2484375 0.490625 0.240625 0.490625 0.240625 0.5015625 0.2484375 0.5015625 0.2484375 0.490625
0 0.25 0.5046875 0.2421875 0.5046875 0.2421875 0.5109375 0.25 0.5109375 0.25 0.5046875
0 0.3109375 0.51796875 0.284375 0.51796875 0.284375 0.52890625 0.3109375 0.52890625 0.3109375 0.51796875
0 0.353125 0.57578125 0.340625 0.57578125 0.340625 0.58671875 0.353125 0.58671875 0.353125 0.57578125
0 0.33671875 0.55859375 0.31953125 0.55859375 0.31953125 0.56640625 0.33671875 0.56640625 0.33671875 0.55859375
0 0.33671875 0.528125 0.32265625 0.528125 0.32265625 0.5359375 0.33671875 0.5359375 0.33671875 0.528125
0 0.325 0.61171875 0.3078125 0.61171875 0.3078125 0.62578125 0.325 0.62578125 0.325 0.61171875
0 0.31640625 0.5890625 0.29609375 0.5890625 0.29609375 0.60625 0.31640625 0.60625 0.31640625 0.5890625
0 0.28125 0.55625 0.275 0.55625 0.275 0.5671875 0.28125 0.5671875 0.28125 0.55625
0 0.42109375 0.3140625 0.40859375 0.3140625 0.40859375 0.3265625 0.42109375 0.3265625 0.42109375 0.3140625
0 0.44765625 0.29765625 0.43359375 0.29765625 0.43359375 0.30703125 0.44765625 0.30703125 0.44765625 0.29765625
0 0.30078125 0.240625 0.28359375 0.240625 0.28359375 0.2515625 0.30078125 0.2515625 0.30078125 0.240625
0 0.228125 0.29375 0.2140625 0.29375 0.2140625 0.309375 0.228125 0.309375 0.228125 0.29375
0 0.3984375 0.1484375 0.3828125 0.1484375 0.3828125 0.1546875 0.3984375 0.1546875 0.3984375 0.1484375
0 0.38125 0.165625 0.365625 0.165625 0.365625 0.175 0.38125 0.175 0.38125 0.165625
0 0.38046875 0.27890625 0.36484375 0.27890625 0.36484375 0.28671875 0.38046875 0.28671875 0.38046875 0.27890625
0 0.425 0.275 0.4078125 0.275 0.4078125 0.2859375 0.425 0.2859375 0.425 0.275
0 0.4765625 0.275 0.4609375 0.275 0.4609375 0.284375 0.4765625 0.284375 0.4765625 0.275
0 0.35078125 0.17890625 0.33984375 0.17890625 0.33984375 0.18828125 0.35078125 0.18828125 0.35078125 0.17890625
0 0.38515625 0.18125 0.36953125 0.18125 0.36953125 0.19375 0.38515625 0.19375 0.38515625 0.18125
0 0.709375 0.40546875 0.696875 0.40546875 0.696875 0.41640625 0.709375 0.41640625 0.709375 0.40546875
0 0.70859375 0.55390625 0.69609375 0.55390625 0.69609375 0.56953125 0.70859375 0.56953125 0.70859375 0.55390625
0 0.709375 0.5359375 0.6984375 0.5359375 0.6984375 0.5453125 0.709375 0.5453125 0.709375 0.5359375
0 0.69609375 0.5109375 0.67578125 0.5109375 0.67578125 0.528125 0.69609375 0.528125 0.69609375 0.5109375
0 0.70859375 0.43828125 0.69453125 0.43828125 0.69453125 0.46015625 0.70859375 0.46015625 0.70859375 0.43828125
6 0.640625 0.44375 0.54375 0.44375 0.54375 0.5453125 0.640625 0.5453125 0.640625 0.44375
6 0.3953125 0.50625 0.3515625 0.50625 0.3515625 0.540625 0.3953125 0.540625 0.3953125 0.50625
0 0.49375 0.23046875 0.48125 0.23046875 0.48125 0.23671875 0.49375 0.23671875 0.49375 0.23046875
0 0.45234375 0.175 0.43984375 0.175 0.43984375 0.184375 0.45234375 0.184375 0.45234375 0.175
0 0.45390625 0.21171875 0.43828125 0.21171875 0.43828125 0.23046875 0.45390625 0.23046875 0.45390625 0.21171875
0 0.38828125 0.2453125 0.37421875 0.2453125 0.37421875 0.253125 0.38828125 0.253125 0.38828125 0.2453125