0 0.29609375 0.21484375 0.28046875 0.21484375 0.28046875 0.22890625 0.29609375 0.22890625 0.29609375 0.21484375
0 0.075 0.275 0.0375 0.275 0.0375 0.3 0.075 0.3 0.075 0.275
0 0.4484375 0.24140625 0.428125 0.24140625 0.428125 0.25703125 0.4484375 0.25703125 0.4484375 0.24140625
0 0.465625 0.26796875 0.4421875 0.26796875 0.4421875 0.28203125 0.465625 0.28203125 0.465625 0.26796875
0 0.4046875 0.2734375 0.384375 0.2734375 0.384375 0.2890625 0.4046875 0.2890625 0.4046875 0.2734375
0 0.5078125 0.32890625 0.4953125 0.32890625 0.4953125 0.33828125 0.5078125 0.33828125 0.5078125 0.32890625
0 0.51171875 0.375 0.49453125 0.375 0.49453125 0.3890625 0.51171875 0.3890625 0.51171875 0.375
0 0.4796875 0.40546875 0.4453125 0.40546875 0.4453125 0.41953125 0.4796875 0.41953125 0.4796875 0.40546875
0 0.57578125 0.4953125 0.54921875 0.4953125 0.54921875 0.51875 0.57578125 0.51875 0.57578125 0.4953125
0 0.51015625 0.53046875 0.48515625 0.53046875 0.48515625 0.54765625 0.51015625 0.54765625 0.51015625 0.53046875
0 0.496875 0.50859375 0.4796875 0.50859375 0.4796875 0.52265625 0.496875 0.52265625 0.496875 0.50859375
0 0.40859375 0.6015625 0.39296875 0.6015625 0.39296875 0.6140625 0.40859375 0.6140625 0.40859375 0.6015625
0 0.38515625 0.6 0.36796875 0.6 0.36796875 0.615625 0.38515625 0.615625 0.38515625 0.6
0 0.3703125 0.590625 0.35 0.590625 0.35 0.6046875 0.3703125 0.6046875 0.3703125 0.590625
0 0.4234375 0.48828125 0.39375 0.48828125 0.39375 0.50859375 0.4234375 0.50859375 0.4234375 0.48828125
0 0.534375 0.41171875 0.5140625 0.41171875 0.5140625 0.43984375 0.534375 0.43984375 0.534375 0.41171875
0 0.37578125 0.253125 0.36015625 0.253125 0.36015625 0.265625 0.37578125 0.265625 0.37578125 0.253125
0 0.4109375 0.29296875 0.3921875 0.29296875 0.3921875 0.30546875 0.4109375 0.30546875 0.4109375 0.29296875