0 0.7265625 0.215625 0.7046875 0.215625 0.7046875 0.228125 0.7265625 0.228125 0.7265625 0.215625
0 0.60390625 0.196875 0.58671875 0.196875 0.58671875 0.20625 0.60390625 0.20625 0.60390625 0.196875
0 0.6125 0.23125 0.5953125 0.23125 0.5953125 0.2421875 0.6125 0.2421875 0.6125 0.23125
0 0.58125 0.22890625 0.5515625 0.22890625 0.5515625 0.24453125 0.58125 0.24453125 0.58125 0.22890625
0 0.51640625 0.22578125 0.49921875 0.22578125 0.49921875 0.23984375 0.51640625 0.23984375 0.51640625 0.22578125
0 0.48515625 0.25234375 0.46171875 0.25234375 0.46171875 0.26640625 0.48515625 0.26640625 0.48515625 0.25234375
0 0.4640625 0.29921875 0.4328125 0.29921875 0.4328125 0.31640625 0.4640625 0.31640625 0.4640625 0.29921875
0 0.78671875 0.22578125 0.76953125 0.22578125 0.76953125 0.23515625 0.78671875 0.23515625 0.78671875 0.22578125
0 0.809375 0.25625 0.79375 0.25625 0.79375 0.2671875 0.809375 0.2671875 0.809375 0.25625
0 0.6234375 0.253125 0.5984375 0.253125 0.5984375 0.265625 0.6234375 0.265625 0.6234375 0.253125
0 0.6546875 0.2265625 0.634375 0.2265625 0.634375 0.2390625 0.6546875 0.2390625 0.6546875 0.2265625
0 0.53203125 0.45390625 0.51328125 0.45390625 0.51328125 0.46796875 0.53203125 0.46796875 0.53203125 0.45390625
0 0.52578125 0.475 0.50859375 0.475 0.50859375 0.4828125 0.52578125 0.4828125 0.52578125 0.475
0 0.36875 0.45703125 0.340625 0.45703125 0.340625 0.47265625 0.36875 0.47265625 0.36875 0.45703125
0 0.5421875 0.5828125 0.5015625 0.5828125 0.5015625 0.6078125 0.5421875 0.6078125 0.5421875 0.5828125
0 0.515625 0.55390625 0.496875 0.55390625 0.496875 0.57265625 0.515625 0.57265625 0.515625 0.55390625
0 0.63984375 0.58203125 0.61953125 0.58203125 0.61953125 0.59765625 0.63984375 0.59765625 0.63984375 0.58203125
0 0.565625 0.59296875 0.5265625 0.59296875 0.5265625 0.62421875 0.565625 0.62421875 0.565625 0.59296875
0 0.5453125 0.628125 0.51875 0.628125 0.51875 0.653125 0.5453125 0.653125 0.5453125 0.628125
0 0.5140625 0.70078125 0.4984375 0.70078125 0.4984375 0.71328125 0.5140625 0.71328125 0.5140625 0.70078125
0 0.35 0.5296875 0.3328125 0.5296875 0.3328125 0.5609375 0.35 0.5609375 0.35 0.5296875
0 0.45859375 0.35234375 0.41953125 0.35234375 0.41953125 0.36640625 0.45859375 0.36640625 0.45859375 0.35234375
0 0.8140625 0.334375 0.790625 0.334375 0.790625 0.346875 0.8140625 0.346875 0.8140625 0.334375
0 0.85234375 0.3484375 0.83984375 0.3484375 0.83984375 0.3578125 0.85234375 0.3578125 0.85234375 0.3484375
0 0.678125 0.475 0.659375 0.475 0.659375 0.4890625 0.678125 0.4890625 0.678125 0.475
0 0.62578125 0.50625 0.60859375 0.50625 0.60859375 0.51875 0.62578125 0.51875 0.62578125 0.50625
0 0.5796875 0.55 0.559375 0.55 0.559375 0.5671875 0.5796875 0.5671875 0.5796875 0.55
0 0.515625 0.51015625 0.4953125 0.51015625 0.4953125 0.52265625 0.515625 0.52265625 0.515625 0.51015625