6 0.6390625 0.4515625 0.4703125 0.4515625 0.4703125 0.5125 0.6390625 0.5125 0.6390625 0.4515625
0 0.52265625 0.54140625 0.49921875 0.54140625 0.49921875 0.55390625 0.52265625 0.55390625 0.52265625 0.54140625
0 0.32578125 0.43515625 0.30078125 0.43515625 0.30078125 0.45234375 0.32578125 0.45234375 0.32578125 0.43515625
0 0.35 0.44609375 0.3234375 0.44609375 0.3234375 0.46640625 0.35 0.46640625 0.35 0.44609375
0 0.38828125 0.43359375 0.35703125 0.43359375 0.35703125 0.45390625 0.38828125 0.45390625 0.38828125 0.43359375
0 0.39296875 0.51484375 0.35703125 0.51484375 0.35703125 0.53984375 0.39296875 0.53984375 0.39296875 0.51484375
0 0.5421875 0.58671875 0.4859375 0.58671875 0.4859375 0.60234375 0.5421875 0.60234375 0.5421875 0.58671875
0 0.446875 0.5609375 0.428125 0.5609375 0.428125 0.571875 0.446875 0.571875 0.446875 0.5609375
0 0.42578125 0.534375 0.40078125 0.534375 0.40078125 0.553125 0.42578125 0.553125 0.42578125 0.534375
0 0.41015625 0.4109375 0.38828125 0.4109375 0.38828125 0.421875 0.41015625 0.421875 0.41015625 0.4109375
0 0.76640625 0.36484375 0.75078125 0.36484375 0.75078125 0.37578125 0.76640625 0.37578125 0.76640625 0.36484375