6 0.4921875 0.5484375 0.415625 0.5484375 0.415625 0.6421875 0.4921875 0.6421875 0.4921875 0.5484375
0 0.55859375 0.53828125 0.53046875 0.53828125 0.53046875 0.55703125 0.55859375 0.55703125 0.55859375 0.53828125
0 0.59921875 0.54453125 0.58046875 0.54453125 0.58046875 0.55703125 0.59921875 0.55703125 0.59921875 0.54453125
0 0.61953125 0.4953125 0.60546875 0.4953125 0.60546875 0.5046875 0.61953125 0.5046875 0.61953125 0.4953125
0 0.66015625 0.5109375 0.63984375 0.5109375 0.63984375 0.5296875 0.66015625 0.5296875 0.66015625 0.5109375
0 0.58515625 0.5671875 0.55390625 0.5671875 0.55390625 0.5875 0.58515625 0.5875 0.58515625 0.5671875
0 0.5875 0.60234375 0.5703125 0.60234375 0.5703125 0.62265625 0.5875 0.62265625 0.5875 0.60234375
0 0.5796875 0.63984375 0.5640625 0.63984375 0.5640625 0.65859375 0.5796875 0.65859375 0.5796875 0.63984375
0 0.4203125 0.74921875 0.3265625 0.74921875 0.3265625 0.77265625 0.4203125 0.77265625 0.4203125 0.74921875
0 0.303125 0.53203125 0.2671875 0.53203125 0.2671875 0.55546875 0.303125 0.55546875 0.303125 0.53203125
0 0.55390625 0.40390625 0.52578125 0.40390625 0.52578125 0.42109375 0.55390625 0.42109375 0.55390625 0.40390625
0 0.4765625 0.2984375 0.446875 0.2984375 0.446875 0.31875 0.4765625 0.31875 0.4765625 0.2984375
0 0.29296875 0.39921875 0.27265625 0.39921875 0.27265625 0.41796875 0.29296875 0.41796875 0.29296875 0.39921875
0 0.4046875 0.346875 0.3796875 0.346875 0.3796875 0.3625 0.4046875 0.3625 0.4046875 0.346875
0 0.61328125 0.4421875 0.59765625 0.4421875 0.59765625 0.45625 0.61328125 0.45625 0.61328125 0.4421875
0 0.5984375 0.3875 0.5765625 0.3875 0.5765625 0.425 0.5984375 0.425 0.5984375 0.3875
0 0.33359375 0.54296875 0.30859375 0.54296875 0.30859375 0.55859375 0.33359375 0.55859375 0.33359375 0.54296875
0 0.36015625 0.29765625 0.34453125 0.29765625 0.34453125 0.31015625 0.36015625 0.31015625 0.36015625 0.29765625
0 0.30546875 0.3453125 0.28984375 0.3453125 0.28984375 0.365625 0.30546875 0.365625 0.30546875 0.3453125
0 0.50859375 0.5984375 0.49140625 0.5984375 0.49140625 0.6109375 0.50859375 0.6109375 0.50859375 0.5984375
0 0.52890625 0.53984375 0.51484375 0.53984375 0.51484375 0.55234375 0.52890625 0.55234375 0.52890625 0.53984375
0 0.4390625 0.7265625 0.421875 0.7265625 0.421875 0.7390625 0.4390625 0.7390625 0.4390625 0.7265625
0 0.42265625 0.7125 0.39921875 0.7125 0.39921875 0.728125 0.42265625 0.728125 0.42265625 0.7125
0 0.534375 0.67109375 0.5125 0.67109375 0.5125 0.69453125 0.534375 0.69453125 0.534375 0.67109375
0 0.5390625 0.71953125 0.5140625 0.71953125 0.5140625 0.73359375 0.5390625 0.73359375 0.5390625 0.71953125
0 0.6328125 0.53984375 0.6140625 0.53984375 0.6140625 0.55390625 0.6328125 0.55390625 0.6328125 0.53984375
0 0.53125 0.62890625 0.5078125 0.62890625 0.5078125 0.64453125 0.53125 0.64453125 0.53125 0.62890625