0 0.565625 0.31171875 0.5453125 0.31171875 0.5453125 0.31953125 0.565625 0.31953125 0.565625 0.31171875
0 0.590625 0.31953125 0.571875 0.31953125 0.571875 0.32734375 0.590625 0.32734375 0.590625 0.31953125
0 0.52109375 0.31328125 0.49765625 0.31328125 0.49765625 0.32421875 0.52109375 0.32421875 0.52109375 0.31328125
0 0.45625 0.334375 0.4328125 0.334375 0.4328125 0.3546875 0.45625 0.3546875 0.45625 0.334375
0 0.41796875 0.3953125 0.40703125 0.3953125 0.40703125 0.4109375 0.41796875 0.4109375 0.41796875 0.3953125
0 0.4046875 0.40234375 0.38125 0.40234375 0.38125 0.41328125 0.4046875 0.41328125 0.4046875 0.40234375
0 0.6078125 0.33828125 0.590625 0.33828125 0.590625 0.35078125 0.6078125 0.35078125 0.6078125 0.33828125
0 0.65078125 0.35078125 0.63984375 0.35078125 0.63984375 0.35859375 0.65078125 0.35859375 0.65078125 0.35078125
0 0.64296875 0.3734375 0.62265625 0.3734375 0.62265625 0.3890625 0.64296875 0.3890625 0.64296875 0.3734375
0 0.640625 0.353125 0.621875 0.353125 0.621875 0.3703125 0.640625 0.3703125 0.640625 0.353125
0 0.6703125 0.3984375 0.646875 0.3984375 0.646875 0.41875 0.6703125 0.41875 0.6703125 0.3984375
0 0.47109375 0.53125 0.45703125 0.53125 0.45703125 0.54375 0.47109375 0.54375 0.47109375 0.53125
0 0.4171875 0.51015625 0.4015625 0.51015625 0.4015625 0.53046875 0.4171875 0.53046875 0.4171875 0.51015625
0 0.4453125 0.54921875 0.4265625 0.54921875 0.4265625 0.56171875 0.4453125 0.56171875 0.4453125 0.54921875
0 0.47265625 0.58671875 0.45234375 0.58671875 0.45234375 0.60078125 0.47265625 0.60078125 0.47265625 0.58671875
0 0.621875 0.50234375 0.6 0.50234375 0.6 0.51171875 0.621875 0.51171875 0.621875 0.50234375
0 0.65390625 0.503125 0.63828125 0.503125 0.63828125 0.51875 0.65390625 0.51875 0.65390625 0.503125
0 0.6265625 0.51875 0.6140625 0.51875 0.6140625 0.5265625 0.6265625 0.5265625 0.6265625 0.51875
0 0.5203125 0.72734375 0.5015625 0.72734375 0.5015625 0.74140625 0.5203125 0.74140625 0.5203125 0.72734375
0 0.60625 0.70859375 0.5953125 0.70859375 0.5953125 0.71953125 0.60625 0.71953125 0.60625 0.70859375
0 0.58671875 0.715625 0.56796875 0.715625 0.56796875 0.728125 0.58671875 0.728125 0.58671875 0.715625
0 0.46015625 0.675 0.44140625 0.675 0.44140625 0.6921875 0.46015625 0.6921875 0.46015625 0.675
0 0.45625 0.65390625 0.440625 0.65390625 0.440625 0.66484375 0.45625 0.66484375 0.45625 0.65390625
0 0.43203125 0.6046875 0.40703125 0.6046875 0.40703125 0.6203125 0.43203125 0.6203125 0.43203125 0.6046875
0 0.45234375 0.62421875 0.42734375 0.62421875 0.42734375 0.63984375 0.45234375 0.63984375 0.45234375 0.62421875
0 0.39921875 0.60859375 0.36953125 0.60859375 0.36953125 0.62578125 0.39921875 0.62578125 0.39921875 0.60859375
0 0.4359375 0.665625 0.4140625 0.665625 0.4140625 0.6765625 0.4359375 0.6765625 0.4359375 0.665625
6 0.51875 0.5 0.4171875 0.5 0.4171875 0.6046875 0.51875 0.6046875 0.51875 0.5