0 0.47734375 0.2875 0.45078125 0.2875 0.45078125 0.3015625 0.47734375 0.3015625 0.47734375 0.2875
0 0.62578125 0.3125 0.60390625 0.3125 0.60390625 0.321875 0.62578125 0.321875 0.62578125 0.3125
0 0.58671875 0.3515625 0.56328125 0.3515625 0.56328125 0.3625 0.58671875 0.3625 0.58671875 0.3515625
0 0.51953125 0.32265625 0.49609375 0.32265625 0.49609375 0.33515625 0.51953125 0.33515625 0.51953125 0.32265625
0 0.54609375 0.33515625 0.51796875 0.33515625 0.51796875 0.34765625 0.54609375 0.34765625 0.54609375 0.33515625
0 0.5125 0.34921875 0.4828125 0.34921875 0.4828125 0.36015625 0.5125 0.36015625 0.5125 0.34921875
0 0.43046875 0.3109375 0.40390625 0.3109375 0.40390625 0.3234375 0.43046875 0.3234375 0.43046875 0.3109375
0 0.41796875 0.34140625 0.39765625 0.34140625 0.39765625 0.35078125 0.41796875 0.35078125 0.41796875 0.34140625
0 0.453125 0.34609375 0.4328125 0.34609375 0.4328125 0.35390625 0.453125 0.35390625 0.453125 0.34609375
0 0.1953125 0.56875 0.1640625 0.56875 0.1640625 0.58125 0.1953125 0.58125 0.1953125 0.56875
0 0.12421875 0.5375 0.11015625 0.5375 0.11015625 0.55 0.12421875 0.55 0.12421875 0.5375
0 0.178125 0.58828125 0.1609375 0.58828125 0.1609375 0.59609375 0.178125 0.59609375 0.178125 0.58828125
0 0.36875 0.32734375 0.3484375 0.32734375 0.3484375 0.33984375 0.36875 0.33984375 0.36875 0.32734375