0 0.8484375 0.2765625 0.8171875 0.2765625 0.8171875 0.2875 0.8484375 0.2875 0.8484375 0.2765625
0 0.85 0.3078125 0.8171875 0.3078125 0.8171875 0.3203125 0.85 0.3203125 0.85 0.3078125
0 0.9328125 0.34375 0.90625 0.34375 0.90625 0.3546875 0.9328125 0.3546875 0.9328125 0.34375
0 0.915625 0.32734375 0.8875 0.32734375 0.8875 0.34140625 0.915625 0.34140625 0.915625 0.32734375
0 0.9109375 0.353125 0.890625 0.353125 0.890625 0.3640625 0.9109375 0.3640625 0.9109375 0.353125
0 0.8359375 0.3328125 0.815625 0.3328125 0.815625 0.34375 0.8359375 0.34375 0.8359375 0.3328125
0 0.8671875 0.3203125 0.8375 0.3203125 0.8375 0.3484375 0.8671875 0.3484375 0.8671875 0.3203125
0 0.88828125 0.3671875 0.84921875 0.3671875 0.84921875 0.3828125 0.88828125 0.3828125 0.88828125 0.3671875
0 0.8015625 0.35390625 0.778125 0.35390625 0.778125 0.36328125 0.8015625 0.36328125 0.8015625 0.35390625
0 0.79140625 0.29453125 0.76328125 0.29453125 0.76328125 0.31328125 0.79140625 0.31328125 0.79140625 0.29453125
0 0.5578125 0.53203125 0.521875 0.53203125 0.521875 0.54609375 0.5578125 0.54609375 0.5578125 0.53203125
0 0.378125 0.4921875 0.3625 0.4921875 0.3625 0.5 0.378125 0.5 0.378125 0.4921875
0 0.365625 0.51484375 0.3484375 0.51484375 0.3484375 0.52421875 0.365625 0.52421875 0.365625 0.51484375
0 0.403125 0.5265625 0.3765625 0.5265625 0.3765625 0.5359375 0.403125 0.5359375 0.403125 0.5265625