8 0.9171875 0.4078125 0.8578125 0.4078125 0.8578125 0.434375 0.9171875 0.434375 0.9171875 0.4078125
8 0.96953125 0.4359375 0.92109375 0.4359375 0.92109375 0.4640625 0.96953125 0.4640625 0.96953125 0.4359375
8 0.959375 0.4140625 0.91875 0.4140625 0.91875 0.440625 0.959375 0.440625 0.959375 0.4140625
8 0.91953125 0.39765625 0.86640625 0.39765625 0.86640625 0.41640625 0.91953125 0.41640625 0.91953125 0.39765625
8 0.78203125 0.40078125 0.66328125 0.40078125 0.66328125 0.42265625 0.78203125 0.42265625 0.78203125 0.40078125
8 0.78125 0.371875 0.7359375 0.371875 0.7359375 0.3796875 0.78125 0.3796875 0.78125 0.371875
8 0.82265625 0.36640625 0.78671875 0.36640625 0.78671875 0.37890625 0.82265625 0.37890625 0.82265625 0.36640625
8 0.86171875 0.3859375 0.82578125 0.3859375 0.82578125 0.39375 0.86171875 0.39375 0.86171875 0.3859375
8 0.8296875 0.39140625 0.8078125 0.39140625 0.8078125 0.40234375 0.8296875 0.40234375 0.8296875 0.39140625
6 0.9125 0.6625 0.8546875 0.6625 0.8546875 0.7609375 0.9125 0.7609375 0.9125 0.6625
6 0.721875 0.60625 0.596875 0.60625 0.596875 0.7140625 0.721875 0.7140625 0.721875 0.60625
6 0.8421875 0.5953125 0.778125 0.5953125 0.778125 0.65625 0.8421875 0.65625 0.8421875 0.5953125
0 0.56484375 0.640625 0.51640625 0.640625 0.51640625 0.6765625 0.56484375 0.6765625 0.56484375 0.640625
0 0.6609375 0.8 0.6265625 0.8 0.6265625 0.8296875 0.6609375 0.8296875 0.6609375 0.8
0 0.72890625 0.87265625 0.67890625 0.87265625 0.67890625 0.89765625 0.72890625 0.89765625 0.72890625 0.87265625
0 0.82421875 0.8359375 0.80078125 0.8359375 0.80078125 0.8578125 0.82421875 0.8578125 0.82421875 0.8359375
0 0.61796875 0.490625 0.60234375 0.490625 0.60234375 0.50625 0.61796875 0.50625 0.61796875 0.490625