0 0.571875 0.25234375 0.5515625 0.25234375 0.5515625 0.26328125 0.571875 0.26328125 0.571875 0.25234375
0 0.5109375 0.27421875 0.4953125 0.27421875 0.4953125 0.28359375 0.5109375 0.28359375 0.5109375 0.27421875
0 0.48515625 0.28671875 0.46953125 0.28671875 0.46953125 0.29609375 0.48515625 0.29609375 0.48515625 0.28671875
0 0.4640625 0.29765625 0.4515625 0.29765625 0.4515625 0.30703125 0.4640625 0.30703125 0.4640625 0.29765625
0 0.44609375 0.30078125 0.43046875 0.30078125 0.43046875 0.30859375 0.44609375 0.30859375 0.44609375 0.30078125
0 0.434375 0.3515625 0.421875 0.3515625 0.421875 0.359375 0.434375 0.359375 0.434375 0.3515625
0 0.41875 0.37578125 0.40625 0.37578125 0.40625 0.38671875 0.41875 0.38671875 0.41875 0.37578125
0 0.47265625 0.35234375 0.45859375 0.35234375 0.45859375 0.36015625 0.47265625 0.36015625 0.47265625 0.35234375
0 0.459375 0.35859375 0.4375 0.35859375 0.4375 0.37421875 0.459375 0.37421875 0.459375 0.35859375
0 0.50546875 0.3546875 0.49296875 0.3546875 0.49296875 0.365625 0.50546875 0.365625 0.50546875 0.3546875
0 0.54765625 0.33203125 0.51953125 0.33203125 0.51953125 0.34609375 0.54765625 0.34609375 0.54765625 0.33203125
0 0.4703125 0.3953125 0.459375 0.3953125 0.459375 0.4046875 0.4703125 0.4046875 0.4703125 0.3953125
0 0.47421875 0.36875 0.46328125 0.36875 0.46328125 0.38125 0.47421875 0.38125 0.47421875 0.36875
0 0.7265625 0.3421875 0.70625 0.3421875 0.70625 0.3515625 0.7265625 0.3515625 0.7265625 0.3421875
0 0.54765625 0.3953125 0.53046875 0.3953125 0.53046875 0.403125 0.54765625 0.403125 0.54765625 0.3953125
0 0.5203125 0.44296875 0.5078125 0.44296875 0.5078125 0.45234375 0.5203125 0.45234375 0.5203125 0.44296875
0 0.53515625 0.44921875 0.52109375 0.44921875 0.52109375 0.45703125 0.53515625 0.45703125 0.53515625 0.44921875
0 0.52890625 0.49765625 0.51484375 0.49765625 0.51484375 0.50859375 0.52890625 0.50859375 0.52890625 0.49765625
0 0.4015625 0.59921875 0.384375 0.59921875 0.384375 0.61484375 0.4015625 0.61484375 0.4015625 0.59921875
0 0.3703125 0.60390625 0.3546875 0.60390625 0.3546875 0.61640625 0.3703125 0.61640625 0.3703125 0.60390625
0 0.3828125 0.61640625 0.36875 0.61640625 0.36875 0.62890625 0.3828125 0.62890625 0.3828125 0.61640625
0 0.2953125 0.6328125 0.28125 0.6328125 0.28125 0.6453125 0.2953125 0.6453125 0.2953125 0.6328125
0 0.771875 0.6578125 0.75625 0.6578125 0.75625 0.671875 0.771875 0.671875 0.771875 0.6578125
0 0.77265625 0.6375 0.75859375 0.6375 0.75859375 0.6484375 0.77265625 0.6484375 0.77265625 0.6375
0 0.6140625 0.38515625 0.59375 0.38515625 0.59375 0.39453125 0.6140625 0.39453125 0.6140625 0.38515625
0 0.5890625 0.39921875 0.575 0.39921875 0.575 0.41171875 0.5890625 0.41171875 0.5890625 0.39921875
0 0.64453125 0.39765625 0.61484375 0.39765625 0.61484375 0.41015625 0.64453125 0.41015625 0.64453125 0.39765625
0 0.41640625 0.34375 0.40078125 0.34375 0.40078125 0.3578125 0.41640625 0.3578125 0.41640625 0.34375
0 0.80078125 0.58515625 0.78671875 0.58515625 0.78671875 0.59453125 0.80078125 0.59453125 0.80078125 0.58515625
0 0.68828125 0.61640625 0.67265625 0.61640625 0.67265625 0.62890625 0.68828125 0.62890625 0.68828125 0.61640625
0 0.6875 0.5953125 0.6765625 0.5953125 0.6765625 0.60625 0.6875 0.60625 0.6875 0.5953125
0 0.72734375 0.61015625 0.69453125 0.61015625 0.69453125 0.61796875 0.72734375 0.61796875 0.72734375 0.61015625
0 0.35078125 0.6171875 0.33671875 0.6171875 0.33671875 0.6296875 0.35078125 0.6296875 0.35078125 0.6171875
0 0.4140625 0.57734375 0.4 0.57734375 0.4 0.58671875 0.4140625 0.58671875 0.4140625 0.57734375