0 0.6015625 0.5015625 0.5890625 0.5015625 0.5890625 0.5125 0.6015625 0.5125 0.6015625 0.5015625
0 0.62578125 0.4546875 0.61015625 0.4546875 0.61015625 0.465625 0.62578125 0.465625 0.62578125 0.4546875
0 0.60703125 0.465625 0.59453125 0.465625 0.59453125 0.475 0.60703125 0.475 0.60703125 0.465625
0 0.5734375 0.47578125 0.5390625 0.47578125 0.5390625 0.49296875 0.5734375 0.49296875 0.5734375 0.47578125
0 0.53515625 0.4546875 0.51484375 0.4546875 0.51484375 0.465625 0.53515625 0.465625 0.53515625 0.4546875
0 0.50390625 0.44921875 0.49140625 0.44921875 0.49140625 0.46171875 0.50390625 0.46171875 0.50390625 0.44921875
0 0.56171875 0.409375 0.54765625 0.409375 0.54765625 0.4265625 0.56171875 0.4265625 0.56171875 0.409375
0 0.575 0.4375 0.5546875 0.4375 0.5546875 0.45625 0.575 0.45625 0.575 0.4375
0 0.62265625 0.48046875 0.59296875 0.48046875 0.59296875 0.48671875 0.62265625 0.48671875 0.62265625 0.48046875
0 0.671875 0.45625 0.65625 0.45625 0.65625 0.465625 0.671875 0.465625 0.671875 0.45625
0 0.64765625 0.465625 0.63203125 0.465625 0.63203125 0.4765625 0.64765625 0.4765625 0.64765625 0.465625
0 0.590625 0.4421875 0.575 0.4421875 0.575 0.4578125 0.590625 0.4578125 0.590625 0.4421875
0 0.60859375 0.4328125 0.58828125 0.4328125 0.58828125 0.44375 0.60859375 0.44375 0.60859375 0.4328125
0 0.7125 0.4390625 0.696875 0.4390625 0.696875 0.453125 0.7125 0.453125 0.7125 0.4390625
0 0.69375 0.4578125 0.6859375 0.4578125 0.6859375 0.471875 0.69375 0.471875 0.69375 0.4578125
0 0.68359375 0.47109375 0.66015625 0.47109375 0.66015625 0.48203125 0.68359375 0.48203125 0.68359375 0.47109375
0 0.59609375 0.540625 0.58046875 0.540625 0.58046875 0.5609375 0.59609375 0.5609375 0.59609375 0.540625
0 0.53828125 0.3453125 0.51953125 0.3453125 0.51953125 0.359375 0.53828125 0.359375 0.53828125 0.3453125
0 0.5109375 0.3359375 0.4953125 0.3359375 0.4953125 0.3515625 0.5109375 0.3515625 0.5109375 0.3359375
0 0.5921875 0.3234375 0.5765625 0.3234375 0.5765625 0.334375 0.5921875 0.334375 0.5921875 0.3234375
0 0.5984375 0.29453125 0.5828125 0.29453125 0.5828125 0.30703125 0.5984375 0.30703125 0.5984375 0.29453125
0 0.5671875 0.30234375 0.5546875 0.30234375 0.5546875 0.31484375 0.5671875 0.31484375 0.5671875 0.30234375
0 0.5984375 0.24765625 0.58125 0.24765625 0.58125 0.26484375 0.5984375 0.26484375 0.5984375 0.24765625
0 0.625 0.21953125 0.596875 0.21953125 0.596875 0.23515625 0.625 0.23515625 0.625 0.21953125
0 0.66796875 0.18671875 0.62734375 0.18671875 0.62734375 0.20703125 0.66796875 0.20703125 0.66796875 0.18671875
0 0.8046875 0.27109375 0.79375 0.27109375 0.79375 0.28515625 0.8046875 0.28515625 0.8046875 0.27109375
0 0.85234375 0.2015625 0.83984375 0.2015625 0.83984375 0.2125 0.85234375 0.2125 0.85234375 0.2015625
0 0.83046875 0.21171875 0.80859375 0.21171875 0.80859375 0.22734375 0.83046875 0.22734375 0.83046875 0.21171875
0 0.86640625 0.26953125 0.85390625 0.26953125 0.85390625 0.28203125 0.86640625 0.28203125 0.86640625 0.26953125
0 0.83125 0.28359375 0.775 0.28359375 0.775 0.30078125 0.83125 0.30078125 0.83125 0.28359375
0 0.859375 0.31484375 0.84375 0.31484375 0.84375 0.32734375 0.859375 0.32734375 0.859375 0.31484375
0 0.83671875 0.32265625 0.82265625 0.32265625 0.82265625 0.33515625 0.83671875 0.33515625 0.83671875 0.32265625
0 0.890625 0.27265625 0.875 0.27265625 0.875 0.29140625 0.890625 0.29140625 0.890625 0.27265625
0 0.821875 0.38828125 0.8078125 0.38828125 0.8078125 0.40390625 0.821875 0.40390625 0.821875 0.38828125
0 0.79609375 0.390625 0.78203125 0.390625 0.78203125 0.4 0.79609375 0.4 0.79609375 0.390625
0 0.84453125 0.36640625 0.83359375 0.36640625 0.83359375 0.37734375 0.84453125 0.37734375 0.84453125 0.36640625
0 0.6921875 0.4921875 0.6703125 0.4921875 0.6703125 0.5046875 0.6921875 0.5046875 0.6921875 0.4921875
0 0.54140625 0.465625 0.53046875 0.465625 0.53046875 0.4828125 0.54140625 0.4828125 0.54140625 0.465625
0 0.6453125 0.44453125 0.6265625 0.44453125 0.6265625 0.45390625 0.6453125 0.45390625 0.6453125 0.44453125
0 0.6359375 0.25546875 0.621875 0.25546875 0.621875 0.26484375 0.6359375 0.26484375 0.6359375 0.25546875
0 0.6453125 0.2203125 0.6328125 0.2203125 0.6328125 0.2359375 0.6453125 0.2359375 0.6453125 0.2203125
0 0.61953125 0.1953125 0.60703125 0.1953125 0.60703125 0.2015625 0.61953125 0.2015625 0.61953125 0.1953125
0 0.5703125 0.18984375 0.5625 0.18984375 0.5625 0.19921875 0.5703125 0.19921875 0.5703125 0.18984375