0 0.0890625 0.26171875 0.0609375 0.26171875 0.0609375 0.28671875 0.0890625 0.28671875 0.0890625 0.26171875
0 0.20625 0.58671875 0.1765625 0.58671875 0.1765625 0.60703125 0.20625 0.60703125 0.20625 0.58671875
0 0.30078125 0.51875 0.27890625 0.51875 0.27890625 0.5390625 0.30078125 0.5390625 0.30078125 0.51875
0 0.41171875 0.51875 0.38359375 0.51875 0.38359375 0.5390625 0.41171875 0.5390625 0.41171875 0.51875
0 0.52734375 0.5453125 0.44453125 0.5453125 0.44453125 0.6078125 0.52734375 0.6078125 0.52734375 0.5453125
0 0.7140625 0.59765625 0.675 0.59765625 0.675 0.63984375 0.7140625 0.63984375 0.7140625 0.59765625
0 0.67265625 0.6390625 0.56640625 0.6390625 0.56640625 0.6953125 0.67265625 0.6953125 0.67265625 0.6390625
0 0.54453125 0.81640625 0.52578125 0.81640625 0.52578125 0.83203125 0.54453125 0.83203125 0.54453125 0.81640625
0 0.3609375 0.57265625 0.2953125 0.57265625 0.2953125 0.62109375 0.3609375 0.62109375 0.3609375 0.57265625
0 0.5921875 0.5828125 0.5546875 0.5828125 0.5546875 0.6109375 0.5921875 0.6109375 0.5921875 0.5828125
0 0.58046875 0.5203125 0.55234375 0.5203125 0.55234375 0.540625 0.58046875 0.540625 0.58046875 0.5203125
0 0.559375 0.703125 0.528125 0.703125 0.528125 0.725 0.559375 0.725 0.559375 0.703125
0 0.50390625 0.62578125 0.47265625 0.62578125 0.47265625 0.64765625 0.50390625 0.64765625 0.50390625 0.62578125
0 0.3515625 0.16484375 0.3203125 0.16484375 0.3203125 0.24453125 0.3515625 0.24453125 0.3515625 0.16484375