0 0.6078125 0.6921875 0.4953125 0.6921875 0.4953125 0.74375 0.6078125 0.74375 0.6078125 0.6921875
6 0.5375 0.4375 0.378125 0.4375 0.378125 0.5328125 0.5375 0.5328125 0.5375 0.4375
8 0.33984375 0.16796875 0.21171875 0.16796875 0.21171875 0.20546875 0.33984375 0.20546875 0.33984375 0.16796875
8 0.4296875 0.1984375 0.2375 0.1984375 0.2375 0.2265625 0.4296875 0.2265625 0.4296875 0.1984375
8 0.21640625 0.22890625 0.18359375 0.22890625 0.18359375 0.32109375 0.21640625 0.32109375 0.21640625 0.22890625
8 0.17421875 0.25 0.13046875 0.25 0.13046875 0.3421875 0.17421875 0.3421875 0.17421875 0.25
8 0.15703125 0.17890625 0.09921875 0.17890625 0.09921875 0.20078125 0.15703125 0.20078125 0.15703125 0.17890625
8 0.15390625 0.2421875 0.08515625 0.2421875 0.08515625 0.253125 0.15390625 0.253125 0.15390625 0.2421875
8 0.18203125 0.20859375 0.11796875 0.20859375 0.11796875 0.22109375 0.18203125 0.22109375 0.18203125 0.20859375
8 0.5890625 0.33671875 0.528125 0.33671875 0.528125 0.36015625 0.5890625 0.36015625 0.5890625 0.33671875
1 0.5328125 0.37109375 0.309375 0.37109375 0.309375 0.43046875 0.5328125 0.43046875 0.5328125 0.37109375
8 0.1609375 0.41328125 0.0859375 0.41328125 0.0859375 0.46953125 0.1609375 0.46953125 0.1609375 0.41328125
8 0.503125 0.36484375 0.3421875 0.36484375 0.3421875 0.39921875 0.503125 0.39921875 0.503125 0.36484375