8 0.6828125 0.4109375 0.5 0.4109375 0.5 0.4875 0.6828125 0.4875 0.6828125 0.4109375
1 0.740625 0.38828125 0.50625 0.38828125 0.50625 0.45546875 0.740625 0.45546875 0.740625 0.38828125
8 0.54375 0.13828125 0.38125 0.13828125 0.38125 0.22578125 0.54375 0.22578125 0.54375 0.13828125
8 0.7109375 0.159375 0.5359375 0.159375 0.5359375 0.1890625 0.7109375 0.1890625 0.7109375 0.159375
0 0.64453125 0.18125 0.60859375 0.18125 0.60859375 0.203125 0.64453125 0.203125 0.64453125 0.18125
8 0.796875 0.1734375 0.7078125 0.1734375 0.7078125 0.2140625 0.796875 0.2140625 0.796875 0.1734375
8 0.915625 0.19765625 0.790625 0.19765625 0.790625 0.23203125 0.915625 0.23203125 0.915625 0.19765625
8 0.81953125 0.225 0.76796875 0.225 0.76796875 0.2671875 0.81953125 0.2671875 0.81953125 0.225
8 0.54140625 0.1984375 0.43984375 0.1984375 0.43984375 0.2640625 0.54140625 0.2640625 0.54140625 0.1984375
0 0.62109375 0.7359375 0.50703125 0.7359375 0.50703125 0.7984375 0.62109375 0.7984375 0.62109375 0.7359375
0 0.7125 0.4984375 0.64375 0.4984375 0.64375 0.553125 0.7125 0.553125 0.7125 0.4984375