0 0.33125 0.48671875 0.315625 0.48671875 0.315625 0.50078125 0.33125 0.50078125 0.33125 0.48671875
0 0.2734375 0.4734375 0.2625 0.4734375 0.2625 0.4890625 0.2734375 0.4890625 0.2734375 0.4734375
0 0.3109375 0.4796875 0.2796875 0.4796875 0.2796875 0.509375 0.3109375 0.509375 0.3109375 0.4796875
0 0.31484375 0.5265625 0.29765625 0.5265625 0.29765625 0.54375 0.31484375 0.54375 0.31484375 0.5265625
0 0.28984375 0.5453125 0.27734375 0.5453125 0.27734375 0.55625 0.28984375 0.55625 0.28984375 0.5453125
0 0.31484375 0.5609375 0.29453125 0.5609375 0.29453125 0.5765625 0.31484375 0.5765625 0.31484375 0.5609375
0 0.36484375 0.540625 0.31328125 0.540625 0.31328125 0.5609375 0.36484375 0.5609375 0.36484375 0.540625
0 0.3578125 0.57109375 0.3421875 0.57109375 0.3421875 0.58515625 0.3578125 0.58515625 0.3578125 0.57109375
0 0.478125 0.57890625 0.4625 0.57890625 0.4625 0.59140625 0.478125 0.59140625 0.478125 0.57890625
0 0.38671875 0.61484375 0.37421875 0.61484375 0.37421875 0.63203125 0.38671875 0.63203125 0.38671875 0.61484375
0 0.46796875 0.534375 0.42890625 0.534375 0.42890625 0.565625 0.46796875 0.565625 0.46796875 0.534375