8 0.36917577968750004 0.33393141875 0.3791438828125 0.3351180984375 0.39374003125 0.33227006875 0.378075871875 0.3334567484375 0.36561574375 0.3329820765625 0.354935634375 0.3329820765625 0.34069548906249997 0.33583010625 0.328591365625 0.34010215 0.344255525 0.33583010625 0.357427659375 0.33393141875 0.36917577968750004 0.33393141875
8 0.47241683749999996 0.3244379890625 0.4887930046875 0.325149996875 0.5041011625 0.3244379890625 0.5222573484375 0.324200653125 0.536853496875 0.3270486828125 0.52190134375 0.3223019671875 0.5055251765625 0.323013975 0.4884370015625 0.3234886453125 0.468500796875 0.323013975 0.454972659375 0.32206463125 0.4357484625 0.32135262343750004 0.42613636406250005 0.32491266093750004 0.4115402140625 0.3317953984375 0.3990800859375 0.3365421125 0.384839940625 0.33772879218749996 0.40050410156250005 0.33772879218749996 0.4111842109375 0.3332194125 0.423288334375 0.326811346875 0.4357484625 0.322539303125 0.44429255 0.322539303125 0.45888869843749996 0.323251309375 0.47241683749999996 0.3244379890625
8 0.42720437499999997 0.33939014218749997 0.4371724765625 0.3372541203125 0.45354864375000004 0.336067440625 0.44215652812500006 0.3355927703125 0.43539245781249997 0.336067440625 0.42720437499999997 0.33939014218749997
8 0.5247493734375 0.33915280625 0.511221234375 0.3365421125 0.49840510312499997 0.3365421125 0.48630097968749997 0.33749145625 0.4731288453125 0.3389154703125 0.4624487359375 0.33915280625 0.450700615625 0.338678134375 0.4628047390625 0.340339484375 0.48060492187500004 0.33915280625 0.49591307812499996 0.3382034625 0.5101532234375 0.33772879218749996 0.5204773296874999 0.33915280625 0.53400546875 0.343899521875 0.5247493734375 0.33915280625
8 0.3624117109375 0.31874193125 0.34603554375 0.321589959375 0.3278793578125 0.3277606890625 0.344255525 0.323251309375 0.3624117109375 0.31874193125
8 0.5945260875 0.34342485 0.5842019828125 0.339627478125 0.5706738437500001 0.3351180984375 0.565977625 0.3348050171875 0.5731658687500001 0.337016784375 0.5884740265625 0.3420008359375 0.6016461609375 0.34579820781250004 0.6098342453125001 0.3500702515625 0.62015835 0.35315561562500003 0.6265664156249999 0.35719032500000003 0.61944634375 0.3519689375 0.6116142625000001 0.3495955796875 0.603070175 0.34579820781250004 0.5945260875 0.34342485
8 0.529733425 0.3282353609375 0.541125540625 0.3355927703125 0.5437094390625 0.336833040625 0.5404135343750001 0.333694084375 0.529733425 0.3282353609375
8 0.5571457046875 0.34152616406249997 0.5490661421875 0.3394042578125 0.5500256328125 0.3398648140625 0.561773753125 0.3431875140625 0.5763699015625 0.34413685781250003 0.5706738437500001 0.3431875140625 0.5571457046875 0.34152616406249997
8 0.3389154703125 0.3538676234375 0.3328634078125 0.3633610546875 0.3282353609375 0.3730918203125 0.339271475 0.354104959375 0.3527996125 0.3484089015625 0.365971746875 0.34769689375 0.3773638640625 0.34935824375 0.39196001406250003 0.3517316015625 0.4065561625 0.3512569296875 0.4200843015625 0.349832915625 0.4346804515625 0.34722222187499996 0.44500455624999996 0.3462728796875 0.4350364546875 0.34579820781250004 0.4197282984375 0.3491209078125 0.40157211249999997 0.3503075875 0.3816359078125 0.3495955796875 0.37166780625 0.34745955781250004 0.35956368125 0.34722222187499996 0.34674755 0.34935824375 0.3389154703125 0.3538676234375
8 0.4503446109375 0.3519689375 0.43539245781249997 0.35291828125 0.42542435625 0.3533929515625 0.44429255 0.3533929515625 0.461380725 0.3517316015625 0.48274094375 0.3507822578125 0.51086523125 0.35101959374999997 0.48630097968749997 0.349832915625 0.46672077968750003 0.3503075875 0.4503446109375 0.3519689375
8 0.5400575296875 0.35291828125 0.52190134375 0.3486462375 0.5090852124999999 0.345560871875 0.5251053765625 0.3503075875 0.5414815453124999 0.35457963124999997 0.5567897015625001 0.357427659375 0.5711813375 0.360881653125 0.5564336984375 0.35671565312500003 0.5400575296875 0.35291828125
8 0.47918090625 0.39017999531249997 0.47918090625 0.37926255000000003 0.48131692812500004 0.36763309843749997 0.48523296875 0.3590890109375 0.48202893593749996 0.3612250328125 0.47882490312500003 0.375465178125 0.47668888125000003 0.3868572953125 0.47846890000000003 0.3975374046875 0.4781128953125 0.41438824375000005 0.47918090625 0.40252145468749995 0.47918090625 0.39017999531249997
8 0.42400034218749993 0.3645477328125 0.4065561625 0.363598390625 0.39017999531249997 0.360987696875 0.37593985 0.36051302500000004 0.3645477328125 0.362649046875 0.38199191250000003 0.362174375 0.39552005 0.36312371875 0.41332023281249997 0.36478506875 0.4329004328125 0.36620908281250003 0.45176862656249994 0.3673957625 0.44215652812500006 0.3657344125 0.42400034218749993 0.3645477328125
8 0.36632775156249997 0.36810776875 0.34745955781250004 0.37712652812499997 0.3403394859375 0.38305992187500004 0.331795396875 0.39279068906250003 0.3382034625 0.38709463125 0.3456795390625 0.37973722187500003 0.354935634375 0.3742785 0.36632775156249997 0.36810776875
8 0.5500256328125 0.3740411640625 0.53044543125 0.37000645625 0.51264525 0.36549707656249997 0.49448906406250004 0.367870434375 0.5140692640625 0.36668375468750003 0.52795340625 0.371193134375 0.547177603125 0.3742785 0.5692498296874999 0.3778385359375 0.5888300296875 0.384009265625 0.5756578953125 0.3783132078125 0.5500256328125 0.3740411640625
8 0.6091222375 0.39563871875 0.622294371875 0.4060814921875 0.6162423109375 0.3987240828125 0.6091222375 0.3932653609375 0.60057815 0.3878066375 0.5927460703125 0.382347915625 0.6091222375 0.39563871875
8 0.60768698125 0.364919975 0.6073984296875 0.36241920625 0.6007617734374999 0.3583795015625 0.5866228062500001 0.35145429375 0.5958564171875 0.35722529999999997 0.6045129265625 0.36241920625 0.6053785781250001 0.3647276078125 0.6091297328125 0.3687673125 0.6186518921874999 0.378770390625 0.6140350875 0.3718451828125 0.60768698125 0.364919975