0 0.50390625 0.234375 0.48203125 0.234375 0.48203125 0.253125 0.50390625 0.253125 0.50390625 0.234375
0 0.6609375 0.284375 0.6296875 0.284375 0.6296875 0.309375 0.6609375 0.309375 0.6609375 0.284375
0 0.62421875 0.228125 0.55546875 0.228125 0.55546875 0.2484375 0.62421875 0.2484375 0.62421875 0.228125
0 0.64765625 0.25390625 0.60703125 0.25390625 0.60703125 0.28203125 0.64765625 0.28203125 0.64765625 0.25390625
0 0.615625 0.2875 0.5984375 0.2875 0.5984375 0.2984375 0.615625 0.2984375 0.615625 0.2875
0 0.58515625 0.30390625 0.57109375 0.30390625 0.57109375 0.31328125 0.58515625 0.31328125 0.58515625 0.30390625
0 0.55234375 0.25546875 0.52265625 0.25546875 0.52265625 0.28203125 0.55234375 0.28203125 0.55234375 0.25546875
0 0.5015625 0.31328125 0.46875 0.31328125 0.46875 0.32890625 0.5015625 0.32890625 0.5015625 0.31328125
0 0.4375 0.22109375 0.396875 0.22109375 0.396875 0.23828125 0.4375 0.23828125 0.4375 0.22109375
0 0.46875 0.24140625 0.425 0.24140625 0.425 0.26640625 0.46875 0.26640625 0.46875 0.24140625
0 0.3609375 0.259375 0.303125 0.259375 0.303125 0.2953125 0.3609375 0.2953125 0.3609375 0.259375
0 0.38671875 0.1953125 0.35390625 0.1953125 0.35390625 0.234375 0.38671875 0.234375 0.38671875 0.1953125
0 0.43984375 0.171875 0.37734375 0.171875 0.37734375 0.1890625 0.43984375 0.1890625 0.43984375 0.171875
0 0.4109375 0.26484375 0.3640625 0.26484375 0.3640625 0.30703125 0.4109375 0.30703125 0.4109375 0.26484375
0 0.39453125 0.24453125 0.37421875 0.24453125 0.37421875 0.25703125 0.39453125 0.25703125 0.39453125 0.24453125
0 0.5828125 0.1796875 0.5359375 0.1796875 0.5359375 0.221875 0.5828125 0.221875 0.5828125 0.1796875
0 0.68671875 0.228125 0.62578125 0.228125 0.62578125 0.2890625 0.68671875 0.2890625 0.68671875 0.228125
0 0.59296875 0.25625 0.56328125 0.25625 0.56328125 0.2953125 0.59296875 0.2953125 0.59296875 0.25625
0 0.528125 0.29921875 0.5109375 0.29921875 0.5109375 0.31171875 0.528125 0.31171875 0.528125 0.29921875
0 0.50859375 0.25859375 0.48515625 0.25859375 0.48515625 0.30234375 0.50859375 0.30234375 0.50859375 0.25859375
0 0.64296875 0.48125 0.61796875 0.48125 0.61796875 0.4984375 0.64296875 0.4984375 0.64296875 0.48125
0 0.63984375 0.50546875 0.63203125 0.50546875 0.63203125 0.51640625 0.63984375 0.51640625 0.63984375 0.50546875
0 0.58046875 0.47265625 0.57109375 0.47265625 0.57109375 0.48359375 0.58046875 0.48359375 0.58046875 0.47265625
0 0.353125 0.47734375 0.3203125 0.47734375 0.3203125 0.49921875 0.353125 0.49921875 0.353125 0.47734375
0 0.45625 0.37421875 0.4421875 0.37421875 0.4421875 0.38671875 0.45625 0.38671875 0.45625 0.37421875
0 0.43203125 0.315625 0.42109375 0.315625 0.42109375 0.325 0.43203125 0.325 0.43203125 0.315625
0 0.5140625 0.334375 0.471875 0.334375 0.471875 0.3640625 0.5140625 0.3640625 0.5140625 0.334375
0 0.45 0.2703125 0.4078125 0.2703125 0.4078125 0.3 0.45 0.3 0.45 0.2703125
0 0.43671875 0.1953125 0.40859375 0.1953125 0.40859375 0.2171875 0.43671875 0.2171875 0.43671875 0.1953125
0 0.52734375 0.246875 0.49921875 0.246875 0.49921875 0.2609375 0.52734375 0.2609375 0.52734375 0.246875
0 0.3609375 0.29921875 0.3515625 0.29921875 0.3515625 0.31015625 0.3609375 0.31015625 0.3609375 0.29921875