0 0.259375 0.4890625 0.2375 0.4890625 0.2375 0.5046875 0.259375 0.5046875 0.259375 0.4890625
0 0.34453125 0.65546875 0.31171875 0.65546875 0.31171875 0.67734375 0.34453125 0.67734375 0.34453125 0.65546875
0 0.35390625 0.696875 0.32265625 0.696875 0.32265625 0.71875 0.35390625 0.71875 0.35390625 0.696875
0 0.3859375 0.6640625 0.3546875 0.6640625 0.3546875 0.6828125 0.3859375 0.6828125 0.3859375 0.6640625
0 0.33125 0.6046875 0.2765625 0.6046875 0.2765625 0.6234375 0.33125 0.6234375 0.33125 0.6046875
0 0.46171875 0.38984375 0.44453125 0.38984375 0.44453125 0.40390625 0.46171875 0.40390625 0.46171875 0.38984375
0 0.4671875 0.371875 0.45 0.371875 0.45 0.3796875 0.4671875 0.3796875 0.4671875 0.371875
0 0.459375 0.43359375 0.4125 0.43359375 0.4125 0.45859375 0.459375 0.45859375 0.459375 0.43359375
0 0.596875 0.4296875 0.5796875 0.4296875 0.5796875 0.440625 0.596875 0.440625 0.596875 0.4296875
0 0.5703125 0.43125 0.5328125 0.43125 0.5328125 0.4484375 0.5703125 0.4484375 0.5703125 0.43125
0 0.61484375 0.465625 0.58671875 0.465625 0.58671875 0.4953125 0.61484375 0.4953125 0.61484375 0.465625
0 0.51796875 0.40703125 0.50078125 0.40703125 0.50078125 0.41953125 0.51796875 0.41953125 0.51796875 0.40703125
0 0.53828125 0.403125 0.52578125 0.403125 0.52578125 0.4171875 0.53828125 0.4171875 0.53828125 0.403125
0 0.54921875 0.49140625 0.53046875 0.49140625 0.53046875 0.50703125 0.54921875 0.50703125 0.54921875 0.49140625
0 0.5453125 0.54921875 0.5296875 0.54921875 0.5296875 0.56328125 0.5453125 0.56328125 0.5453125 0.54921875
0 0.60078125 0.50078125 0.58046875 0.50078125 0.58046875 0.51171875 0.60078125 0.51171875 0.60078125 0.50078125
0 0.32109375 0.50390625 0.30546875 0.50390625 0.30546875 0.51484375 0.32109375 0.51484375 0.32109375 0.50390625
0 0.3703125 0.38828125 0.3515625 0.38828125 0.3515625 0.39921875 0.3703125 0.39921875 0.3703125 0.38828125
0 0.4359375 0.35546875 0.3953125 0.35546875 0.3953125 0.36328125 0.4359375 0.36328125 0.4359375 0.35546875
0 0.3796875 0.4640625 0.3640625 0.4640625 0.3640625 0.478125 0.3796875 0.478125 0.3796875 0.4640625
0 0.3484375 0.47421875 0.3328125 0.47421875 0.3328125 0.48671875 0.3484375 0.48671875 0.3484375 0.47421875
0 0.43828125 0.6671875 0.41171875 0.6671875 0.41171875 0.6796875 0.43828125 0.6796875 0.43828125 0.6671875
0 0.2625 0.71015625 0.2453125 0.71015625 0.2453125 0.72265625 0.2625 0.72265625 0.2625 0.71015625
0 0.5875 0.63671875 0.54375 0.63671875 0.54375 0.66171875 0.5875 0.66171875 0.5875 0.63671875
0 0.590625 0.61171875 0.5703125 0.61171875 0.5703125 0.63046875 0.590625 0.63046875 0.590625 0.61171875