0 0.4125 0.43046875 0.3875 0.43046875 0.3875 0.45859375 0.4125 0.45859375 0.4125 0.43046875
0 0.44609375 0.4125 0.41015625 0.4125 0.41015625 0.4328125 0.44609375 0.4328125 0.44609375 0.4125
0 0.44296875 0.4515625 0.42734375 0.4515625 0.42734375 0.4640625 0.44296875 0.4640625 0.44296875 0.4515625
0 0.40078125 0.3546875 0.36953125 0.3546875 0.36953125 0.375 0.40078125 0.375 0.40078125 0.3546875
0 0.3921875 0.38671875 0.3765625 0.38671875 0.3765625 0.42578125 0.3921875 0.42578125 0.3921875 0.38671875
0 0.27890625 0.34609375 0.19765625 0.34609375 0.19765625 0.41015625 0.27890625 0.41015625 0.27890625 0.34609375
0 0.14375 0.34375 0.11875 0.34375 0.11875 0.3640625 0.14375 0.3640625 0.14375 0.34375
0 0.1703125 0.328125 0.1375 0.328125 0.1375 0.3375 0.1703125 0.3375 0.1703125 0.328125
0 0.16015625 0.36875 0.14296875 0.36875 0.14296875 0.38125 0.16015625 0.38125 0.16015625 0.36875
0 0.18828125 0.35390625 0.15234375 0.35390625 0.15234375 0.37265625 0.18828125 0.37265625 0.18828125 0.35390625
0 0.18359375 0.3984375 0.15390625 0.3984375 0.15390625 0.4109375 0.18359375 0.4109375 0.18359375 0.3984375
0 0.15 0.4140625 0.1171875 0.4140625 0.1171875 0.4265625 0.15 0.4265625 0.15 0.4140625
0 0.315625 0.43984375 0.2984375 0.43984375 0.2984375 0.44921875 0.315625 0.44921875 0.315625 0.43984375
0 0.340625 0.39140625 0.321875 0.39140625 0.321875 0.39921875 0.340625 0.39921875 0.340625 0.39140625
0 0.3546875 0.37578125 0.3453125 0.37578125 0.3453125 0.38515625 0.3546875 0.38515625 0.3546875 0.37578125
0 0.328125 0.56953125 0.30625 0.56953125 0.30625 0.58515625 0.328125 0.58515625 0.328125 0.56953125
6 0.37265625 0.56484375 0.29921875 0.56484375 0.29921875 0.62421875 0.37265625 0.62421875 0.37265625 0.56484375
0 0.19296875 0.58046875 0.16328125 0.58046875 0.16328125 0.61015625 0.19296875 0.61015625 0.19296875 0.58046875
0 0.109375 0.3984375 0.0859375 0.3984375 0.0859375 0.4125 0.109375 0.4125 0.109375 0.3984375
0 0.10546875 0.35859375 0.08515625 0.35859375 0.08515625 0.39453125 0.10546875 0.39453125 0.10546875 0.35859375
0 0.19140625 0.378125 0.12421875 0.378125 0.12421875 0.3984375 0.19140625 0.3984375 0.19140625 0.378125
0 0.128125 0.32265625 0.096875 0.32265625 0.096875 0.35078125 0.128125 0.35078125 0.128125 0.32265625
0 0.1796875 0.42890625 0.1640625 0.42890625 0.1640625 0.43984375 0.1796875 0.43984375 0.1796875 0.42890625
0 0.13359375 0.44140625 0.11640625 0.44140625 0.11640625 0.45390625 0.13359375 0.45390625 0.13359375 0.44140625
0 0.35078125 0.6890625 0.33515625 0.6890625 0.33515625 0.6984375 0.35078125 0.6984375 0.35078125 0.6890625