0 0.39296875 0.41953125 0.36484375 0.41953125 0.36484375 0.45078125 0.39296875 0.45078125 0.39296875 0.41953125
0 0.384375 0.3765625 0.365625 0.3765625 0.365625 0.3890625 0.384375 0.3890625 0.384375 0.3765625
0 0.42578125 0.4625 0.38984375 0.4625 0.38984375 0.503125 0.42578125 0.503125 0.42578125 0.4625
0 0.4390625 0.53671875 0.4234375 0.53671875 0.4234375 0.55078125 0.4390625 0.55078125 0.4390625 0.53671875
0 0.51796875 0.565625 0.47890625 0.565625 0.47890625 0.609375 0.51796875 0.609375 0.51796875 0.565625
0 0.56796875 0.6015625 0.54140625 0.6015625 0.54140625 0.6140625 0.56796875 0.6140625 0.56796875 0.6015625
0 0.6234375 0.61015625 0.565625 0.61015625 0.565625 0.64140625 0.6234375 0.64140625 0.6234375 0.61015625
0 0.65 0.609375 0.6390625 0.609375 0.6390625 0.621875 0.65 0.621875 0.65 0.609375
0 0.64921875 0.63984375 0.62265625 0.63984375 0.62265625 0.66015625 0.64921875 0.66015625 0.64921875 0.63984375
0 0.7078125 0.61171875 0.6609375 0.61171875 0.6609375 0.63828125 0.7078125 0.63828125 0.7078125 0.61171875
0 0.63671875 0.47109375 0.60703125 0.47109375 0.60703125 0.48671875 0.63671875 0.48671875 0.63671875 0.47109375
0 0.53203125 0.41171875 0.51328125 0.41171875 0.51328125 0.43046875 0.53203125 0.43046875 0.53203125 0.41171875
0 0.70078125 0.2703125 0.67109375 0.2703125 0.67109375 0.2875 0.70078125 0.2875 0.70078125 0.2703125
0 0.68828125 0.203125 0.66796875 0.203125 0.66796875 0.2171875 0.68828125 0.2171875 0.68828125 0.203125
0 0.696875 0.2203125 0.6609375 0.2203125 0.6609375 0.25625 0.696875 0.25625 0.696875 0.2203125
0 0.659375 0.17890625 0.6125 0.17890625 0.6125 0.20390625 0.659375 0.20390625 0.659375 0.17890625
0 0.7109375 0.13125 0.6640625 0.13125 0.6640625 0.1625 0.7109375 0.1625 0.7109375 0.13125
0 0.65546875 0.15 0.62265625 0.15 0.62265625 0.1734375 0.65546875 0.1734375 0.65546875 0.15
0 0.74375 0.171875 0.6953125 0.171875 0.6953125 0.2375 0.74375 0.2375 0.74375 0.171875
6 0.5109375 0.4484375 0.4625 0.4484375 0.4625 0.51875 0.5109375 0.51875 0.5109375 0.4484375
0 0.665625 0.37265625 0.6 0.37265625 0.6 0.39765625 0.665625 0.39765625 0.665625 0.37265625
0 0.58515625 0.5765625 0.53359375 0.5765625 0.53359375 0.5953125 0.58515625 0.5953125 0.58515625 0.5765625
0 0.6921875 0.33125 0.6734375 0.33125 0.6734375 0.365625 0.6921875 0.365625 0.6921875 0.33125
1 0.6171875 0.32578125 0.43125 0.32578125 0.43125 0.38671875 0.6171875 0.38671875 0.6171875 0.32578125
1 0.79765625 0.35 0.70078125 0.35 0.70078125 0.403125 0.79765625 0.403125 0.79765625 0.35