1 0.54921875 0.378125 0.37265625 0.378125 0.37265625 0.4453125 0.54921875 0.4453125 0.54921875 0.378125
1 0.29765625 0.4234375 0.21953125 0.4234375 0.21953125 0.4640625 0.29765625 0.4640625 0.29765625 0.4234375
0 0.565625 0.496875 0.4875 0.496875 0.4875 0.5203125 0.565625 0.5203125 0.565625 0.496875
0 0.5609375 0.421875 0.525 0.421875 0.525 0.440625 0.5609375 0.440625 0.5609375 0.421875
0 0.5984375 0.540625 0.575 0.540625 0.575 0.5671875 0.5984375 0.5671875 0.5984375 0.540625
0 0.565625 0.521875 0.546875 0.521875 0.546875 0.5328125 0.565625 0.5328125 0.565625 0.521875
0 0.56015625 0.58828125 0.52734375 0.58828125 0.52734375 0.62265625 0.56015625 0.62265625 0.56015625 0.58828125
0 0.54296875 0.5296875 0.52265625 0.5296875 0.52265625 0.55 0.54296875 0.55 0.54296875 0.5296875
0 0.45859375 0.6890625 0.42734375 0.6890625 0.42734375 0.7046875 0.45859375 0.7046875 0.45859375 0.6890625
0 0.48046875 0.65390625 0.43515625 0.65390625 0.43515625 0.67890625 0.48046875 0.67890625 0.48046875 0.65390625
0 0.35078125 0.6765625 0.31796875 0.6765625 0.31796875 0.69375 0.35078125 0.69375 0.35078125 0.6765625
0 0.4 0.671875 0.371875 0.671875 0.371875 0.6875 0.4 0.6875 0.4 0.671875
0 0.4359375 0.709375 0.4046875 0.709375 0.4046875 0.7328125 0.4359375 0.7328125 0.4359375 0.709375
0 0.65625 0.42578125 0.6203125 0.42578125 0.6203125 0.54453125 0.65625 0.54453125 0.65625 0.42578125
0 0.3484375 0.2453125 0.3171875 0.2453125 0.3171875 0.2703125 0.3484375 0.2703125 0.3484375 0.2453125
0 0.3046875 0.225 0.2734375 0.225 0.2734375 0.2453125 0.3046875 0.2453125 0.3046875 0.225
0 0.26796875 0.2625 0.23203125 0.2625 0.23203125 0.3140625 0.26796875 0.3140625 0.26796875 0.2625
0 0.31015625 0.2765625 0.27890625 0.2765625 0.27890625 0.3015625 0.31015625 0.3015625 0.31015625 0.2765625
0 0.31875 0.3296875 0.2984375 0.3296875 0.2984375 0.3421875 0.31875 0.3421875 0.31875 0.3296875
0 0.34140625 0.3453125 0.32109375 0.3453125 0.32109375 0.3609375 0.34140625 0.3609375 0.34140625 0.3453125
0 0.28984375 0.3375 0.27421875 0.3375 0.27421875 0.35 0.28984375 0.35 0.28984375 0.3375
0 0.271875 0.3203125 0.24375 0.3203125 0.24375 0.3359375 0.271875 0.3359375 0.271875 0.3203125
0 0.2375 0.50546875 0.209375 0.50546875 0.209375 0.58046875 0.2375 0.58046875 0.2375 0.50546875
0 0.4984375 0.61796875 0.4453125 0.61796875 0.4453125 0.64765625 0.4984375 0.64765625 0.4984375 0.61796875
0 0.5125 0.56328125 0.4859375 0.56328125 0.4859375 0.60078125 0.5125 0.60078125 0.5125 0.56328125