0 0.6390625 0.29375 0.5859375 0.29375 0.5859375 0.35 0.6390625 0.35 0.6390625 0.29375
0 0.69921875 0.325 0.64140625 0.325 0.64140625 0.375 0.69921875 0.375 0.69921875 0.325
0 0.284375 0.26484375 0.2609375 0.26484375 0.2609375 0.27890625 0.284375 0.27890625 0.284375 0.26484375
0 0.24375 0.28125 0.228125 0.28125 0.228125 0.290625 0.24375 0.290625 0.24375 0.28125
0 0.24140625 0.3125 0.22421875 0.3125 0.22421875 0.3515625 0.24140625 0.3515625 0.24140625 0.3125
0 0.334375 0.46171875 0.3 0.46171875 0.3 0.48046875 0.334375 0.48046875 0.334375 0.46171875
6 0.46171875 0.4609375 0.37890625 0.4609375 0.37890625 0.528125 0.46171875 0.528125 0.46171875 0.4609375
0 0.56015625 0.4296875 0.51640625 0.4296875 0.51640625 0.4625 0.56015625 0.4625 0.56015625 0.4296875
0 0.5328125 0.47265625 0.4828125 0.47265625 0.4828125 0.52265625 0.5328125 0.52265625 0.5328125 0.47265625
0 0.57890625 0.4765625 0.53515625 0.4765625 0.53515625 0.5109375 0.57890625 0.5109375 0.57890625 0.4765625
0 0.6703125 0.43828125 0.603125 0.43828125 0.603125 0.47734375 0.6703125 0.47734375 0.6703125 0.43828125
0 0.64921875 0.415625 0.63046875 0.415625 0.63046875 0.4296875 0.64921875 0.4296875 0.64921875 0.415625
0 0.72578125 0.43984375 0.70859375 0.43984375 0.70859375 0.45859375 0.72578125 0.45859375 0.72578125 0.43984375
0 0.740625 0.47890625 0.725 0.47890625 0.725 0.49921875 0.740625 0.49921875 0.740625 0.47890625
0 0.68125 0.49375 0.63125 0.49375 0.63125 0.5328125 0.68125 0.5328125 0.68125 0.49375
0 0.73125 0.5140625 0.703125 0.5140625 0.703125 0.5296875 0.73125 0.5296875 0.73125 0.5140625
0 0.6546875 0.559375 0.590625 0.559375 0.590625 0.5828125 0.6546875 0.5828125 0.6546875 0.559375
0 0.58515625 0.525 0.53671875 0.525 0.53671875 0.55 0.58515625 0.55 0.58515625 0.525
0 0.3203125 0.41328125 0.3046875 0.41328125 0.3046875 0.42421875 0.3203125 0.42421875 0.3203125 0.41328125
0 0.575 0.6984375 0.5578125 0.6984375 0.5578125 0.7125 0.575 0.7125 0.575 0.6984375
0 0.58828125 0.64921875 0.56953125 0.64921875 0.56953125 0.66015625 0.58828125 0.66015625 0.58828125 0.64921875
0 0.5296875 0.6953125 0.5078125 0.6953125 0.5078125 0.70625 0.5296875 0.70625 0.5296875 0.6953125
0 0.484375 0.71640625 0.4578125 0.71640625 0.4578125 0.73203125 0.484375 0.73203125 0.484375 0.71640625
0 0.484375 0.73828125 0.453125 0.73828125 0.453125 0.75859375 0.484375 0.75859375 0.484375 0.73828125
0 0.51640625 0.73203125 0.49453125 0.73203125 0.49453125 0.74453125 0.51640625 0.74453125 0.51640625 0.73203125
0 0.6484375 0.7078125 0.6203125 0.7078125 0.6203125 0.725 0.6484375 0.725 0.6484375 0.7078125
0 0.62578125 0.6296875 0.61796875 0.6296875 0.61796875 0.64375 0.62578125 0.64375 0.62578125 0.6296875
0 0.59921875 0.41484375 0.57265625 0.41484375 0.57265625 0.43046875 0.59921875 0.43046875 0.59921875 0.41484375
0 0.56640625 0.459375 0.53671875 0.459375 0.53671875 0.475 0.56640625 0.475 0.56640625 0.459375
0 0.609375 0.47265625 0.5828125 0.47265625 0.5828125 0.49921875 0.609375 0.49921875 0.609375 0.47265625
0 0.69453125 0.528125 0.67734375 0.528125 0.67734375 0.54375 0.69453125 0.54375 0.69453125 0.528125
0 0.6796875 0.575 0.6515625 0.575 0.6515625 0.5953125 0.6796875 0.5953125 0.6796875 0.575
0 0.46484375 0.58203125 0.41328125 0.58203125 0.41328125 0.59765625 0.46484375 0.59765625 0.46484375 0.58203125
0 0.36484375 0.4546875 0.34453125 0.4546875 0.34453125 0.478125 0.36484375 0.478125 0.36484375 0.4546875
0 0.2828125 0.3953125 0.2671875 0.3953125 0.2671875 0.4078125 0.2828125 0.4078125 0.2828125 0.3953125
0 0.4546875 0.45390625 0.4265625 0.45390625 0.4265625 0.47421875 0.4546875 0.47421875 0.4546875 0.45390625
0 0.5109375 0.55390625 0.4859375 0.55390625 0.4859375 0.56796875 0.5109375 0.56796875 0.5109375 0.55390625
0 0.4796875 0.5203125 0.4640625 0.5203125 0.4640625 0.534375 0.4796875 0.534375 0.4796875 0.5203125
0 0.4765625 0.4796875 0.4578125 0.4796875 0.4578125 0.5 0.4765625 0.5 0.4765625 0.4796875