0 0.415625 0.45703125 0.3734375 0.45703125 0.3734375 0.50234375 0.415625 0.50234375 0.415625 0.45703125
0 0.47734375 0.465625 0.45234375 0.465625 0.45234375 0.515625 0.47734375 0.515625 0.47734375 0.465625
0 0.46953125 0.521875 0.35546875 0.521875 0.35546875 0.5515625 0.46953125 0.5515625 0.46953125 0.521875
0 0.48203125 0.29765625 0.45703125 0.29765625 0.45703125 0.31171875 0.48203125 0.31171875 0.48203125 0.29765625
0 0.434375 0.309375 0.4078125 0.309375 0.4078125 0.325 0.434375 0.325 0.434375 0.309375
0 0.38203125 0.31484375 0.33671875 0.31484375 0.33671875 0.35234375 0.38203125 0.35234375 0.38203125 0.31484375
0 0.69921875 0.33046875 0.68359375 0.33046875 0.68359375 0.36640625 0.69921875 0.36640625 0.69921875 0.33046875
0 0.68359375 0.4625 0.64140625 0.4625 0.64140625 0.50625 0.68359375 0.50625 0.68359375 0.4625
0 0.5828125 0.471875 0.5421875 0.471875 0.5421875 0.4890625 0.5828125 0.4890625 0.5828125 0.471875
0 0.53046875 0.48515625 0.50859375 0.48515625 0.50859375 0.51640625 0.53046875 0.51640625 0.53046875 0.48515625
0 0.50703125 0.5171875 0.46953125 0.5171875 0.46953125 0.540625 0.50703125 0.540625 0.50703125 0.5171875
0 0.42734375 0.62421875 0.39765625 0.62421875 0.39765625 0.66796875 0.42734375 0.66796875 0.42734375 0.62421875
0 0.39375 0.6328125 0.371875 0.6328125 0.371875 0.6484375 0.39375 0.6484375 0.39375 0.6328125
0 0.53046875 0.7296875 0.49921875 0.7296875 0.49921875 0.7484375 0.53046875 0.7484375 0.53046875 0.7296875
0 0.36484375 0.4125 0.33671875 0.4125 0.33671875 0.4359375 0.36484375 0.4359375 0.36484375 0.4125
0 0.3734375 0.35859375 0.35625 0.35859375 0.35625 0.36796875 0.3734375 0.36796875 0.3734375 0.35859375
0 0.403125 0.3390625 0.38125 0.3390625 0.38125 0.3515625 0.403125 0.3515625 0.403125 0.3390625
0 0.33359375 0.346875 0.31796875 0.346875 0.31796875 0.3578125 0.33359375 0.3578125 0.33359375 0.346875
0 0.30546875 0.34765625 0.29140625 0.34765625 0.29140625 0.35859375 0.30546875 0.35859375 0.30546875 0.34765625
0 0.30703125 0.40390625 0.28984375 0.40390625 0.28984375 0.41953125 0.30703125 0.41953125 0.30703125 0.40390625
0 0.37109375 0.4828125 0.34921875 0.4828125 0.34921875 0.5 0.37109375 0.5 0.37109375 0.4828125
0 0.45 0.553125 0.43125 0.553125 0.43125 0.5859375 0.45 0.5859375 0.45 0.553125
0 0.55 0.528125 0.528125 0.528125 0.528125 0.5421875 0.55 0.5421875 0.55 0.528125
0 0.4421875 0.49375 0.3984375 0.49375 0.3984375 0.5125 0.4421875 0.5125 0.4421875 0.49375
0 0.44765625 0.4703125 0.40859375 0.4703125 0.40859375 0.490625 0.44765625 0.490625 0.44765625 0.4703125