0 0.4421875 0.32890625 0.3671875 0.32890625 0.3671875 0.36796875 0.4421875 0.36796875 0.4421875 0.32890625
0 0.75703125 0.27890625 0.71328125 0.27890625 0.71328125 0.32578125 0.75703125 0.32578125 0.75703125 0.27890625
0 0.72578125 0.22265625 0.67890625 0.22265625 0.67890625 0.26796875 0.72578125 0.26796875 0.72578125 0.22265625
0 0.48359375 0.20078125 0.44453125 0.20078125 0.44453125 0.22109375 0.48359375 0.22109375 0.48359375 0.20078125
0 0.46953125 0.2515625 0.43671875 0.2515625 0.43671875 0.275 0.46953125 0.275 0.46953125 0.2515625
0 0.57265625 0.28671875 0.53203125 0.28671875 0.53203125 0.31015625 0.57265625 0.31015625 0.57265625 0.28671875
0 0.4359375 0.30234375 0.4015625 0.30234375 0.4015625 0.32421875 0.4359375 0.32421875 0.4359375 0.30234375
0 0.37890625 0.4125 0.35390625 0.4125 0.35390625 0.4359375 0.37890625 0.4359375 0.37890625 0.4125
0 0.38359375 0.4421875 0.33984375 0.4421875 0.33984375 0.475 0.38359375 0.475 0.38359375 0.4421875
0 0.31796875 0.44296875 0.28203125 0.44296875 0.28203125 0.47421875 0.31796875 0.47421875 0.31796875 0.44296875
6 0.56484375 0.4984375 0.45390625 0.4984375 0.45390625 0.5359375 0.56484375 0.5359375 0.56484375 0.4984375
0 0.5359375 0.53828125 0.5046875 0.53828125 0.5046875 0.56171875 0.5359375 0.56171875 0.5359375 0.53828125
0 0.6171875 0.5265625 0.590625 0.5265625 0.590625 0.559375 0.6171875 0.559375 0.6171875 0.5265625
0 0.45625 0.5265625 0.40625 0.5265625 0.40625 0.553125 0.45625 0.553125 0.45625 0.5265625
0 0.4171875 0.48984375 0.371875 0.48984375 0.371875 0.52421875 0.4171875 0.52421875 0.4171875 0.48984375
0 0.4 0.528125 0.325 0.528125 0.325 0.55625 0.4 0.55625 0.4 0.528125
0 0.48671875 0.5546875 0.39609375 0.5546875 0.39609375 0.5828125 0.48671875 0.5828125 0.48671875 0.5546875
0 0.50390625 0.5921875 0.47109375 0.5921875 0.47109375 0.61875 0.50390625 0.61875 0.50390625 0.5921875
0 0.45390625 0.58125 0.39609375 0.58125 0.39609375 0.6078125 0.45390625 0.6078125 0.45390625 0.58125
0 0.39765625 0.56171875 0.34140625 0.56171875 0.34140625 0.59296875 0.39765625 0.59296875 0.39765625 0.56171875
0 0.5328125 0.6296875 0.4921875 0.6296875 0.4921875 0.6515625 0.5328125 0.6515625 0.5328125 0.6296875
0 0.478125 0.63046875 0.45 0.63046875 0.45 0.65234375 0.478125 0.65234375 0.478125 0.63046875
0 0.44375 0.65390625 0.409375 0.65390625 0.409375 0.67890625 0.44375 0.67890625 0.44375 0.65390625
0 0.428125 0.61484375 0.3984375 0.61484375 0.3984375 0.64140625 0.428125 0.64140625 0.428125 0.61484375
0 0.35 0.63125 0.3265625 0.63125 0.3265625 0.6515625 0.35 0.6515625 0.35 0.63125
0 0.34140625 0.4609375 0.31640625 0.4609375 0.31640625 0.496875 0.34140625 0.496875 0.34140625 0.4609375
0 0.58203125 0.7109375 0.53203125 0.7109375 0.53203125 0.7359375 0.58203125 0.7359375 0.58203125 0.7109375
0 0.61953125 0.6828125 0.57109375 0.6828125 0.57109375 0.70625 0.61953125 0.70625 0.61953125 0.6828125
0 0.5296875 0.6828125 0.4921875 0.6828125 0.4921875 0.7046875 0.5296875 0.7046875 0.5296875 0.6828125
0 0.7015625 0.7109375 0.6765625 0.7109375 0.6765625 0.7265625 0.7015625 0.7265625 0.7015625 0.7109375
0 0.75234375 0.35078125 0.71328125 0.35078125 0.71328125 0.37734375 0.75234375 0.37734375 0.75234375 0.35078125
0 0.7765625 0.33203125 0.753125 0.33203125 0.753125 0.36328125 0.7765625 0.36328125 0.7765625 0.33203125
0 0.4796875 0.29140625 0.45625 0.29140625 0.45625 0.30390625 0.4796875 0.30390625 0.4796875 0.29140625
0 0.54765625 0.1859375 0.52265625 0.1859375 0.52265625 0.2 0.54765625 0.2 0.54765625 0.1859375
0 0.5109375 0.1859375 0.49375 0.1859375 0.49375 0.1984375 0.5109375 0.1984375 0.5109375 0.1859375
0 0.66171875 0.275 0.62578125 0.275 0.62578125 0.284375 0.66171875 0.284375 0.66171875 0.275
0 0.65234375 0.209375 0.63984375 0.209375 0.63984375 0.2234375 0.65234375 0.2234375 0.65234375 0.209375