8 0.48308270625 0.20501253125000002 0.4888955140625 0.20409299062500003 0.472556390625 0.20551378437499998 0.4571428578125 0.210526315625 0.48308270625 0.20501253125000002
8 0.5206766921875 0.2 0.5052631578125 0.20150375937499998 0.5240601500000001 0.20150375937499998 0.5383458640625001 0.206516290625 0.553383459375 0.217543859375 0.5368421046875 0.204010025 0.5206766921875 0.2
8 0.3248120296875 0.20501253125000002 0.3342105265625 0.20100250625 0.343609021875 0.20050125312499997 0.354511278125 0.20300751875 0.3687969921875 0.207518796875 0.380451128125 0.212030075 0.3921052625 0.21704260625 0.381578946875 0.211528821875 0.3706766921875 0.2060150375 0.354511278125 0.202506265625 0.344360903125 0.199498746875 0.3338345859375 0.2 0.3199248125 0.206516290625 0.306390978125 0.213533834375 0.3248120296875 0.20501253125000002
8 0.363909775 0.172431078125 0.355639096875 0.172431078125 0.3413533828125 0.170426065625 0.31954887187500003 0.1739348375 0.3067669171875 0.17994987499999998 0.32105263125 0.17543859687500002 0.33909774375 0.17293233125000002 0.3496240609375 0.17543859687500002 0.363909775 0.172431078125
8 0.45300751874999995 0.1859649125 0.43721804531249997 0.188471178125 0.424436090625 0.187969925 0.4142857140625 0.18496240625 0.4003759390625 0.183458646875 0.3868421046875 0.17994987499999998 0.3687969921875 0.17543859687500002 0.3571428578125 0.177443609375 0.374436090625 0.17844611562499998 0.39511278125 0.18245614062499999 0.41315789531249997 0.1859649125 0.43007518749999996 0.189473684375 0.44511278125000003 0.18897243125000002 0.4672932328125 0.184461153125 0.45300751874999995 0.1859649125
8 0.5503759390625 0.190476190625 0.55488721875 0.198496240625 0.554511278125 0.192481203125 0.548496240625 0.18496240625 0.5338345859375 0.17694235625000002 0.521428571875 0.17493734375 0.5090225562499999 0.17593985 0.495488721875 0.17543859687500002 0.480451128125 0.17844611562499998 0.46315789531249996 0.17994987499999998 0.4492481203125 0.183458646875 0.46315789531249996 0.18095238125 0.4796992484375 0.17894736875 0.49360902187500005 0.177443609375 0.5071428578125 0.17694235625000002 0.52593985 0.177443609375 0.5402255640625 0.181453634375 0.5503759390625 0.190476190625
8 0.3601503765625 0.157393484375 0.3492481203125 0.15588972343750002 0.36090225625 0.15839598906250002 0.371428571875 0.160401003125 0.3601503765625 0.157393484375
8 0.45639097812499996 0.16491228125 0.44398496249999997 0.1659147875 0.43421052656250003 0.164411028125 0.4203007515625 0.16190476250000002 0.409398496875 0.15889724375 0.3981203015625 0.155388471875 0.415413534375 0.162406015625 0.4296992484375 0.16491228125 0.446616540625 0.1679198 0.46428571406249997 0.16641604062499998 0.481578946875 0.16641604062499998 0.46654135312499995 0.1659147875 0.45639097812499996 0.16491228125
8 0.403383459375 0.1463659140625 0.387593984375 0.1483709265625 0.3827067671875 0.15037594062499998 0.3988721796875 0.1483709265625 0.40789473750000005 0.1488721796875 0.4176691734375 0.1518797 0.403383459375 0.1463659140625
8 0.3932330828125 0.14385964843750002 0.377443609375 0.1393483703125 0.362406015625 0.1388471171875 0.343609021875 0.1408521296875 0.333458646875 0.14335839687500002 0.34699248125 0.14235588906250002 0.363909775 0.1408521296875 0.380451128125 0.1403508765625 0.3932330828125 0.14385964843750002
8 0.460526315625 0.14536340781249998 0.44849624062500004 0.14486215468750002 0.43496240625000004 0.1463659140625 0.42255639062499994 0.1463659140625 0.44436090312500004 0.1473684203125 0.460526315625 0.14536340781249998
8 0.543609021875 0.1518797 0.5372180453125 0.1478696734375 0.524436090625 0.14536340781249998 0.5071428578125 0.14235588906250002 0.49088382499999994 0.14042889375 0.5030075187499999 0.1443609015625 0.5199248125 0.1463659140625 0.5368421046875 0.1478696734375 0.5451127812500001 0.1538847125 0.5582706765625 0.16290726875 0.543609021875 0.1518797