0 0.6890625 0.54921875 0.640625 0.54921875 0.640625 0.61328125 0.6890625 0.61328125 0.6890625 0.54921875
0 0.3640625 0.56015625 0.3171875 0.56015625 0.3171875 0.62109375 0.3640625 0.62109375 0.3640625 0.56015625
0 0.5375 0.571875 0.4890625 0.571875 0.4890625 0.6328125 0.5375 0.6328125 0.5375 0.571875
0 0.44375 0.58671875 0.4046875 0.58671875 0.4046875 0.63984375 0.44375 0.63984375 0.44375 0.58671875
0 0.71796875 0.61328125 0.67890625 0.61328125 0.67890625 0.66328125 0.71796875 0.66328125 0.71796875 0.61328125
0 0.7828125 0.78828125 0.7421875 0.78828125 0.7421875 0.85234375 0.7828125 0.85234375 0.7828125 0.78828125
0 0.37578125 0.0609375 0.32734375 0.0609375 0.32734375 0.1140625 0.37578125 0.1140625 0.37578125 0.0609375
0 0.7828125 0.88984375 0.7421875 0.88984375 0.7421875 0.95078125 0.7828125 0.95078125 0.7828125 0.88984375
0 0.41171875 0.1171875 0.35703125 0.1171875 0.35703125 0.19375 0.41171875 0.19375 0.41171875 0.1171875
0 0.36875 0.159375 0.30625 0.159375 0.30625 0.23125 0.36875 0.23125 0.36875 0.159375
0 0.4625 0.25390625 0.4140625 0.25390625 0.4140625 0.32578125 0.4625 0.32578125 0.4625 0.25390625
0 0.52109375 0.2953125 0.48203125 0.2953125 0.48203125 0.3484375 0.52109375 0.3484375 0.52109375 0.2953125
0 0.45546875 0.30625 0.42421875 0.30625 0.42421875 0.35625 0.45546875 0.35625 0.45546875 0.30625
0 0.4078125 0.30703125 0.3734375 0.30703125 0.3734375 0.36015625 0.4078125 0.36015625 0.4078125 0.30703125
0 0.3015625 0.32578125 0.253125 0.32578125 0.253125 0.37890625 0.3015625 0.37890625 0.3015625 0.32578125
0 0.64375 0.3296875 0.6046875 0.3296875 0.6046875 0.390625 0.64375 0.390625 0.64375 0.3296875
0 0.36640625 0.33359375 0.31796875 0.33359375 0.31796875 0.39765625 0.36640625 0.39765625 0.36640625 0.33359375
0 0.696875 0.39375 0.6484375 0.39375 0.6484375 0.465625 0.696875 0.465625 0.696875 0.39375
0 0.434375 0.42421875 0.3875 0.42421875 0.3875 0.47734375 0.434375 0.47734375 0.434375 0.42421875
0 0.61953125 0.43203125 0.57109375 0.43203125 0.57109375 0.49609375 0.61953125 0.49609375 0.61953125 0.43203125
0 0.63125 0.50390625 0.590625 0.50390625 0.590625 0.56484375 0.63125 0.56484375 0.63125 0.50390625