0 0.54296875 0.5453125 0.46640625 0.5453125 0.46640625 0.609375 0.54296875 0.609375 0.54296875 0.5453125
0 0.9953125 0.55703125 0.96875 0.55703125 0.96875 0.61640625 0.9953125 0.61640625 0.9953125 0.55703125
0 0.75546875 0.5640625 0.72109375 0.5640625 0.72109375 0.6359375 0.75546875 0.6359375 0.75546875 0.5640625
0 0.79609375 0.57109375 0.76171875 0.57109375 0.76171875 0.62421875 0.79609375 0.62421875 0.79609375 0.57109375
0 0.65625 0.6171875 0.6078125 0.6171875 0.6078125 0.66875 0.65625 0.66875 0.65625 0.6171875
0 0.4953125 0.61640625 0.4328125 0.61640625 0.4328125 0.69140625 0.4953125 0.69140625 0.4953125 0.61640625
0 0.62265625 0.628125 0.58203125 0.628125 0.58203125 0.6875 0.62265625 0.6875 0.62265625 0.628125
0 0.42265625 0.69609375 0.36796875 0.69609375 0.36796875 0.76640625 0.42265625 0.76640625 0.42265625 0.69609375
0 0.8390625 0.70390625 0.8 0.70390625 0.8 0.77421875 0.8390625 0.77421875 0.8390625 0.70390625
0 0.6390625 0.725 0.571875 0.725 0.571875 0.775 0.6390625 0.775 0.6390625 0.725
0 0.81953125 0.8453125 0.77109375 0.8453125 0.77109375 0.8953125 0.81953125 0.8953125 0.81953125 0.8453125
0 0.83203125 0.05703125 0.77890625 0.05703125 0.77890625 0.12734375 0.83203125 0.12734375 0.83203125 0.05703125
0 0.79609375 0.1203125 0.74296875 0.1203125 0.74296875 0.203125 0.79609375 0.203125 0.79609375 0.1203125
0 0.83125 0.2109375 0.7859375 0.2109375 0.7859375 0.2859375 0.83125 0.2859375 0.83125 0.2109375
0 0.83671875 0.278125 0.79609375 0.278125 0.79609375 0.353125 0.83671875 0.353125 0.83671875 0.278125
0 0.72890625 0.31953125 0.68046875 0.31953125 0.68046875 0.38359375 0.72890625 0.38359375 0.72890625 0.31953125
0 0.553125 0.315625 0.51875 0.315625 0.51875 0.390625 0.553125 0.390625 0.553125 0.315625
0 0.52890625 0.371875 0.48046875 0.371875 0.48046875 0.425 0.52890625 0.425 0.52890625 0.371875
0 0.72421875 0.3875 0.68515625 0.3875 0.68515625 0.4515625 0.72421875 0.4515625 0.72421875 0.3875
0 0.78828125 0.37265625 0.73515625 0.37265625 0.73515625 0.46640625 0.78828125 0.46640625 0.78828125 0.37265625
0 0.85546875 0.390625 0.79609375 0.390625 0.79609375 0.4546875 0.85546875 0.4546875 0.85546875 0.390625
0 0.4953125 0.4171875 0.45 0.4171875 0.45 0.4703125 0.4953125 0.4703125 0.4953125 0.4171875
0 0.94296875 0.4015625 0.88203125 0.4015625 0.88203125 0.4890625 0.94296875 0.4890625 0.94296875 0.4015625
0 0.88203125 0.43984375 0.85078125 0.43984375 0.85078125 0.53828125 0.88203125 0.53828125 0.88203125 0.43984375
0 0.7546875 0.5109375 0.709375 0.5109375 0.709375 0.575 0.7546875 0.575 0.7546875 0.5109375
0 0.396875 0.51484375 0.3625 0.51484375 0.3625 0.57890625 0.396875 0.57890625 0.396875 0.51484375