0 0.5984375 0.27109375 0.553125 0.27109375 0.553125 0.36484375 0.5984375 0.36484375 0.5984375 0.27109375
0 0.56484375 0.28828125 0.51953125 0.28828125 0.51953125 0.35390625 0.56484375 0.35390625 0.56484375 0.28828125
0 0.72421875 0.29609375 0.65859375 0.29609375 0.65859375 0.37890625 0.72421875 0.37890625 0.72421875 0.29609375
0 0.5125 0.371875 0.446875 0.371875 0.446875 0.440625 0.5125 0.440625 0.5125 0.371875
0 0.4953125 0.44765625 0.45 0.44765625 0.45 0.50234375 0.4953125 0.50234375 0.4953125 0.44765625
0 0.45 0.440625 0.3890625 0.440625 0.3890625 0.5125 0.45 0.5125 0.45 0.440625
0 0.31484375 0.49140625 0.28203125 0.49140625 0.28203125 0.53046875 0.31484375 0.53046875 0.31484375 0.49140625
0 0.37734375 0.5015625 0.33203125 0.5015625 0.33203125 0.55625 0.37734375 0.55625 0.37734375 0.5015625
0 0.58671875 0.5484375 0.53046875 0.5484375 0.53046875 0.6109375 0.58671875 0.6109375 0.58671875 0.5484375
0 0.35078125 0.55234375 0.31015625 0.55234375 0.31015625 0.61015625 0.35078125 0.61015625 0.35078125 0.55234375
0 0.365625 0.60234375 0.3171875 0.60234375 0.3171875 0.66796875 0.365625 0.66796875 0.365625 0.60234375
0 0.5890625 0.61015625 0.5234375 0.61015625 0.5234375 0.70390625 0.5890625 0.70390625 0.5890625 0.61015625
0 0.51953125 0.6421875 0.47578125 0.6421875 0.47578125 0.7 0.51953125 0.7 0.51953125 0.6421875
0 0.178125 0.6421875 0.1171875 0.6421875 0.1171875 0.7328125 0.178125 0.7328125 0.178125 0.6421875
0 0.259375 0.0359375 0.20625 0.0359375 0.20625 0.1015625 0.259375 0.1015625 0.259375 0.0359375
0 0.48828125 0.7109375 0.44453125 0.7109375 0.44453125 0.7625 0.48828125 0.7625 0.48828125 0.7109375
0 0.26953125 0.7140625 0.22578125 0.7140625 0.22578125 0.7765625 0.26953125 0.7765625 0.26953125 0.7140625
0 0.43046875 0.72890625 0.34140625 0.72890625 0.34140625 0.83046875 0.43046875 0.83046875 0.43046875 0.72890625
0 0.41796875 0.83359375 0.38203125 0.83359375 0.38203125 0.88515625 0.41796875 0.88515625 0.41796875 0.83359375
0 0.0984375 0.91328125 0.0546875 0.91328125 0.0546875 0.98203125 0.0984375 0.98203125 0.0984375 0.91328125
0 0.04609375 0.93125 0.01640625 0.93125 0.01640625 0.975 0.04609375 0.975 0.04609375 0.93125
0 0.2859375 0.11171875 0.228125 0.11171875 0.228125 0.19140625 0.2859375 0.19140625 0.2859375 0.11171875
0 0.45234375 0.14453125 0.36953125 0.14453125 0.36953125 0.22734375 0.45234375 0.22734375 0.45234375 0.14453125
0 0.67109375 0.20859375 0.60546875 0.20859375 0.60546875 0.30703125 0.67109375 0.30703125 0.67109375 0.20859375
0 0.40859375 0.2234375 0.35546875 0.2234375 0.35546875 0.3 0.40859375 0.3 0.40859375 0.2234375
0 0.503125 0.2421875 0.4421875 0.2421875 0.4421875 0.325 0.503125 0.325 0.503125 0.2421875
0 0.5 0.25234375 0.4546875 0.25234375 0.4546875 0.31484375 0.5 0.31484375 0.5 0.25234375
0 0.2140625 0.26015625 0.15625 0.26015625 0.15625 0.33203125 0.2140625 0.33203125 0.2140625 0.26015625