0 0.55546875 0.371875 0.48984375 0.371875 0.48984375 0.440625 0.55546875 0.440625 0.55546875 0.371875
0 0.55234375 0.44765625 0.50703125 0.44765625 0.50703125 0.50234375 0.55234375 0.50234375 0.55234375 0.44765625
0 0.6125 0.440625 0.553125 0.440625 0.553125 0.5125 0.6125 0.5125 0.6125 0.440625
0 0.71875 0.49140625 0.684375 0.49140625 0.684375 0.53046875 0.71875 0.53046875 0.71875 0.49140625
0 0.6703125 0.5015625 0.625 0.5015625 0.625 0.55625 0.6703125 0.55625 0.6703125 0.5015625
0 0.471875 0.54453125 0.415625 0.54453125 0.415625 0.60703125 0.471875 0.60703125 0.471875 0.54453125
0 0.6921875 0.5484375 0.6515625 0.5484375 0.6515625 0.60625 0.6921875 0.60625 0.6921875 0.5484375
0 0.6828125 0.59921875 0.634375 0.59921875 0.634375 0.66484375 0.6828125 0.66484375 0.6828125 0.59921875
0 0.47890625 0.60625 0.41328125 0.60625 0.41328125 0.7 0.47890625 0.7 0.47890625 0.60625
0 0.52421875 0.6390625 0.48046875 0.6390625 0.48046875 0.696875 0.52421875 0.696875 0.52421875 0.6390625
0 0.88515625 0.6390625 0.82421875 0.6390625 0.82421875 0.7296875 0.88515625 0.7296875 0.88515625 0.6390625
0 0.79375 0.0359375 0.740625 0.0359375 0.740625 0.1015625 0.79375 0.1015625 0.79375 0.0359375
0 0.55546875 0.70703125 0.51171875 0.70703125 0.51171875 0.75859375 0.55546875 0.75859375 0.55546875 0.70703125
2 0.76953125 0.72421875 0.73046875 0.72421875 0.73046875 0.77265625 0.76953125 0.77265625 0.76953125 0.72421875
0 0.6609375 0.72578125 0.571875 0.72578125 0.571875 0.82734375 0.6609375 0.82734375 0.6609375 0.72578125
0 0.6421875 0.79375 0.615625 0.79375 0.615625 0.8234375 0.6421875 0.8234375 0.6421875 0.79375
0 0.6203125 0.8296875 0.584375 0.8296875 0.584375 0.88125 0.6203125 0.88125 0.6203125 0.8296875
0 0.9453125 0.909375 0.9015625 0.909375 0.9015625 0.978125 0.9453125 0.978125 0.9453125 0.909375
0 0.98359375 0.92734375 0.95390625 0.92734375 0.95390625 0.97109375 0.98359375 0.97109375 0.98359375 0.92734375
0 0.771875 0.11171875 0.7140625 0.11171875 0.7140625 0.19140625 0.771875 0.19140625 0.771875 0.11171875
0 0.63046875 0.14453125 0.54765625 0.14453125 0.54765625 0.22734375 0.63046875 0.22734375 0.63046875 0.14453125
0 0.396875 0.20859375 0.33125 0.20859375 0.33125 0.30703125 0.396875 0.30703125 0.396875 0.20859375
0 0.64453125 0.2234375 0.59140625 0.2234375 0.59140625 0.3 0.64453125 0.3 0.64453125 0.2234375
0 0.54765625 0.25234375 0.50234375 0.25234375 0.50234375 0.31484375 0.54765625 0.31484375 0.54765625 0.25234375
0 0.559375 0.2421875 0.5 0.2421875 0.5 0.325 0.559375 0.325 0.559375 0.2421875
0 0.84375 0.26015625 0.7859375 0.26015625 0.7859375 0.33203125 0.84375 0.33203125 0.84375 0.26015625
0 0.83203125 0.28515625 0.80703125 0.28515625 0.80703125 0.31015625 0.83203125 0.31015625 0.83203125 0.28515625
0 0.44921875 0.27109375 0.40390625 0.27109375 0.40390625 0.36484375 0.44921875 0.36484375 0.44921875 0.27109375
0 0.4828125 0.28828125 0.4375 0.28828125 0.4375 0.35390625 0.4828125 0.35390625 0.4828125 0.28828125
0 0.34296875 0.29609375 0.27890625 0.29609375 0.27890625 0.37890625 0.34296875 0.37890625 0.34296875 0.29609375