0 0.49921875 0.078125 0.37421875 0.078125 0.37421875 0.1625 0.49921875 0.1625 0.49921875 0.078125
0 0.56796875 0.2515625 0.45546875 0.2515625 0.45546875 0.3234375 0.56796875 0.3234375 0.56796875 0.2515625
0 0.7328125 0.2453125 0.6140625 0.2453125 0.6140625 0.321875 0.7328125 0.321875 0.7328125 0.2453125
0 0.9640625 0.25625 0.8234375 0.25625 0.8234375 0.3296875 0.9640625 0.3296875 0.9640625 0.25625
0 1 0.15078125 0.896875 0.15078125 0.896875 0.22734375 1 0.22734375 1 0.15078125
0 0.8671875 0.40390625 0.6953125 0.40390625 0.6953125 0.48515625 0.8671875 0.48515625 0.8671875 0.40390625
0 0.59921875 0.36171875 0.49765625 0.36171875 0.49765625 0.43671875 0.59921875 0.43671875 0.59921875 0.36171875
0 0.81015625 0.484375 0.69453125 0.484375 0.69453125 0.5328125 0.81015625 0.5328125 0.81015625 0.484375
0 0.97265625 0.48359375 0.81484375 0.48359375 0.81484375 0.58671875 0.97265625 0.58671875 0.97265625 0.48359375
0 1 0.328125 0.9125 0.328125 0.9125 0.478125 1 0.478125 1 0.328125
0 0.93515625 0.36484375 0.84921875 0.36484375 0.84921875 0.44765625 0.93515625 0.44765625 0.93515625 0.36484375
0 0.79609375 0.6734375 0.65703125 0.6734375 0.65703125 0.7390625 0.79609375 0.7390625 0.79609375 0.6734375
0 0.8328125 0.57890625 0.7421875 0.57890625 0.7421875 0.63828125 0.8328125 0.63828125 0.8328125 0.57890625
0 1 0.5953125 0.8703125 0.5953125 0.8703125 0.6515625 1 0.6515625 1 0.5953125
0 0.7359375 0.60625 0.6734375 0.60625 0.6734375 0.6546875 0.7359375 0.6546875 0.7359375 0.60625
0 0.4765625 0.46171875 0.3828125 0.46171875 0.3828125 0.52421875 0.4765625 0.52421875 0.4765625 0.46171875