0 0.709375 0.5359375 0.634375 0.5359375 0.634375 0.6046875 0.709375 0.6046875 0.709375 0.5359375
0 0.465625 0.89375 0.40625 0.89375 0.40625 0.99375 0.465625 0.99375 0.465625 0.89375
0 0.76953125 0.71484375 0.71796875 0.71484375 0.71796875 0.78203125 0.76953125 0.78203125 0.76953125 0.71484375
0 0.58828125 0.653125 0.49140625 0.653125 0.49140625 0.7359375 0.58828125 0.7359375 0.58828125 0.653125
0 0.71015625 0.75390625 0.62734375 0.75390625 0.62734375 0.84140625 0.71015625 0.84140625 0.71015625 0.75390625
0 0.778125 0.80703125 0.746875 0.80703125 0.746875 0.83203125 0.778125 0.83203125 0.778125 0.80703125
0 0.87734375 0.65078125 0.82421875 0.65078125 0.82421875 0.75390625 0.87734375 0.75390625 0.87734375 0.65078125
0 0.93828125 0.75703125 0.81015625 0.75703125 0.81015625 0.91015625 0.93828125 0.91015625 0.93828125 0.75703125
0 0.8546875 0.609375 0.69375 0.609375 0.69375 0.746875 0.8546875 0.746875 0.8546875 0.609375
0 0.6296875 0.75859375 0.4375 0.75859375 0.4375 0.87421875 0.6296875 0.87421875 0.6296875 0.75859375
0 0.7078125 0.5890625 0.5671875 0.5890625 0.5671875 0.7375 0.7078125 0.7375 0.7078125 0.5890625