0 0.33984375 0.6125 0.24453125 0.6125 0.24453125 0.7421875 0.33984375 0.7421875 0.33984375 0.6125
0 0.6609375 0.234375 0.5828125 0.234375 0.5828125 0.328125 0.6609375 0.328125 0.6609375 0.234375
0 0.56953125 0.35234375 0.42578125 0.35234375 0.42578125 0.49296875 0.56953125 0.49296875 0.56953125 0.35234375
0 0.9328125 0.22890625 0.8640625 0.22890625 0.8640625 0.32109375 0.9328125 0.32109375 0.9328125 0.22890625
0 0.5171875 0.64296875 0.3984375 0.64296875 0.3984375 0.78828125 0.5171875 0.78828125 0.5171875 0.64296875
0 0.35390625 0.4109375 0.21796875 0.4109375 0.21796875 0.534375 0.35390625 0.534375 0.35390625 0.4109375
0 0.79296875 0.2484375 0.67578125 0.2484375 0.67578125 0.3546875 0.79296875 0.3546875 0.79296875 0.2484375
0 0.84296875 0.6578125 0.68671875 0.6578125 0.68671875 0.771875 0.84296875 0.771875 0.84296875 0.6578125
0 0.6078125 0.4703125 0.375 0.4703125 0.375 0.59375 0.6078125 0.59375 0.6078125 0.4703125
0 0.5046875 0.765625 0.296875 0.765625 0.296875 0.9734375 0.5046875 0.9734375 0.5046875 0.765625
0 0.75234375 0.64296875 0.52265625 0.64296875 0.52265625 0.93828125 0.75234375 0.93828125 0.75234375 0.64296875
0 0.98984375 0.328125 0.91484375 0.328125 0.91484375 0.4140625 0.98984375 0.4140625 0.98984375 0.328125
0 0.66796875 0.359375 0.56171875 0.359375 0.56171875 0.4734375 0.66796875 0.4734375 0.66796875 0.359375