0 0.2390625 0.26875 0.1390625 0.26875 0.1390625 0.3359375 0.2390625 0.3359375 0.2390625 0.26875
0 0.303125 0.35703125 0.1953125 0.35703125 0.1953125 0.41484375 0.303125 0.41484375 0.303125 0.35703125
0 0.3140625 0.39375 0.1171875 0.39375 0.1171875 0.46875 0.3140625 0.46875 0.3140625 0.39375
0 0.42421875 0.4703125 0.20234375 0.4703125 0.20234375 0.5453125 0.42421875 0.5453125 0.42421875 0.4703125
0 0.31015625 0.503125 0.17109375 0.503125 0.17109375 0.5890625 0.31015625 0.5890625 0.31015625 0.503125
0 0.70546875 0.5203125 0.61171875 0.5203125 0.61171875 0.5984375 0.70546875 0.5984375 0.70546875 0.5203125
0 0.3421875 0.57421875 0.25625 0.57421875 0.25625 0.63828125 0.3421875 0.63828125 0.3421875 0.57421875
0 0.65546875 0.60390625 0.45859375 0.60390625 0.45859375 0.70078125 0.65546875 0.70078125 0.65546875 0.60390625
0 0.76171875 0.70234375 0.64453125 0.70234375 0.64453125 0.78359375 0.76171875 0.78359375 0.76171875 0.70234375
0 0.7078125 0.61875 0.5984375 0.61875 0.5984375 0.6828125 0.7078125 0.6828125 0.7078125 0.61875
0 0.65546875 0.7 0.50234375 0.7 0.50234375 0.7890625 0.65546875 0.7890625 0.65546875 0.7
0 0.7125 0.8234375 0.590625 0.8234375 0.590625 0.9078125 0.7125 0.9078125 0.7125 0.8234375