0 0.29140625 0.22734375 0.22734375 0.22734375 0.22734375 0.35859375 0.29140625 0.35859375 0.29140625 0.22734375
0 0.65390625 0.4609375 0.56328125 0.4609375 0.56328125 0.6265625 0.65390625 0.6265625 0.65390625 0.4609375
0 0.78515625 0.47734375 0.68671875 0.47734375 0.68671875 0.56953125 0.78515625 0.56953125 0.78515625 0.47734375
0 0.4953125 0.34609375 0.4171875 0.34609375 0.4171875 0.46796875 0.4953125 0.46796875 0.4953125 0.34609375
0 0.1921875 0.21484375 0.1296875 0.21484375 0.1296875 0.27734375 0.1921875 0.27734375 0.1921875 0.21484375
0 0.3375 0.0953125 0.284375 0.0953125 0.284375 0.2078125 0.3375 0.2078125 0.3375 0.0953125
0 0.8 0.69140625 0.7265625 0.69140625 0.7265625 0.79765625 0.8 0.79765625 0.8 0.69140625
0 0.9 0.528125 0.8296875 0.528125 0.8296875 0.6265625 0.9 0.6265625 0.9 0.528125
0 0.63984375 0.17890625 0.56796875 0.17890625 0.56796875 0.28515625 0.63984375 0.28515625 0.63984375 0.17890625
0 0.56171875 0.315625 0.51015625 0.315625 0.51015625 0.5453125 0.56171875 0.5453125 0.56171875 0.315625
0 0.71796875 0.6109375 0.64921875 0.6109375 0.64921875 0.79375 0.71796875 0.79375 0.71796875 0.6109375
0 0.646875 0.2890625 0.6 0.2890625 0.6 0.4359375 0.646875 0.4359375 0.646875 0.2890625
0 0.28359375 0.42421875 0.20859375 0.42421875 0.20859375 0.52890625 0.28359375 0.52890625 0.28359375 0.42421875
0 0.85625 0.265625 0.6984375 0.265625 0.6984375 0.35625 0.85625 0.35625 0.85625 0.265625