0 0.88125 0.17421875 0.784375 0.17421875 0.784375 0.21171875 0.88125 0.21171875 0.88125 0.17421875
0 0.70390625 0.19296875 0.57109375 0.19296875 0.57109375 0.27578125 0.70390625 0.27578125 0.70390625 0.19296875
0 0.53828125 0.321875 0.45546875 0.321875 0.45546875 0.4078125 0.53828125 0.4078125 0.53828125 0.321875
0 0.60859375 0.4265625 0.46015625 0.4265625 0.46015625 0.525 0.60859375 0.525 0.60859375 0.4265625
0 0.5546875 0.4984375 0.3875 0.4984375 0.3875 0.603125 0.5546875 0.603125 0.5546875 0.4984375
0 0.578125 0.61640625 0.453125 0.61640625 0.453125 0.67265625 0.578125 0.67265625 0.578125 0.61640625
0 0.68359375 0.5203125 0.55078125 0.5203125 0.55078125 0.5875 0.68359375 0.5875 0.68359375 0.5203125
0 0.765625 0.6203125 0.61875 0.6203125 0.61875 0.675 0.765625 0.675 0.765625 0.6203125
0 0.7640625 0.66484375 0.5734375 0.66484375 0.5734375 0.73203125 0.7640625 0.73203125 0.7640625 0.66484375
0 0.83984375 0.55859375 0.71953125 0.55859375 0.71953125 0.60234375 0.83984375 0.60234375 0.83984375 0.55859375
0 0.875 0.69765625 0.7890625 0.69765625 0.7890625 0.74453125 0.875 0.74453125 0.875 0.69765625
0 0.48984375 0.6109375 0.36015625 0.6109375 0.36015625 0.6609375 0.48984375 0.6609375 0.48984375 0.6109375