0 0.86640625 0.1359375 0.74921875 0.1359375 0.74921875 0.240625 0.86640625 0.240625 0.86640625 0.1359375
0 0.20859375 0.4234375 0.10078125 0.4234375 0.10078125 0.5828125 0.20859375 0.5828125 0.20859375 0.4234375
0 0.58515625 0.33203125 0.46796875 0.33203125 0.46796875 0.50546875 0.58515625 0.50546875 0.58515625 0.33203125
0 0.68984375 0.2515625 0.55390625 0.2515625 0.55390625 0.3765625 0.68984375 0.3765625 0.68984375 0.2515625
0 0.6296875 0.50234375 0.5328125 0.50234375 0.5328125 0.61640625 0.6296875 0.61640625 0.6296875 0.50234375
0 0.49453125 0.55390625 0.34453125 0.55390625 0.34453125 0.75078125 0.49453125 0.75078125 0.49453125 0.55390625
0 0.5109375 0.7734375 0.3796875 0.7734375 0.3796875 0.93125 0.5109375 0.93125 0.5109375 0.7734375
0 0.403125 1 0.403125 0.8359375 0.296875 0.8359375 0.296875 1 0.403125 1
0 0.7046875 0.54140625 0.640625 0.54140625 0.640625 0.63828125 0.7046875 0.63828125 0.7046875 0.54140625
0 1 0.753125 0.8140625 0.753125 0.8140625 0.9203125 1 0.9203125 1 0.753125
0 0.7125 0.1515625 0.5953125 0.1515625 0.5953125 0.2328125 0.7125 0.2328125 0.7125 0.1515625
0 0.4703125 0.35 0.378125 0.35 0.378125 0.4578125 0.4703125 0.4578125 0.4703125 0.35
0 0.33671875 0.34765625 0.24765625 0.34765625 0.24765625 0.48359375 0.33671875 0.48359375 0.33671875 0.34765625
0 0.296875 0.1703125 0.11875 0.1703125 0.11875 0.3953125 0.296875 0.3953125 0.296875 0.1703125
0 0.4046875 0.1828125 0.328125 0.1828125 0.328125 0.2859375 0.4046875 0.2859375 0.4046875 0.1828125
0 0.14921875 0.0359375 0.01015625 0.0359375 0.01015625 0.1703125 0.14921875 0.1703125 0.14921875 0.0359375