0 0.671875 0.046875 0.5078125 0.046875 0.5078125 0.1703125 0.671875 0.1703125 0.671875 0.046875
0 0.4421875 0.42734375 0.3046875 0.42734375 0.3046875 0.60859375 0.4421875 0.60859375 0.4421875 0.42734375
0 0.4265625 0.159375 0.3296875 0.159375 0.3296875 0.2890625 0.4265625 0.2890625 0.4265625 0.159375
0 0.55234375 0.53828125 0.45546875 0.53828125 0.45546875 0.64765625 0.55234375 0.64765625 0.55234375 0.53828125
0 0.753125 0.821875 0.6546875 0.821875 0.6546875 0.9921875 0.753125 0.9921875 0.753125 0.821875
0 0.6625 0.16796875 0.525 0.16796875 0.525 0.29921875 0.6625 0.29921875 0.6625 0.16796875
0 0.28046875 0.1796875 0.19453125 0.1796875 0.19453125 0.28125 0.28046875 0.28125 0.28046875 0.1796875
0 0.29140625 0.3015625 0.16171875 0.3015625 0.16171875 0.51875 0.29140625 0.51875 0.29140625 0.3015625
0 0.45390625 0.76796875 0.33984375 0.76796875 0.33984375 0.90234375 0.45390625 0.90234375 0.45390625 0.76796875
0 0.4 0.590625 0.29375 0.590625 0.29375 0.70625 0.4 0.70625 0.4 0.590625
0 0.5984375 0.24765625 0.4765625 0.24765625 0.4765625 0.49765625 0.5984375 0.49765625 0.5984375 0.24765625
0 0.55 0.0484375 0.403125 0.0484375 0.403125 0.3890625 0.55 0.3890625 0.55 0.0484375
0 0.884375 0.39921875 0.778125 0.39921875 0.778125 0.55390625 0.884375 0.55390625 0.884375 0.39921875
0 0.77421875 0.38125 0.69140625 0.38125 0.69140625 0.515625 0.77421875 0.515625 0.77421875 0.38125
0 0.67109375 0.46875 0.57734375 0.46875 0.57734375 0.5390625 0.67109375 0.5390625 0.67109375 0.46875
0 0.8921875 1 0.8921875 0.8578125 0.765625 0.8578125 0.765625 1 0.8921875 1
0 0.621875 0.64921875 0.4953125 0.64921875 0.4953125 0.78828125 0.621875 0.78828125 0.621875 0.64921875
0 0.96328125 0.43984375 0.92265625 0.43984375 0.92265625 0.58515625 0.96328125 0.58515625 0.96328125 0.43984375