0 0.30859375 0.04140625 0.17421875 0.04140625 0.17421875 0.20703125 0.30859375 0.20703125 0.30859375 0.04140625
0 0.090625 0.23515625 0.0328125 0.23515625 0.0328125 0.46015625 0.090625 0.46015625 0.090625 0.23515625
0 0.39375 0.01328125 0.33125 0.01328125 0.33125 0.23984375 0.39375 0.23984375 0.39375 0.01328125
0 0.209375 0.309375 0.1484375 0.309375 0.1484375 0.440625 0.209375 0.440625 0.209375 0.309375
0 0.084375 0.04140625 0.021875 0.04140625 0.021875 0.16015625 0.084375 0.16015625 0.084375 0.04140625
0 0.4078125 0.3625 0.3453125 0.3625 0.3453125 0.45625 0.4078125 0.45625 0.4078125 0.3625
0 0.203125 0.4828125 0.1390625 0.4828125 0.1390625 0.540625 0.203125 0.540625 0.203125 0.4828125
0 0.53125 0.084375 0.459375 0.084375 0.459375 0.196875 0.53125 0.196875 0.53125 0.084375
0 0.765625 0.16796875 0.7046875 0.16796875 0.7046875 0.28359375 0.765625 0.28359375 0.765625 0.16796875
0 0.63125 0.47265625 0.55625 0.47265625 0.55625 0.56953125 0.63125 0.56953125 0.63125 0.47265625
0 0.32890625 0.3453125 0.26640625 0.3453125 0.26640625 0.4703125 0.32890625 0.4703125 0.32890625 0.3453125