0 0.29375 0.58671875 0.2359375 0.58671875 0.2359375 0.67421875 0.29375 0.67421875 0.29375 0.58671875
0 0.41953125 0.5625 0.29296875 0.5625 0.29296875 0.653125 0.41953125 0.653125 0.41953125 0.5625
0 0.60859375 0.58125 0.53046875 0.58125 0.53046875 0.653125 0.60859375 0.653125 0.60859375 0.58125
0 0.78515625 0.40234375 0.59453125 0.40234375 0.59453125 0.57421875 0.78515625 0.57421875 0.78515625 0.40234375
0 0.6921875 0.63671875 0.465625 0.63671875 0.465625 0.85859375 0.6921875 0.85859375 0.6921875 0.63671875
0 0.3265625 0.8234375 0.2359375 0.8234375 0.2359375 0.9421875 0.3265625 0.9421875 0.3265625 0.8234375
0 0.8609375 0.58671875 0.709375 0.58671875 0.709375 0.79765625 0.8609375 0.79765625 0.8609375 0.58671875
0 0.29453125 0.04765625 0.11484375 0.04765625 0.11484375 0.14765625 0.29453125 0.14765625 0.29453125 0.04765625
0 0.684375 0.23984375 0.559375 0.23984375 0.559375 0.28984375 0.684375 0.28984375 0.684375 0.23984375
0 0.33359375 0.14453125 0.11484375 0.14453125 0.11484375 0.22578125 0.33359375 0.22578125 0.33359375 0.14453125
0 0.34140625 0.46328125 0.21484375 0.46328125 0.21484375 0.54765625 0.34140625 0.54765625 0.34140625 0.46328125
0 0.49453125 0.78203125 0.34765625 0.78203125 0.34765625 0.94765625 0.49453125 0.94765625 0.49453125 0.78203125
0 0.5015625 0.68125 0.34375 0.68125 0.34375 0.81875 0.5015625 0.81875 0.5015625 0.68125
0 0.659375 0.50546875 0.41875 0.50546875 0.41875 0.66328125 0.659375 0.66328125 0.659375 0.50546875
0 0.83828125 0.28359375 0.61640625 0.28359375 0.61640625 0.42109375 0.83828125 0.42109375 0.83828125 0.28359375
0 0.365625 0.6921875 0.2546875 0.6921875 0.2546875 0.85 0.365625 0.85 0.365625 0.6921875
0 0.29453125 0.79765625 0.07890625 0.79765625 0.07890625 0.95546875 0.29453125 0.95546875 0.29453125 0.79765625
0 0.61640625 0.4125 0.41953125 0.4125 0.41953125 0.5265625 0.61640625 0.5265625 0.61640625 0.4125
0 0.2546875 0.47890625 0.15 0.47890625 0.15 0.56328125 0.2546875 0.56328125 0.2546875 0.47890625