0 0.46328125 0.425 0.34921875 0.425 0.34921875 0.5515625 0.46328125 0.5515625 0.46328125 0.425
0 0.72734375 0.615625 0.61015625 0.615625 0.61015625 0.734375 0.72734375 0.734375 0.72734375 0.615625
0 0.55546875 0.571875 0.41484375 0.571875 0.41484375 0.6734375 0.55546875 0.6734375 0.55546875 0.571875
0 0.640625 0.42265625 0.540625 0.42265625 0.540625 0.50234375 0.640625 0.50234375 0.640625 0.42265625
0 0.834375 0.353125 0.7125 0.353125 0.7125 0.6859375 0.834375 0.6859375 0.834375 0.353125
0 0.65859375 0.7578125 0.56015625 0.7578125 0.56015625 0.85625 0.65859375 0.85625 0.65859375 0.7578125
0 0.81875 0.6984375 0.740625 0.6984375 0.740625 0.85625 0.81875 0.85625 0.81875 0.6984375
0 0.55078125 0.38125 0.44765625 0.38125 0.44765625 0.5515625 0.55078125 0.5515625 0.55078125 0.38125
0 0.26484375 0.81640625 0.19453125 0.81640625 0.19453125 0.92265625 0.26484375 0.92265625 0.26484375 0.81640625
0 0.48671875 0.7625 0.27578125 0.7625 0.27578125 0.853125 0.48671875 0.853125 0.48671875 0.7625
0 0.61171875 0.89609375 0.53671875 0.89609375 0.53671875 0.98203125 0.61171875 0.98203125 0.61171875 0.89609375
0 0.78828125 0.90390625 0.71796875 0.90390625 0.71796875 0.98984375 0.78828125 0.98984375 0.78828125 0.90390625