0 0.19609375 0.00078125 0.13515625 0.00078125 0.13515625 0.08671875 0.19609375 0.08671875 0.19609375 0.00078125
0 0.146875 0.08125 0.090625 0.08125 0.090625 0.1484375 0.146875 0.1484375 0.146875 0.08125
0 0.28125 0.4234375 0.2203125 0.4234375 0.2203125 0.503125 0.28125 0.503125 0.28125 0.4234375
0 0.17421875 0.32265625 0.11796875 0.32265625 0.11796875 0.41796875 0.17421875 0.41796875 0.17421875 0.32265625
0 0.72578125 0.72734375 0.61953125 0.72734375 0.61953125 0.83515625 0.72578125 0.83515625 0.72578125 0.72734375
0 0.82734375 0.5578125 0.75078125 0.5578125 0.75078125 0.6484375 0.82734375 0.6484375 0.82734375 0.5578125
0 0.5546875 0.2265625 0.478125 0.2265625 0.478125 0.3328125 0.5546875 0.3328125 0.5546875 0.2265625
0 0.2296875 0.59609375 0.1546875 0.59609375 0.1546875 0.69296875 0.2296875 0.69296875 0.2296875 0.59609375
0 0.71953125 0.525 0.65546875 0.525 0.65546875 0.6125 0.71953125 0.6125 0.71953125 0.525
0 0.49140625 0.71015625 0.43046875 0.71015625 0.43046875 0.78515625 0.49140625 0.78515625 0.49140625 0.71015625
0 0.340625 0.52109375 0.290625 0.52109375 0.290625 0.60703125 0.340625 0.60703125 0.340625 0.52109375