0 0.41953125 0.18125 0.32734375 0.18125 0.32734375 0.221875 0.41953125 0.221875 0.41953125 0.18125
0 0.48515625 0.371875 0.38984375 0.371875 0.38984375 0.4390625 0.48515625 0.4390625 0.48515625 0.371875
0 0.3984375 0.2390625 0.2484375 0.2390625 0.2484375 0.31875 0.3984375 0.31875 0.3984375 0.2390625
0 0.64765625 0.2359375 0.45234375 0.2359375 0.45234375 0.3453125 0.64765625 0.3453125 0.64765625 0.2359375
0 0.796875 0.51953125 0.60625 0.51953125 0.60625 0.63671875 0.796875 0.63671875 0.796875 0.51953125
0 0.54375 0.84921875 0.38125 0.84921875 0.38125 0.91953125 0.54375 0.91953125 0.54375 0.84921875
0 0.34453125 0.59140625 0.24921875 0.59140625 0.24921875 0.64453125 0.34453125 0.64453125 0.34453125 0.59140625
0 0.31953125 0.5046875 0.17421875 0.5046875 0.17421875 0.5640625 0.31953125 0.5640625 0.31953125 0.5046875
0 0.303125 0.64453125 0.153125 0.64453125 0.153125 0.72734375 0.303125 0.72734375 0.303125 0.64453125
0 0.50625 0.65546875 0.31875 0.65546875 0.31875 0.72578125 0.50625 0.72578125 0.50625 0.65546875
0 0.18671875 0.5390625 0.03671875 0.5390625 0.03671875 0.6421875 0.18671875 0.6421875 0.18671875 0.5390625
0 0.6515625 0.15 0.3734375 0.15 0.3734375 0.221875 0.6515625 0.221875 0.6515625 0.15
0 0.6640625 0.775 0.546875 0.775 0.546875 0.8390625 0.6640625 0.8390625 0.6640625 0.775
0 0.39453125 0.68671875 0.15390625 0.68671875 0.15390625 0.86640625 0.39453125 0.86640625 0.39453125 0.68671875
0 0.8015625 0.65 0.671875 0.65 0.671875 0.8 0.8015625 0.8 0.8015625 0.65
0 0.54765625 0.4796875 0.36953125 0.4796875 0.36953125 0.5890625 0.54765625 0.5890625 0.54765625 0.4796875