0 0.23984375 0.40078125 0.13515625 0.40078125 0.13515625 0.50859375 0.23984375 0.50859375 0.23984375 0.40078125
0 0.30859375 0.0546875 0.19921875 0.0546875 0.19921875 0.125 0.30859375 0.125 0.30859375 0.0546875
0 0.4609375 0.44296875 0.39375 0.44296875 0.39375 0.54765625 0.4609375 0.54765625 0.4609375 0.44296875
0 0.3890625 0.596875 0.303125 0.596875 0.303125 0.746875 0.3890625 0.746875 0.3890625 0.596875
0 0.62734375 0.575 0.58046875 0.575 0.58046875 0.7046875 0.62734375 0.7046875 0.62734375 0.575
0 0.72578125 0.578125 0.63515625 0.578125 0.63515625 0.73125 0.72578125 0.73125 0.72578125 0.578125
0 0.95625 0.47890625 0.88125 0.47890625 0.88125 0.62421875 0.95625 0.62421875 0.95625 0.47890625
0 0.85234375 0.54453125 0.77265625 0.54453125 0.77265625 0.66640625 0.85234375 0.66640625 0.85234375 0.54453125
0 0.06328125 0.3375 0.00078125 0.3375 0.00078125 0.4921875 0.06328125 0.4921875 0.06328125 0.3375
0 0.34453125 0.40390625 0.27890625 0.40390625 0.27890625 0.54140625 0.34453125 0.54140625 0.34453125 0.40390625
0 0.93046875 0.6828125 0.85546875 0.6828125 0.85546875 0.796875 0.93046875 0.796875 0.93046875 0.6828125