0 0.2046875 0.31953125 0.1453125 0.31953125 0.1453125 0.39609375 0.2046875 0.39609375 0.2046875 0.31953125
0 0.196875 0.11640625 0.115625 0.11640625 0.115625 0.19765625 0.196875 0.19765625 0.196875 0.11640625
0 0.44921875 0.37578125 0.34765625 0.37578125 0.34765625 0.49140625 0.44921875 0.49140625 0.44921875 0.37578125
0 0.36015625 0.52421875 0.28203125 0.52421875 0.28203125 0.60859375 0.36015625 0.60859375 0.36015625 0.52421875
0 0.6875 0.1796875 0.5859375 0.1796875 0.5859375 0.2984375 0.6875 0.2984375 0.6875 0.1796875
0 0.4703125 0.72734375 0.290625 0.72734375 0.290625 0.79140625 0.4703125 0.79140625 0.4703125 0.72734375
0 0.6234375 0.69765625 0.5515625 0.69765625 0.5515625 0.78359375 0.6234375 0.78359375 0.6234375 0.69765625
0 0.7921875 0.81640625 0.7171875 0.81640625 0.7171875 0.92890625 0.7921875 0.92890625 0.7921875 0.81640625
0 0.35 0.31875 0.234375 0.31875 0.234375 0.4203125 0.35 0.4203125 0.35 0.31875
0 0.80703125 0.6828125 0.75078125 0.6828125 0.75078125 0.753125 0.80703125 0.753125 0.80703125 0.6828125
0 0.36796875 0.1375 0.28984375 0.1375 0.28984375 0.2421875 0.36796875 0.2421875 0.36796875 0.1375
0 0.48984375 0.2953125 0.39921875 0.2953125 0.39921875 0.4046875 0.48984375 0.4046875 0.48984375 0.2953125