0 0.25234375 0.296875 0.18984375 0.296875 0.18984375 0.484375 0.25234375 0.484375 0.25234375 0.296875
0 0.353125 0.73828125 0.2578125 0.73828125 0.2578125 0.90703125 0.353125 0.90703125 0.353125 0.73828125
0 0.3375 0.51015625 0.26875 0.51015625 0.26875 0.69453125 0.3375 0.69453125 0.3375 0.51015625
0 0.4828125 0.70859375 0.365625 0.70859375 0.365625 0.88515625 0.4828125 0.88515625 0.4828125 0.70859375
0 0.5078125 0.5921875 0.3890625 0.5921875 0.3890625 0.7171875 0.5078125 0.7171875 0.5078125 0.5921875
0 0.4453125 0.4859375 0.3390625 0.4859375 0.3390625 0.615625 0.4453125 0.615625 0.4453125 0.4859375
0 0.44453125 0.3625 0.29765625 0.3625 0.29765625 0.5046875 0.44453125 0.5046875 0.44453125 0.3625
0 0.534375 0.40234375 0.4640625 0.40234375 0.4640625 0.56015625 0.534375 0.56015625 0.534375 0.40234375
0 0.2953125 0.403125 0.246875 0.403125 0.246875 0.5 0.2953125 0.5 0.2953125 0.403125
0 0.5921875 0.0046875 0.5546875 0.0046875 0.5546875 0.084375 0.5921875 0.084375 0.5921875 0.0046875
0 0.684375 0.090625 0.6203125 0.090625 0.6203125 0.21875 0.684375 0.21875 0.684375 0.090625
0 0.453125 0.040625 0.378125 0.040625 0.378125 0.190625 0.453125 0.190625 0.453125 0.040625
0 0.340625 0.1140625 0.278125 0.1140625 0.278125 0.175 0.340625 0.175 0.340625 0.1140625
0 0.540625 0.0375 0.4796875 0.0375 0.4796875 0.14375 0.540625 0.14375 0.540625 0.0375