0 0.73359375 0.46328125 0.65078125 0.46328125 0.65078125 0.53046875 0.73359375 0.53046875 0.73359375 0.46328125
0 0.4203125 0.134375 0.365625 0.134375 0.365625 0.1796875 0.4203125 0.1796875 0.4203125 0.134375
0 0.46953125 0.30078125 0.40546875 0.30078125 0.40546875 0.34765625 0.46953125 0.34765625 0.46953125 0.30078125
0 0.51328125 0.08203125 0.44765625 0.08203125 0.44765625 0.12421875 0.51328125 0.12421875 0.51328125 0.08203125
0 0.5125 0.2109375 0.4140625 0.2109375 0.4140625 0.2578125 0.5125 0.2578125 0.5125 0.2109375
0 0.54453125 0.27578125 0.49296875 0.27578125 0.49296875 0.36171875 0.54453125 0.36171875 0.54453125 0.27578125
0 0.62890625 0.1953125 0.56953125 0.1953125 0.56953125 0.2734375 0.62890625 0.2734375 0.62890625 0.1953125
0 0.59140625 0.37109375 0.52421875 0.37109375 0.52421875 0.41640625 0.59140625 0.41640625 0.59140625 0.37109375
0 0.7390625 0.33203125 0.6671875 0.33203125 0.6671875 0.40390625 0.7390625 0.40390625 0.7390625 0.33203125
0 0.79609375 0.39296875 0.68203125 0.39296875 0.68203125 0.45078125 0.79609375 0.45078125 0.79609375 0.39296875
0 0.93046875 0.38359375 0.85703125 0.38359375 0.85703125 0.44609375 0.93046875 0.44609375 0.93046875 0.38359375
0 0.5375 0.4140625 0.4375 0.4140625 0.4375 0.465625 0.5375 0.465625 0.5375 0.4140625
0 0.6453125 0.2953125 0.578125 0.2953125 0.578125 0.35 0.6453125 0.35 0.6453125 0.2953125
0 0.64140625 0.49765625 0.57421875 0.49765625 0.57421875 0.53515625 0.64140625 0.53515625 0.64140625 0.49765625
0 0.759375 0.2640625 0.6734375 0.2640625 0.6734375 0.321875 0.759375 0.321875 0.759375 0.2640625
0 0.8796875 0.46484375 0.796875 0.46484375 0.796875 0.50078125 0.8796875 0.50078125 0.8796875 0.46484375
0 0.84765625 0.32890625 0.77265625 0.32890625 0.77265625 0.37578125 0.84765625 0.37578125 0.84765625 0.32890625
0 0.62890625 0.42421875 0.57734375 0.42421875 0.57734375 0.47578125 0.62890625 0.47578125 0.62890625 0.42421875
0 0.45390625 0.359375 0.38828125 0.359375 0.38828125 0.3921875 0.45390625 0.3921875 0.45390625 0.359375