0 0.41640625 0.55390625 0.36796875 0.55390625 0.36796875 0.58046875 0.41640625 0.58046875 0.41640625 0.55390625
0 0.6515625 0.27890625 0.5640625 0.27890625 0.5640625 0.31484375 0.6515625 0.31484375 0.6515625 0.27890625
0 0.7671875 0.1671875 0.675 0.1671875 0.675 0.2171875 0.7671875 0.2171875 0.7671875 0.1671875
0 0.75546875 0.23359375 0.68984375 0.23359375 0.68984375 0.28203125 0.75546875 0.28203125 0.75546875 0.23359375
0 0.640625 0.24375 0.575 0.24375 0.575 0.2875 0.640625 0.2875 0.640625 0.24375
0 0.89140625 0.1546875 0.82890625 0.1546875 0.82890625 0.2015625 0.89140625 0.2015625 0.89140625 0.1546875
0 0.9265625 0.2265625 0.846875 0.2265625 0.846875 0.2609375 0.9265625 0.2609375 0.9265625 0.2265625
0 0.91796875 0.27734375 0.84921875 0.27734375 0.84921875 0.31640625 0.91796875 0.31640625 0.91796875 0.27734375
0 0.72734375 0.3453125 0.67109375 0.3453125 0.67109375 0.3875 0.72734375 0.3875 0.72734375 0.3453125
0 0.9171875 0.3265625 0.8515625 0.3265625 0.8515625 0.3734375 0.9171875 0.3734375 0.9171875 0.3265625
0 0.8453125 0.33359375 0.7984375 0.33359375 0.7984375 0.38046875 0.8453125 0.38046875 0.8453125 0.33359375
0 0.48125 0.5609375 0.4296875 0.5609375 0.4296875 0.6 0.48125 0.6 0.48125 0.5609375
0 0.77578125 0.59765625 0.71328125 0.59765625 0.71328125 0.64140625 0.77578125 0.64140625 0.77578125 0.59765625
0 0.434375 0.60625 0.39375 0.60625 0.39375 0.6578125 0.434375 0.6578125 0.434375 0.60625
0 0.55859375 0.71484375 0.47890625 0.71484375 0.47890625 0.75859375 0.55859375 0.75859375 0.55859375 0.71484375
0 0.7125 0.66484375 0.653125 0.66484375 0.653125 0.69765625 0.7125 0.69765625 0.7125 0.66484375
0 0.7078125 0.7640625 0.628125 0.7640625 0.628125 0.8015625 0.7078125 0.8015625 0.7078125 0.7640625
0 0.778125 0.7171875 0.6921875 0.7171875 0.6921875 0.7546875 0.778125 0.7546875 0.778125 0.7171875
0 0.84453125 0.6890625 0.79453125 0.6890625 0.79453125 0.715625 0.84453125 0.715625 0.84453125 0.6890625
0 0.5703125 0.2359375 0.5296875 0.2359375 0.5296875 0.2625 0.5703125 0.2625 0.5703125 0.2359375
0 0.80390625 0.26796875 0.73515625 0.26796875 0.73515625 0.33984375 0.80390625 0.33984375 0.80390625 0.26796875