0 0.2484375 0.04921875 0.1703125 0.04921875 0.1703125 0.15234375 0.2484375 0.15234375 0.2484375 0.04921875
0 0.22421875 0.32109375 0.16484375 0.32109375 0.16484375 0.46640625 0.22421875 0.46640625 0.22421875 0.32109375
0 0.4203125 0.221875 0.365625 0.221875 0.365625 0.30625 0.4203125 0.30625 0.4203125 0.221875
0 0.3578125 0.51328125 0.290625 0.51328125 0.290625 0.66328125 0.3578125 0.66328125 0.3578125 0.51328125
0 0.51640625 0.228125 0.46640625 0.228125 0.46640625 0.3203125 0.51640625 0.3203125 0.51640625 0.228125
0 0.58515625 0.3390625 0.53203125 0.3390625 0.53203125 0.421875 0.58515625 0.421875 0.58515625 0.3390625
0 0.53046875 0.57265625 0.46484375 0.57265625 0.46484375 0.66328125 0.53046875 0.66328125 0.53046875 0.57265625
0 0.690625 0.31015625 0.6015625 0.31015625 0.6015625 0.44140625 0.690625 0.44140625 0.690625 0.31015625
0 0.7625 0.40546875 0.690625 0.40546875 0.690625 0.53203125 0.7625 0.53203125 0.7625 0.40546875
0 0.86796875 0.253125 0.81171875 0.253125 0.81171875 0.3234375 0.86796875 0.3234375 0.86796875 0.253125
0 0.88515625 0.1328125 0.83828125 0.1328125 0.83828125 0.2125 0.88515625 0.2125 0.88515625 0.1328125
0 0.93046875 0.33671875 0.85390625 0.33671875 0.85390625 0.40703125 0.93046875 0.40703125 0.93046875 0.33671875
0 0.98203125 0.1625 0.92734375 0.1625 0.92734375 0.2515625 0.98203125 0.2515625 0.98203125 0.1625
0 0.98671875 0.44140625 0.92109375 0.44140625 0.92109375 0.53359375 0.98671875 0.53359375 0.98671875 0.44140625