0 0.49375 0.4234375 0.4171875 0.4234375 0.4171875 0.5328125 0.49375 0.5328125 0.49375 0.4234375
0 0.60859375 0.1671875 0.51640625 0.1671875 0.51640625 0.2890625 0.60859375 0.2890625 0.60859375 0.1671875
0 0.49609375 0.0546875 0.42890625 0.0546875 0.42890625 0.1546875 0.49609375 0.1546875 0.49609375 0.0546875
0 0.4078125 0.20625 0.3296875 0.20625 0.3296875 0.315625 0.4078125 0.315625 0.4078125 0.20625
0 0.41015625 0.5546875 0.33359375 0.5546875 0.33359375 0.6265625 0.41015625 0.6265625 0.41015625 0.5546875
0 0.4 0.6640625 0.3234375 0.6640625 0.3234375 0.7296875 0.4 0.7296875 0.4 0.6640625
0 0.28359375 0.578125 0.21328125 0.578125 0.21328125 0.684375 0.28359375 0.684375 0.28359375 0.578125
0 0.5609375 0.6734375 0.4609375 0.6734375 0.4609375 0.7890625 0.5609375 0.7890625 0.5609375 0.6734375
0 0.5625 0.38515625 0.5046875 0.38515625 0.5046875 0.48203125 0.5625 0.48203125 0.5625 0.38515625
0 0.4265625 0.3671875 0.3375 0.3671875 0.3375 0.478125 0.4265625 0.478125 0.4265625 0.3671875
0 0.17890625 0.4921875 0.09609375 0.4921875 0.09609375 0.6296875 0.17890625 0.6296875 0.17890625 0.4921875