0 0.5875 0.1875 0.4859375 0.1875 0.4859375 0.278125 0.5875 0.278125 0.5875 0.1875
0 0.6328125 0.3265625 0.5125 0.3265625 0.5125 0.4265625 0.6328125 0.4265625 0.6328125 0.3265625
0 0.63828125 0.5484375 0.51015625 0.5484375 0.51015625 0.6828125 0.63828125 0.6828125 0.63828125 0.5484375
0 0.76171875 0.45078125 0.61796875 0.45078125 0.61796875 0.58046875 0.76171875 0.58046875 0.76171875 0.45078125
0 0.63828125 0.42421875 0.49296875 0.42421875 0.49296875 0.54609375 0.63828125 0.54609375 0.63828125 0.42421875
0 0.81328125 0.6578125 0.71953125 0.6578125 0.71953125 0.7515625 0.81328125 0.7515625 0.81328125 0.6578125
0 0.821875 0.18046875 0.725 0.18046875 0.725 0.24609375 0.821875 0.24609375 0.821875 0.18046875
0 0.721875 0.6609375 0.625 0.6609375 0.625 0.7859375 0.721875 0.7859375 0.721875 0.6609375
0 0.953125 1 0.953125 0.934375 0.8546875 0.934375 0.8546875 1 0.953125 1
0 0.78203125 1 0.78203125 0.8953125 0.64921875 0.8953125 0.64921875 1 0.78203125 1
0 0.575 0.79453125 0.48125 0.79453125 0.48125 0.92734375 0.575 0.92734375 0.575 0.79453125
0 0.42578125 0.83203125 0.28203125 0.83203125 0.28203125 0.95859375 0.42578125 0.95859375 0.42578125 0.83203125
0 0.4984375 0.60234375 0.3453125 0.60234375 0.3453125 0.81953125 0.4984375 0.81953125 0.4984375 0.60234375
0 0.4984375 0.35859375 0.3234375 0.35859375 0.3234375 0.58046875 0.4984375 0.58046875 0.4984375 0.35859375
0 0.3234375 0.1875 0.25625 0.1875 0.25625 0.2875 0.3234375 0.2875 0.3234375 0.1875
0 0.47109375 0.1046875 0.41640625 0.1046875 0.41640625 0.153125 0.47109375 0.153125 0.47109375 0.1046875
0 0.3390625 0.38984375 0.2125 0.38984375 0.2125 0.81484375 0.3390625 0.81484375 0.3390625 0.38984375
0 0.91171875 0.43671875 0.80703125 0.43671875 0.80703125 0.57734375 0.91171875 0.57734375 0.91171875 0.43671875
0 0.88203125 0.67734375 0.80703125 0.67734375 0.80703125 0.77109375 0.88203125 0.77109375 0.88203125 0.67734375
0 0.81484375 0.7484375 0.71796875 0.7484375 0.71796875 0.8265625 0.81484375 0.8265625 0.81484375 0.7484375
0 0.29296875 0.65546875 0.02734375 0.65546875 0.02734375 0.98828125 0.29296875 0.98828125 0.29296875 0.65546875