0 0.37734375 0.02578125 0.25546875 0.02578125 0.25546875 0.17421875 0.37734375 0.17421875 0.37734375 0.02578125
0 0.2359375 0.08984375 0.1546875 0.08984375 0.1546875 0.22578125 0.2359375 0.22578125 0.2359375 0.08984375
0 0.27265625 0.43984375 0.13671875 0.43984375 0.13671875 0.53671875 0.27265625 0.53671875 0.27265625 0.43984375
0 0.76796875 0.47265625 0.57890625 0.47265625 0.57890625 0.63828125 0.76796875 0.63828125 0.76796875 0.47265625
0 0.36328125 0.5171875 0.24765625 0.5171875 0.24765625 0.6609375 0.36328125 0.6609375 0.36328125 0.5171875
0 0.25859375 0.284375 0.18828125 0.284375 0.18828125 0.409375 0.25859375 0.409375 0.25859375 0.284375
0 0.39453125 0.68984375 0.22265625 0.68984375 0.22265625 0.74609375 0.39453125 0.74609375 0.39453125 0.68984375
0 0.6265625 0.6203125 0.49375 0.6203125 0.49375 0.709375 0.6265625 0.709375 0.6265625 0.6203125
0 0.47109375 0.8125 0.27734375 0.8125 0.27734375 0.890625 0.47109375 0.890625 0.47109375 0.8125
0 0.690625 0.709375 0.6046875 0.709375 0.6046875 0.809375 0.690625 0.809375 0.690625 0.709375
0 0.7765625 0.84765625 0.6546875 0.84765625 0.6546875 0.98671875 0.7765625 0.98671875 0.7765625 0.84765625
0 0.87578125 0.40390625 0.73984375 0.40390625 0.73984375 0.50546875 0.87578125 0.50546875 0.87578125 0.40390625
0 0.403125 0.3671875 0.2640625 0.3671875 0.2640625 0.46875 0.403125 0.46875 0.403125 0.3671875