0 0.165625 0.4390625 0.1046875 0.4390625 0.1046875 0.5140625 0.165625 0.5140625 0.165625 0.4390625
0 0.2859375 0.421875 0.1984375 0.421875 0.1984375 0.50625 0.2859375 0.50625 0.2859375 0.421875
0 0.409375 0.5703125 0.315625 0.5703125 0.315625 0.6359375 0.409375 0.6359375 0.409375 0.5703125
0 0.1203125 0.8328125 0.0328125 0.8328125 0.0328125 0.915625 0.1203125 0.915625 0.1203125 0.8328125
0 0.4625 1 0.4625 0.9265625 0.384375 0.9265625 0.384375 1 0.4625 1
0 0.565625 0.9375 0.49375 0.9375 0.49375 0.9953125 0.565625 0.9953125 0.565625 0.9375
0 0.3125 0.56328125 0.1625 0.56328125 0.1625 0.65390625 0.3125 0.65390625 0.3125 0.56328125
0 0.4578125 0.4859375 0.3125 0.4859375 0.3125 0.565625 0.4578125 0.565625 0.4578125 0.4859375
0 0.4359375 0.296875 0.24375 0.296875 0.24375 0.4140625 0.4359375 0.4140625 0.4359375 0.296875
0 0.54765625 0.44140625 0.45390625 0.44140625 0.45390625 0.52890625 0.54765625 0.52890625 0.54765625 0.44140625
0 0.43671875 0.67265625 0.36953125 0.67265625 0.36953125 0.70859375 0.43671875 0.70859375 0.43671875 0.67265625
0 0.3484375 0.74765625 0.315625 0.74765625 0.315625 0.80078125 0.3484375 0.80078125 0.3484375 0.74765625
0 0.265625 0.91953125 0.1953125 0.91953125 0.1953125 0.96484375 0.265625 0.96484375 0.265625 0.91953125
0 0.29453125 0.62890625 0.21953125 0.62890625 0.21953125 0.78984375 0.29453125 0.78984375 0.29453125 0.62890625
0 0.646875 0.53515625 0.55 0.53515625 0.55 0.60859375 0.646875 0.60859375 0.646875 0.53515625
0 0.23125 0.2859375 0.1140625 0.2859375 0.1140625 0.3765625 0.23125 0.3765625 0.23125 0.2859375
0 0.559375 0.33671875 0.471875 0.33671875 0.471875 0.43046875 0.559375 0.43046875 0.559375 0.33671875
0 0.62265625 0.43359375 0.54765625 0.43359375 0.54765625 0.48828125 0.62265625 0.48828125 0.62265625 0.43359375