0 0.67265625 0.2484375 0.58828125 0.2484375 0.58828125 0.3609375 0.67265625 0.3609375 0.67265625 0.2484375
0 0.6046875 0.29140625 0.4921875 0.29140625 0.4921875 0.48828125 0.6046875 0.48828125 0.6046875 0.29140625
0 0.484375 0.37890625 0.3734375 0.37890625 0.3734375 0.48828125 0.484375 0.48828125 0.484375 0.37890625
0 0.49375 0.5828125 0.403125 0.5828125 0.403125 0.7359375 0.49375 0.7359375 0.49375 0.5828125
0 0.69453125 0.5640625 0.58046875 0.5640625 0.58046875 0.7015625 0.69453125 0.7015625 0.69453125 0.5640625
0 0.8828125 0.6 0.7046875 0.6 0.7046875 0.8046875 0.8828125 0.8046875 0.8828125 0.6
0 0.7046875 0.3703125 0.60625 0.3703125 0.60625 0.4921875 0.7046875 0.4921875 0.7046875 0.3703125
0 0.92109375 0.2796875 0.78828125 0.2796875 0.78828125 0.4171875 0.92109375 0.4171875 0.92109375 0.2796875
0 0.95546875 0.11328125 0.81015625 0.11328125 0.81015625 0.22578125 0.95546875 0.22578125 0.95546875 0.11328125
0 0.7875 0.01953125 0.6875 0.01953125 0.6875 0.17109375 0.7875 0.17109375 0.7875 0.01953125
0 0.41953125 0.63359375 0.29765625 0.63359375 0.29765625 0.83359375 0.41953125 0.83359375 0.41953125 0.63359375
0 0.321875 0.61796875 0.246875 0.61796875 0.246875 0.80546875 0.321875 0.80546875 0.321875 0.61796875
0 0.46953125 1 0.46953125 0.853125 0.34296875 0.853125 0.34296875 1 0.46953125 1
0 0.55390625 0.13984375 0.45859375 0.13984375 0.45859375 0.37890625 0.55390625 0.37890625 0.55390625 0.13984375
0 0.6125 0.05859375 0.5578125 0.05859375 0.5578125 0.16328125 0.6125 0.16328125 0.6125 0.05859375
0 1 0.50703125 0.9171875 0.50703125 0.9171875 0.65546875 1 0.65546875 1 0.50703125
0 0.63671875 0.5765625 0.50859375 0.5765625 0.50859375 0.7375 0.63671875 0.7375 0.63671875 0.5765625
0 0.92109375 0.00078125 0.78359375 0.00078125 0.78359375 0.13515625 0.92109375 0.13515625 0.92109375 0.00078125
0 0.79921875 0.1375 0.66328125 0.1375 0.66328125 0.25 0.79921875 0.25 0.79921875 0.1375