0 0.44296875 0.121875 0.34765625 0.121875 0.34765625 0.2421875 0.44296875 0.2421875 0.44296875 0.121875
0 0.59375 0.3484375 0.39375 0.3484375 0.39375 0.46875 0.59375 0.46875 0.59375 0.3484375
0 0.7328125 0.17421875 0.625 0.17421875 0.625 0.33046875 0.7328125 0.33046875 0.7328125 0.17421875
0 0.39921875 0.46875 0.15390625 0.46875 0.15390625 0.7578125 0.39921875 0.7578125 0.39921875 0.46875
0 0.3765625 0.625 0.2375 0.625 0.2375 0.8046875 0.3765625 0.8046875 0.3765625 0.625
0 0.56171875 0.49453125 0.44453125 0.49453125 0.44453125 0.60234375 0.56171875 0.60234375 0.56171875 0.49453125
0 0.734375 0.5 0.575 0.5 0.575 0.71875 0.734375 0.71875 0.734375 0.5
0 0.76640625 0.3828125 0.55546875 0.3828125 0.55546875 0.4765625 0.76640625 0.4765625 0.76640625 0.3828125
0 0.54296875 0.0703125 0.46328125 0.0703125 0.46328125 0.2453125 0.54296875 0.2453125 0.54296875 0.0703125
0 0.38515625 0.11640625 0.18203125 0.11640625 0.18203125 0.48984375 0.38515625 0.48984375 0.38515625 0.11640625
0 0.8546875 0.47421875 0.76875 0.47421875 0.76875 0.65390625 0.8546875 0.65390625 0.8546875 0.47421875
0 0.53828125 0.59296875 0.38359375 0.59296875 0.38359375 0.83359375 0.53828125 0.83359375 0.53828125 0.59296875