0 0.69609375 0.31796875 0.61484375 0.31796875 0.61484375 0.56953125 0.69609375 0.56953125 0.69609375 0.31796875
0 0.60703125 0.37109375 0.52421875 0.37109375 0.52421875 0.51640625 0.60703125 0.51640625 0.60703125 0.37109375
0 0.30390625 0.2921875 0.20546875 0.2921875 0.20546875 0.428125 0.30390625 0.428125 0.30390625 0.2921875
0 0.27421875 0.4046875 0.17734375 0.4046875 0.17734375 0.496875 0.27421875 0.496875 0.27421875 0.4046875
0 0.1953125 0.5828125 0.1234375 0.5828125 0.1234375 0.7765625 0.1953125 0.7765625 0.1953125 0.5828125
0 0.33359375 0.5171875 0.24140625 0.5171875 0.24140625 0.66875 0.33359375 0.66875 0.33359375 0.5171875
0 0.43203125 0.73515625 0.34765625 0.73515625 0.34765625 0.85859375 0.43203125 0.85859375 0.43203125 0.73515625
0 0.7875 0.553125 0.7125 0.553125 0.7125 0.70625 0.7875 0.70625 0.7875 0.553125
0 0.19765625 0.11328125 0.12890625 0.11328125 0.12890625 0.29140625 0.19765625 0.29140625 0.19765625 0.11328125
0 0.08828125 0.72890625 0.01796875 0.72890625 0.01796875 0.88671875 0.08828125 0.88671875 0.08828125 0.72890625
0 0 0.734375 0.1015625 0.734375 0.1015625 0.55 0 0.55 0 0.734375
0 0.77265625 0.72890625 0.63203125 0.72890625 0.63203125 0.95703125 0.77265625 0.95703125 0.77265625 0.72890625
0 0.14296875 0.240625 0.01953125 0.240625 0.01953125 0.5265625 0.14296875 0.5265625 0.14296875 0.240625