0 0.6875 0.04296875 0.6359375 0.04296875 0.6359375 0.17109375 0.6875 0.17109375 0.6875 0.04296875
0 0.4078125 0.20078125 0.3515625 0.20078125 0.3515625 0.28359375 0.4078125 0.28359375 0.4078125 0.20078125
0 0.39140625 0.2890625 0.32578125 0.2890625 0.32578125 0.3890625 0.39140625 0.3890625 0.39140625 0.2890625
0 0.4171875 0.63046875 0.353125 0.63046875 0.353125 0.75078125 0.4171875 0.75078125 0.4171875 0.63046875
0 0.628125 0.5578125 0.5203125 0.5578125 0.5203125 0.6875 0.628125 0.6875 0.628125 0.5578125
0 0.68046875 0.45234375 0.61328125 0.45234375 0.61328125 0.62734375 0.68046875 0.62734375 0.68046875 0.45234375
0 0.68359375 0.72734375 0.62421875 0.72734375 0.62421875 0.88828125 0.68359375 0.88828125 0.68359375 0.72734375
0 0.85078125 0.73359375 0.76015625 0.73359375 0.76015625 0.85859375 0.85078125 0.85859375 0.85078125 0.73359375
0 0.796875 0.390625 0.6984375 0.390625 0.6984375 0.50625 0.796875 0.50625 0.796875 0.390625
0 0.8375 0.5734375 0.734375 0.5734375 0.734375 0.671875 0.8375 0.671875 0.8375 0.5734375
0 0.43125 0.85390625 0.3375 0.85390625 0.3375 0.93828125 0.43125 0.93828125 0.43125 0.85390625
0 0.35625 0.01328125 0.234375 0.01328125 0.234375 0.08828125 0.35625 0.08828125 0.35625 0.01328125