0 0.20234375 0.325 0.15234375 0.325 0.15234375 0.415625 0.20234375 0.415625 0.20234375 0.325
0 0.07890625 0.37109375 0.02578125 0.37109375 0.02578125 0.41796875 0.07890625 0.41796875 0.07890625 0.37109375
0 0.15078125 0.4 0.05234375 0.4 0.05234375 0.4546875 0.15078125 0.4546875 0.15078125 0.4
0 0.22109375 0.29609375 0.14765625 0.29609375 0.14765625 0.34765625 0.22109375 0.34765625 0.22109375 0.29609375
0 0.3265625 0.3375 0.2234375 0.3375 0.2234375 0.3796875 0.3265625 0.3796875 0.3265625 0.3375
0 0.39453125 0.365625 0.31328125 0.365625 0.31328125 0.4390625 0.39453125 0.4390625 0.39453125 0.365625
0 0.46015625 0.37890625 0.40234375 0.37890625 0.40234375 0.44140625 0.46015625 0.44140625 0.46015625 0.37890625
0 0.1921875 0.50078125 0.1203125 0.50078125 0.1203125 0.56640625 0.1921875 0.56640625 0.1921875 0.50078125
0 0.315625 0.50390625 0.2046875 0.50390625 0.2046875 0.59453125 0.315625 0.59453125 0.315625 0.50390625
0 0.3125 0.37578125 0.2125 0.37578125 0.2125 0.47265625 0.3125 0.47265625 0.3125 0.37578125
0 0.396875 0.58125 0.34375 0.58125 0.34375 0.6671875 0.396875 0.6671875 0.396875 0.58125
0 0.33671875 0.5703125 0.24921875 0.5703125 0.24921875 0.6828125 0.33671875 0.6828125 0.33671875 0.5703125
0 0.5390625 0.5890625 0.4734375 0.5890625 0.4734375 0.6546875 0.5390625 0.6546875 0.5390625 0.5890625
0 0.646875 0.6 0.596875 0.6 0.596875 0.6671875 0.646875 0.6671875 0.646875 0.6
0 0.5703125 0.64609375 0.5046875 0.64609375 0.5046875 0.70390625 0.5703125 0.70390625 0.5703125 0.64609375