0 0.43046875 0.121875 0.37265625 0.121875 0.37265625 0.1953125 0.43046875 0.1953125 0.43046875 0.121875
0 0.4375 0.3828125 0.3546875 0.3828125 0.3546875 0.5203125 0.4375 0.5203125 0.4375 0.3828125
0 0.48515625 0.3671875 0.41796875 0.3671875 0.41796875 0.465625 0.48515625 0.465625 0.48515625 0.3671875
0 0.5375 0.36484375 0.471875 0.36484375 0.471875 0.43359375 0.5375 0.43359375 0.5375 0.36484375
0 0.41796875 0.753125 0.32265625 0.753125 0.32265625 0.8234375 0.41796875 0.8234375 0.41796875 0.753125
0 0.48984375 0.64296875 0.40703125 0.64296875 0.40703125 0.73046875 0.48984375 0.73046875 0.48984375 0.64296875
0 0.39296875 0.6078125 0.27734375 0.6078125 0.27734375 0.68125 0.39296875 0.68125 0.39296875 0.6078125
0 0.5 0.56796875 0.3578125 0.56796875 0.3578125 0.65859375 0.5 0.65859375 0.5 0.56796875
0 0.5125 0.53046875 0.396875 0.53046875 0.396875 0.57890625 0.5125 0.57890625 0.5125 0.53046875
0 0.35 0.4875 0.2046875 0.4875 0.2046875 0.60625 0.35 0.60625 0.35 0.4875
0 0.62265625 0.55234375 0.49765625 0.55234375 0.49765625 0.63359375 0.62265625 0.63359375 0.62265625 0.55234375
0 0.62265625 0.4703125 0.45546875 0.4703125 0.45546875 0.5578125 0.62265625 0.5578125 0.62265625 0.4703125
0 0.59765625 0.32578125 0.45703125 0.32578125 0.45703125 0.48828125 0.59765625 0.48828125 0.59765625 0.32578125