0 0.634375 0.17890625 0.571875 0.17890625 0.571875 0.26640625 0.634375 0.26640625 0.634375 0.17890625
0 0.0875 0.80546875 0.003125 0.80546875 0.003125 0.86328125 0.0875 0.86328125 0.0875 0.80546875
0 0.73125 0.12734375 0.6515625 0.12734375 0.6515625 0.21796875 0.73125 0.21796875 0.73125 0.12734375
0 0.0828125 0.5671875 0.0078125 0.5671875 0.0078125 0.646875 0.0828125 0.646875 0.0828125 0.5671875
0 0.64375 0.365625 0.54375 0.365625 0.54375 0.4390625 0.64375 0.4390625 0.64375 0.365625
0 0.340625 0.653125 0.26875 0.653125 0.26875 0.7390625 0.340625 0.7390625 0.340625 0.653125
0 0.51953125 0.546875 0.43046875 0.546875 0.43046875 0.6203125 0.51953125 0.6203125 0.51953125 0.546875
0 0.38046875 0.50078125 0.29296875 0.50078125 0.29296875 0.58828125 0.38046875 0.58828125 0.38046875 0.50078125
0 0.83046875 0.21953125 0.71953125 0.21953125 0.71953125 0.31484375 0.83046875 0.31484375 0.83046875 0.21953125
0 0.8171875 0.49765625 0.728125 0.49765625 0.728125 0.58046875 0.8171875 0.58046875 0.8171875 0.49765625
0 0.515625 1 0.515625 0.9234375 0.36875 0.9234375 0.36875 1 0.515625 1
0 0.7375 1 0.7375 0.9234375 0.6546875 0.9234375 0.6546875 1 0.7375 1
0 0.178125 0.85390625 0.1015625 0.85390625 0.1015625 0.92890625 0.178125 0.92890625 0.178125 0.85390625
0 0.15625 0.70546875 0.096875 0.70546875 0.096875 0.79609375 0.15625 0.79609375 0.15625 0.70546875
0 0.315625 0.78828125 0.2375 0.78828125 0.2375 0.86796875 0.315625 0.86796875 0.315625 0.78828125
0 0.60703125 0.43125 0.51015625 0.43125 0.51015625 0.5265625 0.60703125 0.5265625 0.60703125 0.43125
0 0.86328125 0.7109375 0.81015625 0.7109375 0.81015625 0.7984375 0.86328125 0.7984375 0.86328125 0.7109375
0 0.73828125 0.68515625 0.67265625 0.68515625 0.67265625 0.74296875 0.73828125 0.74296875 0.73828125 0.68515625
0 0.86875 0.33671875 0.8078125 0.33671875 0.8078125 0.44765625 0.86875 0.44765625 0.86875 0.33671875
0 0.65859375 0.69609375 0.59296875 0.69609375 0.59296875 0.76015625 0.65859375 0.76015625 0.65859375 0.69609375
0 0.8671875 0.81953125 0.74375 0.81953125 0.74375 0.86796875 0.8671875 0.86796875 0.8671875 0.81953125
0 0.3390625 0.85390625 0.2953125 0.85390625 0.2953125 0.92890625 0.3390625 0.92890625 0.3390625 0.85390625
0 0.88125 0.58671875 0.7890625 0.58671875 0.7890625 0.69765625 0.88125 0.69765625 0.88125 0.58671875
0 0.6828125 0.56953125 0.6046875 0.56953125 0.6046875 0.64296875 0.6828125 0.64296875 0.6828125 0.56953125
0 0.75859375 0.5875 0.69453125 0.5875 0.69453125 0.6203125 0.75859375 0.6203125 0.75859375 0.5875