0 0.3546875 0.1 0.3015625 0.1 0.3015625 0.1640625 0.3546875 0.1640625 0.3546875 0.1
0 0.50234375 0.13046875 0.44609375 0.13046875 0.44609375 0.20078125 0.50234375 0.20078125 0.50234375 0.13046875
0 0.68046875 0.0640625 0.58203125 0.0640625 0.58203125 0.175 0.68046875 0.175 0.68046875 0.0640625
0 0.5171875 0.03359375 0.425 0.03359375 0.425 0.12109375 0.5171875 0.12109375 0.5171875 0.03359375
0 0.80546875 0.00703125 0.69765625 0.00703125 0.69765625 0.11328125 0.80546875 0.11328125 0.80546875 0.00703125
0 0.31953125 0.00703125 0.25703125 0.00703125 0.25703125 0.09765625 0.31953125 0.09765625 0.31953125 0.00703125
0 0.58359375 0.16953125 0.50546875 0.16953125 0.50546875 0.24609375 0.58359375 0.24609375 0.58359375 0.16953125
0 0.41171875 0.38515625 0.30546875 0.38515625 0.30546875 0.50546875 0.41171875 0.50546875 0.41171875 0.38515625
0 0.484375 0.2671875 0.425 0.2671875 0.425 0.4078125 0.484375 0.4078125 0.484375 0.2671875
0 0.54296875 0.24609375 0.47734375 0.24609375 0.47734375 0.32578125 0.54296875 0.32578125 0.54296875 0.24609375
0 0.61953125 0.25625 0.54296875 0.25625 0.54296875 0.371875 0.61953125 0.371875 0.61953125 0.25625
0 0.4546875 0.5140625 0.3125 0.5140625 0.3125 0.6828125 0.4546875 0.6828125 0.4546875 0.5140625
0 0.54296875 0.42578125 0.41640625 0.42578125 0.41640625 0.66953125 0.54296875 0.66953125 0.54296875 0.42578125
0 0.74140625 0.184375 0.64296875 0.184375 0.64296875 0.3 0.74140625 0.3 0.74140625 0.184375
0 0.75 0.32578125 0.6421875 0.32578125 0.6421875 0.46796875 0.75 0.46796875 0.75 0.32578125
0 0.97578125 0.271875 0.89765625 0.271875 0.89765625 0.4265625 0.97578125 0.4265625 0.97578125 0.271875
0 0.97109375 0.4359375 0.83828125 0.4359375 0.83828125 0.5421875 0.97109375 0.5421875 0.97109375 0.4359375
0 0.31796875 0.3953125 0.17890625 0.3953125 0.17890625 0.5515625 0.31796875 0.5515625 0.31796875 0.3953125
0 0.44453125 0.1921875 0.36328125 0.1921875 0.36328125 0.3625 0.44453125 0.3625 0.44453125 0.1921875
0 0.19921875 0.41015625 0.08515625 0.41015625 0.08515625 0.63671875 0.19921875 0.63671875 0.19921875 0.41015625
0 0.87890625 0.50859375 0.73984375 0.50859375 0.73984375 0.66484375 0.87890625 0.66484375 0.87890625 0.50859375
0 0.66015625 0.4203125 0.53984375 0.4203125 0.53984375 0.5671875 0.66015625 0.5671875 0.66015625 0.4203125