0 0.38125 0.3 0.3109375 0.3 0.3109375 0.40625 0.38125 0.40625 0.38125 0.3
0 0.2828125 0.521875 0.2125 0.521875 0.2125 0.6578125 0.2828125 0.6578125 0.2828125 0.521875
0 0.5046875 0.575 0.4453125 0.575 0.4453125 0.6484375 0.5046875 0.6484375 0.5046875 0.575
0 0.3609375 0.74609375 0.2984375 0.74609375 0.2984375 0.91171875 0.3609375 0.91171875 0.3609375 0.74609375
0 0.59140625 0.62890625 0.53984375 0.62890625 0.53984375 0.71796875 0.59140625 0.71796875 0.59140625 0.62890625
0 0.63203125 0.76328125 0.55390625 0.76328125 0.55390625 0.84609375 0.63203125 0.84609375 0.63203125 0.76328125
0 0.9046875 1 0.9046875 0.8921875 0.8578125 0.8921875 0.8578125 1 0.9046875 1
0 0.503125 0.921875 0.4453125 0.921875 0.4453125 0.996875 0.503125 0.996875 0.503125 0.921875
0 0.73203125 0.81640625 0.64296875 0.81640625 0.64296875 0.90078125 0.73203125 0.90078125 0.73203125 0.81640625
0 0.76484375 1 0.76484375 0.928125 0.69921875 0.928125 0.69921875 1 0.76484375 1
0 0.959375 0.79609375 0.8890625 0.79609375 0.8890625 0.88203125 0.959375 0.88203125 0.959375 0.79609375
0 1 0.9125 0.975 0.9125 0.975 0.978125 1 0.978125 1 0.9125