0 0.0921875 0.31015625 0.009375 0.31015625 0.009375 0.41640625 0.0921875 0.41640625 0.0921875 0.31015625
0 0.33984375 0.0703125 0.23203125 0.0703125 0.23203125 0.1375 0.33984375 0.1375 0.33984375 0.0703125
0 0.07109375 0.603125 0.00078125 0.603125 0.00078125 0.725 0.07109375 0.725 0.07109375 0.603125
0 0.53046875 0.2265625 0.39921875 0.2265625 0.39921875 0.3890625 0.53046875 0.3890625 0.53046875 0.2265625
0 0.71015625 0.165625 0.61015625 0.165625 0.61015625 0.2484375 0.71015625 0.2484375 0.71015625 0.165625
0 0.415625 0.5453125 0.309375 0.5453125 0.309375 0.596875 0.415625 0.596875 0.415625 0.5453125
0 0.2171875 0.6828125 0.1140625 0.6828125 0.1140625 0.7640625 0.2171875 0.7640625 0.2171875 0.6828125
0 0.30625 0.75703125 0.2453125 0.75703125 0.2453125 0.90390625 0.30625 0.90390625 0.30625 0.75703125
0 0.18125 0.15703125 0.0828125 0.15703125 0.0828125 0.23046875 0.18125 0.23046875 0.18125 0.15703125
0 0.52734375 0.4390625 0.42265625 0.4390625 0.42265625 0.5328125 0.52734375 0.5328125 0.52734375 0.4390625
0 0.76640625 0.2921875 0.66484375 0.2921875 0.66484375 0.4296875 0.76640625 0.4296875 0.76640625 0.2921875
0 0.4609375 0.71953125 0.4015625 0.71953125 0.4015625 0.77109375 0.4609375 0.77109375 0.4609375 0.71953125
0 0.625 0.6328125 0.55625 0.6328125 0.55625 0.73125 0.625 0.73125 0.625 0.6328125
0 0.3140625 0.58125 0.25625 0.58125 0.25625 0.6328125 0.3140625 0.6328125 0.3140625 0.58125
0 0.68828125 0.8390625 0.63359375 0.8390625 0.63359375 0.9 0.68828125 0.9 0.68828125 0.8390625
0 0.66328125 0.89921875 0.58984375 0.89921875 0.58984375 0.93984375 0.66328125 0.93984375 0.66328125 0.89921875
0 0.37734375 0.1953125 0.27578125 0.1953125 0.27578125 0.246875 0.37734375 0.246875 0.37734375 0.1953125
0 0.37421875 0.025 0.29296875 0.025 0.29296875 0.06875 0.37421875 0.06875 0.37421875 0.025
0 0.09609375 0.7609375 0.04140625 0.7609375 0.04140625 0.8140625 0.09609375 0.8140625 0.09609375 0.7609375
0 0.51484375 0.92578125 0.41796875 0.92578125 0.41796875 0.99140625 0.51484375 0.99140625 0.51484375 0.92578125
0 0.79375 0.7984375 0.696875 0.7984375 0.696875 0.8796875 0.79375 0.8796875 0.79375 0.7984375
0 0.47421875 0.034375 0.39296875 0.034375 0.39296875 0.09375 0.47421875 0.09375 0.47421875 0.034375
0 0.5125 0.11484375 0.40625 0.11484375 0.40625 0.18203125 0.5125 0.18203125 0.5125 0.11484375
0 0.590625 0.0875 0.521875 0.0875 0.521875 0.1484375 0.590625 0.1484375 0.590625 0.0875
0 0.61171875 0.20234375 0.54296875 0.20234375 0.54296875 0.33046875 0.61171875 0.33046875 0.61171875 0.20234375
0 0.65625 0.3671875 0.5421875 0.3671875 0.5421875 0.515625 0.65625 0.515625 0.65625 0.3671875
0 0.2546875 0.55 0.134375 0.55 0.134375 0.659375 0.2546875 0.659375 0.2546875 0.55
0 0.8765625 0.1484375 0.809375 0.1484375 0.809375 0.35 0.8765625 0.35 0.8765625 0.1484375
0 0.7953125 0.9046875 0.7078125 0.9046875 0.7078125 0.990625 0.7953125 0.990625 0.7953125 0.9046875
0 0.84140625 0.796875 0.80078125 0.796875 0.80078125 0.859375 0.84140625 0.859375 0.84140625 0.796875
0 0.9171875 0.89609375 0.8140625 0.89609375 0.8140625 0.98828125 0.9171875 0.98828125 0.9171875 0.89609375
0 0.75859375 0.53203125 0.60390625 0.53203125 0.60390625 0.63359375 0.75859375 0.63359375 0.75859375 0.53203125
0 0.79453125 0.4515625 0.66484375 0.4515625 0.66484375 0.515625 0.79453125 0.515625 0.79453125 0.4515625
0 0.50078125 0.54765625 0.43828125 0.54765625 0.43828125 0.64921875 0.50078125 0.64921875 0.50078125 0.54765625
0 0.70078125 0.07578125 0.59921875 0.07578125 0.59921875 0.15234375 0.70078125 0.15234375 0.70078125 0.07578125