0 0.59296875 0.15859375 0.46015625 0.15859375 0.46015625 0.41484375 0.59296875 0.41484375 0.59296875 0.15859375
0 0.34140625 0.090625 0.18359375 0.090625 0.18359375 0.2578125 0.34140625 0.2578125 0.34140625 0.090625
0 0.4984375 0.35390625 0.4015625 0.35390625 0.4015625 0.45390625 0.4984375 0.45390625 0.4984375 0.35390625
0 0.515625 0.45546875 0.3359375 0.45546875 0.3359375 0.56015625 0.515625 0.56015625 0.515625 0.45546875
0 0.78984375 0.32578125 0.59765625 0.32578125 0.59765625 0.64765625 0.78984375 0.64765625 0.78984375 0.32578125
0 0.17734375 0.23671875 0.13671875 0.23671875 0.13671875 0.31328125 0.17734375 0.31328125 0.17734375 0.23671875
0 0.12265625 0.00703125 0.06796875 0.00703125 0.06796875 0.10703125 0.12265625 0.10703125 0.12265625 0.00703125
0 0.2578125 0.6171875 0.1515625 0.6171875 0.1515625 0.7703125 0.2578125 0.7703125 0.2578125 0.6171875
0 0.5765625 0.54375 0.4734375 0.54375 0.4734375 0.6828125 0.5765625 0.6828125 0.5765625 0.54375
0 0.540625 0.6671875 0.4390625 0.6671875 0.4390625 0.7890625 0.540625 0.7890625 0.540625 0.6671875
0 0.7390625 1 0.7390625 0.8171875 0.59375 0.8171875 0.59375 1 0.7390625 1
0 0.91171875 0.77109375 0.75859375 0.77109375 0.75859375 0.94296875 0.91171875 0.94296875 0.91171875 0.77109375
0 0.678125 0.65859375 0.5703125 0.65859375 0.5703125 0.79921875 0.678125 0.79921875 0.678125 0.65859375
0 0.6609375 0.0234375 0.378125 0.0234375 0.378125 0.2578125 0.6609375 0.2578125 0.6609375 0.0234375
0 0.85546875 0.27421875 0.69296875 0.27421875 0.69296875 0.40859375 0.85546875 0.40859375 0.85546875 0.27421875
0 0.196875 0 0.196875 0.0734375 0.2796875 0.0734375 0.2796875 0 0.196875 0
0 0.59375 1 0.59375 0.8109375 0.515625 0.8109375 0.515625 1 0.59375 1