0 0.41015625 0.453125 0.32578125 0.453125 0.32578125 0.559375 0.41015625 0.559375 0.41015625 0.453125
0 0.234375 0.5359375 0.165625 0.5359375 0.165625 0.61875 0.234375 0.61875 0.234375 0.5359375
0 0.2984375 0.38125 0.2109375 0.38125 0.2109375 0.478125 0.2984375 0.478125 0.2984375 0.38125
0 0.76484375 0.0125 0.69140625 0.0125 0.69140625 0.11875 0.76484375 0.11875 0.76484375 0.0125
0 0.45546875 0.2265625 0.38671875 0.2265625 0.38671875 0.3171875 0.45546875 0.3171875 0.45546875 0.2265625
0 0.434375 0.3375 0.3421875 0.3375 0.3421875 0.415625 0.434375 0.415625 0.434375 0.3375
0 0.7734375 0.1890625 0.6515625 0.1890625 0.6515625 0.39375 0.7734375 0.39375 0.7734375 0.1890625
0 0.5796875 0.009375 0.496875 0.009375 0.496875 0.1046875 0.5796875 0.1046875 0.5796875 0.009375
0 0.5796875 0.40546875 0.4984375 0.40546875 0.4984375 0.57734375 0.5796875 0.57734375 0.5796875 0.40546875
0 0.78046875 0.4265625 0.67109375 0.4265625 0.67109375 0.5375 0.78046875 0.5375 0.78046875 0.4265625
0 0.52890625 0.18828125 0.47265625 0.18828125 0.47265625 0.29765625 0.52890625 0.29765625 0.52890625 0.18828125
0 0.31875 0.1734375 0.2265625 0.1734375 0.2265625 0.3046875 0.31875 0.3046875 0.31875 0.1734375
0 0.1578125 0.3546875 0.1015625 0.3546875 0.1015625 0.4578125 0.1578125 0.4578125 0.1578125 0.3546875
0 0.9 0.04296875 0.809375 0.04296875 0.809375 0.16015625 0.9 0.16015625 0.9 0.04296875