0 0.26875 0.0859375 0.203125 0.0859375 0.203125 0.1953125 0.26875 0.1953125 0.26875 0.0859375
0 0.1765625 0.31484375 0.1 0.31484375 0.1 0.49609375 0.1765625 0.49609375 0.1765625 0.31484375
0 0.30703125 0.46953125 0.23828125 0.46953125 0.23828125 0.57890625 0.30703125 0.57890625 0.30703125 0.46953125
0 0.58671875 0.6515625 0.50078125 0.6515625 0.50078125 0.7875 0.58671875 0.7875 0.58671875 0.6515625
0 0.35625 0.3640625 0.290625 0.3640625 0.290625 0.4703125 0.35625 0.4703125 0.35625 0.3640625
0 0.41796875 0.5578125 0.36171875 0.5578125 0.36171875 0.7484375 0.41796875 0.7484375 0.41796875 0.5578125
0 0.61171875 0.809375 0.55390625 0.809375 0.55390625 0.9203125 0.61171875 0.9203125 0.61171875 0.809375
0 0.78125 0.4125 0.7109375 0.4125 0.7109375 0.4921875 0.78125 0.4921875 0.78125 0.4125
0 0.85859375 0.125 0.78984375 0.125 0.78984375 0.253125 0.85859375 0.253125 0.85859375 0.125
0 0.15703125 0.06171875 0.05390625 0.06171875 0.05390625 0.19140625 0.15703125 0.19140625 0.15703125 0.06171875
0 0.20859375 0.5515625 0.12109375 0.5515625 0.12109375 0.715625 0.20859375 0.715625 0.20859375 0.5515625
0 0.58671875 0.4421875 0.47109375 0.4421875 0.47109375 0.596875 0.58671875 0.596875 0.58671875 0.4421875