0 0.56953125 0.43515625 0.49296875 0.43515625 0.49296875 0.52890625 0.56953125 0.52890625 0.56953125 0.43515625
0 0.44609375 0.653125 0.36328125 0.653125 0.36328125 0.71875 0.44609375 0.71875 0.44609375 0.653125
0 0.60625 0.71328125 0.5328125 0.71328125 0.5328125 0.78828125 0.60625 0.78828125 0.60625 0.71328125
0 0.4984375 0.71328125 0.425 0.71328125 0.425 0.77890625 0.4984375 0.77890625 0.4984375 0.71328125
0 0.7 0.48828125 0.6328125 0.48828125 0.6328125 0.59609375 0.7 0.59609375 0.7 0.48828125
0 0.78046875 0.703125 0.68203125 0.703125 0.68203125 0.8609375 0.78046875 0.8609375 0.78046875 0.703125
0 0.60625 1 0.60625 0.91875 0.4890625 0.91875 0.4890625 1 0.60625 1
0 0.41640625 0.825 0.33984375 0.825 0.33984375 0.95625 0.41640625 0.95625 0.41640625 0.825
0 0.3328125 0.78046875 0.2328125 0.78046875 0.2328125 0.90859375 0.3328125 0.90859375 0.3328125 0.78046875
0 0.96328125 0.72265625 0.88984375 0.72265625 0.88984375 0.84140625 0.96328125 0.84140625 0.96328125 0.72265625
0 0.440625 0.1546875 0.3421875 0.1546875 0.3421875 0.253125 0.440625 0.253125 0.440625 0.1546875
0 0.60703125 0.20546875 0.50859375 0.20546875 0.50859375 0.39296875 0.60703125 0.39296875 0.60703125 0.20546875
0 0.41640625 0.53046875 0.28515625 0.53046875 0.28515625 0.63046875 0.41640625 0.63046875 0.41640625 0.53046875
0 0.48984375 0.32265625 0.21484375 0.32265625 0.21484375 0.50390625 0.48984375 0.50390625 0.48984375 0.32265625
0 0.7828125 0.034375 0.6578125 0.034375 0.6578125 0.1578125 0.7828125 0.1578125 0.7828125 0.034375
0 0.9375 0.12734375 0.84375 0.12734375 0.84375 0.28828125 0.9375 0.28828125 0.9375 0.12734375
0 0.7515625 0.5859375 0.6921875 0.5859375 0.6921875 0.6609375 0.7515625 0.6609375 0.7515625 0.5859375
0 0.7734375 0.2 0.625 0.2 0.625 0.478125 0.7734375 0.478125 0.7734375 0.2
0 0.9921875 0.31796875 0.9125 0.31796875 0.9125 0.42578125 0.9921875 0.42578125 0.9921875 0.31796875
0 0.87890625 0.50078125 0.74453125 0.50078125 0.74453125 0.73828125 0.87890625 0.73828125 0.87890625 0.50078125
0 0.99921875 0.58828125 0.91640625 0.58828125 0.91640625 0.71015625 0.99921875 0.71015625 0.99921875 0.58828125
0 0.35 0.1328125 0.2109375 0.1328125 0.2109375 0.3078125 0.35 0.3078125 0.35 0.1328125
0 0.64609375 0.05234375 0.41015625 0.05234375 0.41015625 0.21015625 0.64609375 0.21015625 0.64609375 0.05234375
0 0.98828125 0.234375 0.77265625 0.234375 0.77265625 0.515625 0.98828125 0.515625 0.98828125 0.234375
0 0.2359375 0.80078125 0.1171875 0.80078125 0.1171875 0.99140625 0.2359375 0.99140625 0.2359375 0.80078125
0 0.778125 1 0.778125 0.7609375 0.6328125 0.7609375 0.6328125 1 0.778125 1
0 0.69453125 0.55 0.43671875 0.55 0.43671875 0.70625 0.69453125 0.70625 0.69453125 0.55
0 0.28125 0.4328125 0.1375 0.4328125 0.1375 0.6609375 0.28125 0.6609375 0.28125 0.4328125