0 0.23046875 0.40078125 0.14453125 0.40078125 0.14453125 0.42734375 0.23046875 0.42734375 0.23046875 0.40078125
0 0.1421875 0.43671875 0.0765625 0.43671875 0.0765625 0.47265625 0.1421875 0.47265625 0.1421875 0.43671875
0 0.0375 0.4859375 0.003125 0.4859375 0.003125 0.540625 0.0375 0.540625 0.0375 0.4859375
0 0.4171875 0.4734375 0.35 0.4734375 0.35 0.5171875 0.4171875 0.5171875 0.4171875 0.4734375
0 0.38984375 0.3703125 0.32734375 0.3703125 0.32734375 0.415625 0.38984375 0.415625 0.38984375 0.3703125
0 0.5765625 0.41171875 0.5046875 0.41171875 0.5046875 0.43984375 0.5765625 0.43984375 0.5765625 0.41171875
0 0.66484375 0.69921875 0.59765625 0.69921875 0.59765625 0.72734375 0.66484375 0.72734375 0.66484375 0.69921875
0 0.2234375 0.5796875 0.178125 0.5796875 0.178125 0.628125 0.2234375 0.628125 0.2234375 0.5796875
0 0.3859375 0.59453125 0.2890625 0.59453125 0.2890625 0.64453125 0.3859375 0.64453125 0.3859375 0.59453125
0 0.34609375 0.6953125 0.29453125 0.6953125 0.29453125 0.7265625 0.34609375 0.7265625 0.34609375 0.6953125
0 0.22265625 0.34140625 0.17421875 0.34140625 0.17421875 0.36953125 0.22265625 0.36953125 0.22265625 0.34140625
0 0.48046875 0.51015625 0.42421875 0.51015625 0.42421875 0.54453125 0.48046875 0.54453125 0.48046875 0.51015625
0 0.36484375 0.753125 0.31015625 0.753125 0.31015625 0.79375 0.36484375 0.79375 0.36484375 0.753125
0 0.5875 0.19140625 0.525 0.19140625 0.525 0.22734375 0.5875 0.22734375 0.5875 0.19140625
0 0.26171875 0.4828125 0.17421875 0.4828125 0.17421875 0.509375 0.26171875 0.509375 0.26171875 0.4828125
0 0.49609375 0.590625 0.41953125 0.590625 0.41953125 0.615625 0.49609375 0.615625 0.49609375 0.590625
0 0.48828125 0.71640625 0.41953125 0.71640625 0.41953125 0.75703125 0.48828125 0.75703125 0.48828125 0.71640625
0 0.4046875 0.71171875 0.35625 0.71171875 0.35625 0.74921875 0.4046875 0.74921875 0.4046875 0.71171875
0 0.66796875 0.79453125 0.60390625 0.79453125 0.60390625 0.84921875 0.66796875 0.84921875 0.66796875 0.79453125
0 0.81328125 0.70390625 0.76171875 0.70390625 0.76171875 0.73984375 0.81328125 0.73984375 0.81328125 0.70390625
0 0.8453125 0.46171875 0.7859375 0.46171875 0.7859375 0.50234375 0.8453125 0.50234375 0.8453125 0.46171875
0 0.203125 0.5296875 0.1546875 0.5296875 0.1546875 0.559375 0.203125 0.559375 0.203125 0.5296875
0 0.2359375 0.66953125 0.175 0.66953125 0.175 0.71484375 0.2359375 0.71484375 0.2359375 0.66953125
0 0.32578125 0.36640625 0.26796875 0.36640625 0.26796875 0.39453125 0.32578125 0.39453125 0.32578125 0.36640625
0 0.4 0.4171875 0.3375 0.4171875 0.3375 0.44375 0.4 0.44375 0.4 0.4171875