0 0.465625 0.45390625 0.3296875 0.45390625 0.3296875 0.59609375 0.465625 0.59609375 0.465625 0.45390625
0 0.44375 0.30078125 0.334375 0.30078125 0.334375 0.36953125 0.44375 0.36953125 0.44375 0.30078125
0 0.7078125 0.4265625 0.621875 0.4265625 0.621875 0.5828125 0.7078125 0.5828125 0.7078125 0.4265625
0 0.64296875 0.0859375 0.49296875 0.0859375 0.49296875 0.3921875 0.64296875 0.3921875 0.64296875 0.0859375
0 0.31484375 0.140625 0.21953125 0.140625 0.21953125 0.2515625 0.31484375 0.2515625 0.31484375 0.140625
0 0.3484375 0.678125 0.2390625 0.678125 0.2390625 0.81875 0.3484375 0.81875 0.3484375 0.678125
0 0.49609375 0.065625 0.34453125 0.065625 0.34453125 0.2078125 0.49609375 0.2078125 0.49609375 0.065625
0 0.8078125 0.4296875 0.721875 0.4296875 0.721875 0.5765625 0.8078125 0.5765625 0.8078125 0.4296875
0 0.7 0.62421875 0.5640625 0.62421875 0.5640625 0.75703125 0.7 0.75703125 0.7 0.62421875
0 0.51953125 0.6234375 0.41015625 0.6234375 0.41015625 0.709375 0.51953125 0.709375 0.51953125 0.6234375
0 0.2609375 0.5453125 0.1640625 0.5453125 0.1640625 0.6734375 0.2609375 0.6734375 0.2609375 0.5453125
0 0.91640625 0.41640625 0.82734375 0.41640625 0.82734375 0.56640625 0.91640625 0.56640625 0.91640625 0.41640625