0 0.32265625 0.21171875 0.24609375 0.21171875 0.24609375 0.26640625 0.32265625 0.26640625 0.32265625 0.21171875
0 0.7609375 0.81796875 0.6609375 0.81796875 0.6609375 0.87578125 0.7609375 0.87578125 0.7609375 0.81796875
0 0.39765625 0.65078125 0.32265625 0.65078125 0.32265625 0.71953125 0.39765625 0.71953125 0.39765625 0.65078125
0 0.51640625 0.24453125 0.44921875 0.24453125 0.44921875 0.30703125 0.51640625 0.30703125 0.51640625 0.24453125
0 0.9859375 0.13984375 0.9 0.13984375 0.9 0.30703125 0.9859375 0.30703125 0.9859375 0.13984375
0 0.321875 0.67578125 0.2 0.67578125 0.2 0.79765625 0.321875 0.79765625 0.321875 0.67578125
0 0.44609375 0.734375 0.36953125 0.734375 0.36953125 0.8015625 0.44609375 0.8015625 0.44609375 0.734375
0 0.08359375 0.228125 0.00078125 0.228125 0.00078125 0.3328125 0.08359375 0.3328125 0.08359375 0.228125
0 0.40859375 0.7984375 0.28984375 0.7984375 0.28984375 0.8703125 0.40859375 0.8703125 0.40859375 0.7984375
0 0.7 1 0.7 0.9 0.578125 0.9 0.578125 1 0.7 1
0 0.78203125 0.37890625 0.68046875 0.37890625 0.68046875 0.46484375 0.78203125 0.46484375 0.78203125 0.37890625