0 0.12421875 0.4078125 0.08828125 0.4078125 0.08828125 0.45 0.12421875 0.45 0.12421875 0.4078125
0 0.128125 0.45859375 0.0703125 0.45859375 0.0703125 0.50546875 0.128125 0.50546875 0.128125 0.45859375
0 0.209375 0.5671875 0.1578125 0.5671875 0.1578125 0.61875 0.209375 0.61875 0.209375 0.5671875
0 0.29609375 0.5265625 0.21328125 0.5265625 0.21328125 0.5734375 0.29609375 0.5734375 0.29609375 0.5265625
0 0.31796875 0.6859375 0.26328125 0.6859375 0.26328125 0.7671875 0.31796875 0.7671875 0.31796875 0.6859375
0 0.1625 0.1625 0.11875 0.1625 0.11875 0.2109375 0.1625 0.2109375 0.1625 0.1625
0 0.2265625 0.134375 0.153125 0.134375 0.153125 0.203125 0.2265625 0.203125 0.2265625 0.134375
0 0.31953125 0.24296875 0.25703125 0.24296875 0.25703125 0.29453125 0.31953125 0.29453125 0.31953125 0.24296875
0 0.40390625 0.32578125 0.31796875 0.32578125 0.31796875 0.36953125 0.40390625 0.36953125 0.40390625 0.32578125
0 0.3375 0.615625 0.29375 0.615625 0.29375 0.653125 0.3375 0.653125 0.3375 0.615625
0 0.33828125 0.140625 0.29453125 0.140625 0.29453125 0.1578125 0.33828125 0.1578125 0.33828125 0.140625
0 0.25 0.7921875 0.2125 0.7921875 0.2125 0.8203125 0.25 0.8203125 0.25 0.7921875
0 0.41875 0.40078125 0.3734375 0.40078125 0.3734375 0.45078125 0.41875 0.45078125 0.41875 0.40078125
0 0.22109375 0.2140625 0.15078125 0.2140625 0.15078125 0.2546875 0.22109375 0.2546875 0.22109375 0.2140625
0 0.38046875 0.5671875 0.34296875 0.5671875 0.34296875 0.609375 0.38046875 0.609375 0.38046875 0.5671875
0 0.2765625 0.59453125 0.2234375 0.59453125 0.2234375 0.65546875 0.2765625 0.65546875 0.2765625 0.59453125
0 0.30234375 0.18359375 0.26015625 0.18359375 0.26015625 0.23203125 0.30234375 0.23203125 0.30234375 0.18359375
0 0.06875 0.28359375 0.0265625 0.28359375 0.0265625 0.30703125 0.06875 0.30703125 0.06875 0.28359375
0 0.13125 0.25546875 0.08125 0.25546875 0.08125 0.27265625 0.13125 0.27265625 0.13125 0.25546875
0 0.38828125 0.2453125 0.34296875 0.2453125 0.34296875 0.278125 0.38828125 0.278125 0.38828125 0.2453125
0 0.38828125 0.50390625 0.35078125 0.50390625 0.35078125 0.53515625 0.38828125 0.53515625 0.38828125 0.50390625
0 0.37734375 0.6765625 0.33046875 0.6765625 0.33046875 0.734375 0.37734375 0.734375 0.37734375 0.6765625