0 0.5640625 0.6109375 0.4796875 0.6109375 0.4796875 0.709375 0.5640625 0.709375 0.5640625 0.6109375
0 0.828125 0.475 0.775 0.475 0.775 0.55 0.828125 0.55 0.828125 0.475
0 0.8 0.5328125 0.7359375 0.5328125 0.7359375 0.6640625 0.8 0.6640625 0.8 0.5328125
0 0.62734375 0.6671875 0.56953125 0.6671875 0.56953125 0.784375 0.62734375 0.784375 0.62734375 0.6671875
0 0.7046875 0.74140625 0.6375 0.74140625 0.6375 0.82734375 0.7046875 0.82734375 0.7046875 0.74140625
0 0.3671875 0.60234375 0.3 0.60234375 0.3 0.68984375 0.3671875 0.68984375 0.3671875 0.60234375
0 0.3984375 0.45859375 0.3296875 0.45859375 0.3296875 0.53359375 0.3984375 0.53359375 0.3984375 0.45859375
0 0.40703125 0.8328125 0.35859375 0.8328125 0.35859375 0.89375 0.40703125 0.89375 0.40703125 0.8328125
0 0.71875 0.84375 0.6375 0.84375 0.6375 0.971875 0.71875 0.971875 0.71875 0.84375
0 0.57578125 0.33359375 0.51953125 0.33359375 0.51953125 0.41953125 0.57578125 0.41953125 0.57578125 0.33359375
0 0.49921875 0.89140625 0.45078125 0.89140625 0.45078125 0.93828125 0.49921875 0.93828125 0.49921875 0.89140625
0 0.50078125 0.71328125 0.43203125 0.71328125 0.43203125 0.78046875 0.50078125 0.78046875 0.50078125 0.71328125
0 0.58671875 1 0.58671875 0.940625 0.53984375 0.940625 0.53984375 1 0.58671875 1
0 0.65703125 0.521875 0.58359375 0.521875 0.58359375 0.61875 0.65703125 0.61875 0.65703125 0.521875
0 0.4390625 0.5140625 0.4046875 0.5140625 0.4046875 0.6234375 0.4390625 0.6234375 0.4390625 0.5140625