0 0.19921875 0.55390625 0.15078125 0.55390625 0.15078125 0.62734375 0.19921875 0.62734375 0.19921875 0.55390625
0 0.265625 0.578125 0.2265625 0.578125 0.2265625 0.6578125 0.265625 0.6578125 0.265625 0.578125
0 0.296875 0.61171875 0.2609375 0.61171875 0.2609375 0.71953125 0.296875 0.71953125 0.296875 0.61171875
0 0.378125 0.10234375 0.3359375 0.10234375 0.3359375 0.16171875 0.378125 0.16171875 0.378125 0.10234375
0 0.1640625 0.6640625 0.1171875 0.6640625 0.1171875 0.7484375 0.1640625 0.7484375 0.1640625 0.6640625
0 0.26875 0.821875 0.21875 0.821875 0.21875 0.8765625 0.26875 0.8765625 0.26875 0.821875
0 0.3421875 0.85546875 0.2734375 0.85546875 0.2734375 0.93203125 0.3421875 0.93203125 0.3421875 0.85546875
0 0.40234375 0.63984375 0.35078125 0.63984375 0.35078125 0.68671875 0.40234375 0.68671875 0.40234375 0.63984375
0 0.34609375 0.71640625 0.29921875 0.71640625 0.29921875 0.80234375 0.34609375 0.80234375 0.34609375 0.71640625
0 0.7140625 0.69921875 0.68125 0.69921875 0.68125 0.75859375 0.7140625 0.75859375 0.7140625 0.69921875
0 0.69921875 0.53203125 0.66328125 0.53203125 0.66328125 0.57421875 0.69921875 0.57421875 0.69921875 0.53203125
0 0.728125 0.79765625 0.6671875 0.79765625 0.6671875 0.89296875 0.728125 0.89296875 0.728125 0.79765625
0 0.7765625 0.58125 0.7375 0.58125 0.7375 0.671875 0.7765625 0.671875 0.7765625 0.58125
0 0.6578125 0.6859375 0.61875 0.6859375 0.61875 0.771875 0.6578125 0.771875 0.6578125 0.6859375
0 0.446875 0.6984375 0.4046875 0.6984375 0.4046875 0.7390625 0.446875 0.7390625 0.446875 0.6984375
0 0.78359375 0.87421875 0.73671875 0.87421875 0.73671875 0.94296875 0.78359375 0.94296875 0.78359375 0.87421875
0 0.78359375 0.7046875 0.72265625 0.7046875 0.72265625 0.78125 0.78359375 0.78125 0.78359375 0.7046875
0 0.871875 0.68046875 0.8234375 0.68046875 0.8234375 0.75078125 0.871875 0.75078125 0.871875 0.68046875
0 0.85703125 0.79375 0.80234375 0.79375 0.80234375 0.8578125 0.85703125 0.8578125 0.85703125 0.79375