0 0.2375 0.47265625 0.1875 0.47265625 0.1875 0.52421875 0.2375 0.52421875 0.2375 0.47265625
0 0.29296875 0.3203125 0.23984375 0.3203125 0.23984375 0.3890625 0.29296875 0.3890625 0.29296875 0.3203125
0 0.14921875 0.89921875 0.09140625 0.89921875 0.09140625 0.97734375 0.14921875 0.97734375 0.14921875 0.89921875
0 0.4890625 0.53046875 0.4109375 0.53046875 0.4109375 0.61328125 0.4890625 0.61328125 0.4890625 0.53046875
0 0.421875 0.3046875 0.3359375 0.3046875 0.3359375 0.4046875 0.421875 0.4046875 0.421875 0.3046875
0 0.61484375 0.05546875 0.54921875 0.05546875 0.54921875 0.10859375 0.61484375 0.10859375 0.61484375 0.05546875
0 0.5671875 0.1375 0.49375 0.1375 0.49375 0.209375 0.5671875 0.209375 0.5671875 0.1375
0 0.53203125 0.23828125 0.45390625 0.23828125 0.45390625 0.35234375 0.53203125 0.35234375 0.53203125 0.23828125
0 0.7640625 0.07890625 0.68125 0.07890625 0.68125 0.17578125 0.7640625 0.17578125 0.7640625 0.07890625
0 0.7375 0.2125 0.6875 0.2125 0.6875 0.359375 0.7375 0.359375 0.7375 0.2125
0 0.6984375 0.16328125 0.6515625 0.16328125 0.6515625 0.23203125 0.6984375 0.23203125 0.6984375 0.16328125
0 0.79765625 0.14609375 0.74921875 0.14609375 0.74921875 0.26171875 0.79765625 0.26171875 0.79765625 0.14609375
0 0.90546875 0.528125 0.86015625 0.528125 0.86015625 0.5859375 0.90546875 0.5859375 0.90546875 0.528125
0 0.83359375 0.45625 0.75546875 0.45625 0.75546875 0.56875 0.83359375 0.56875 0.83359375 0.45625
0 0.6546875 0.2875 0.6 0.2875 0.6 0.40625 0.6546875 0.40625 0.6546875 0.2875
0 0.525 0.45546875 0.459375 0.45546875 0.459375 0.55546875 0.525 0.55546875 0.525 0.45546875
0 0.51484375 0.64453125 0.45703125 0.64453125 0.45703125 0.74296875 0.51484375 0.74296875 0.51484375 0.64453125
0 0.59140625 0.72265625 0.51953125 0.72265625 0.51953125 0.89921875 0.59140625 0.89921875 0.59140625 0.72265625
0 0.571875 0.60625 0.5375 0.60625 0.5375 0.690625 0.571875 0.690625 0.571875 0.60625
0 0.59609375 0.365625 0.55078125 0.365625 0.55078125 0.4375 0.59609375 0.4375 0.59609375 0.365625
0 0.61015625 0.5109375 0.56796875 0.5109375 0.56796875 0.6109375 0.61015625 0.6109375 0.61015625 0.5109375
0 0.69609375 0.38671875 0.66015625 0.38671875 0.66015625 0.45859375 0.69609375 0.45859375 0.69609375 0.38671875
0 0.7328125 0.4703125 0.6734375 0.4703125 0.6734375 0.5421875 0.7328125 0.5421875 0.7328125 0.4703125
0 0.709375 0.52265625 0.621875 0.52265625 0.621875 0.66953125 0.709375 0.66953125 0.709375 0.52265625
0 0.771875 0.75703125 0.7234375 0.75703125 0.7234375 0.81640625 0.771875 0.81640625 0.771875 0.75703125
0 0.15625 0.56015625 0.1078125 0.56015625 0.1078125 0.66328125 0.15625 0.66328125 0.15625 0.56015625
0 0.21328125 0.75703125 0.16171875 0.75703125 0.16171875 0.85859375 0.21328125 0.85859375 0.21328125 0.75703125
0 0.22421875 0.80703125 0.11328125 0.80703125 0.11328125 0.91484375 0.22421875 0.91484375 0.22421875 0.80703125