0 0.6671875 0.6078125 0.58125 0.6078125 0.58125 0.7140625 0.6671875 0.7140625 0.6671875 0.6078125
0 0.61796875 0.65703125 0.52421875 0.65703125 0.52421875 0.75234375 0.61796875 0.75234375 0.61796875 0.65703125
0 0.6421875 0.70078125 0.484375 0.70078125 0.484375 0.84140625 0.6421875 0.84140625 0.6421875 0.70078125
0 0.31640625 0.70703125 0.24609375 0.70703125 0.24609375 0.84921875 0.31640625 0.84921875 0.31640625 0.70703125
0 0.77421875 0.41328125 0.67109375 0.41328125 0.67109375 0.59765625 0.77421875 0.59765625 0.77421875 0.41328125
0 0.1515625 0.37578125 0.0859375 0.37578125 0.0859375 0.51796875 0.1515625 0.51796875 0.1515625 0.37578125
0 0.12421875 0.59453125 0.05078125 0.59453125 0.05078125 0.73671875 0.12421875 0.73671875 0.12421875 0.59453125
0 0.33203125 0.56328125 0.22734375 0.56328125 0.22734375 0.64921875 0.33203125 0.64921875 0.33203125 0.56328125
0 0.4109375 0.86640625 0.2609375 0.86640625 0.2609375 0.98515625 0.4109375 0.98515625 0.4109375 0.86640625
0 0.23203125 0.7078125 0.17578125 0.7078125 0.17578125 0.8453125 0.23203125 0.8453125 0.23203125 0.7078125
0 0.6359375 0.83515625 0.5359375 0.83515625 0.5359375 0.95234375 0.6359375 0.95234375 0.6359375 0.83515625