0 0.55703125 0.578125 0.50703125 0.578125 0.50703125 0.6671875 0.55703125 0.6671875 0.55703125 0.578125
0 0.515625 0.684375 0.4515625 0.684375 0.4515625 0.7625 0.515625 0.7625 0.515625 0.684375
0 0.59296875 0.81328125 0.54609375 0.81328125 0.54609375 0.90859375 0.59296875 0.90859375 0.59296875 0.81328125
0 0.80703125 0.17421875 0.76796875 0.17421875 0.76796875 0.26328125 0.80703125 0.26328125 0.80703125 0.17421875
0 0.8140625 0.2765625 0.7671875 0.2765625 0.7671875 0.3515625 0.8140625 0.3515625 0.8140625 0.2765625
0 0.33203125 0.62421875 0.28671875 0.62421875 0.28671875 0.71953125 0.33203125 0.71953125 0.33203125 0.62421875
0 0.40390625 0.5453125 0.34296875 0.5453125 0.34296875 0.6671875 0.40390625 0.6671875 0.40390625 0.5453125
0 0.45390625 0.45859375 0.38046875 0.45859375 0.38046875 0.55703125 0.45390625 0.55703125 0.45390625 0.45859375
0 0.46171875 0.5859375 0.39765625 0.5859375 0.39765625 0.68125 0.46171875 0.68125 0.46171875 0.5859375
0 0.44609375 0.69375 0.35703125 0.69375 0.35703125 0.825 0.44609375 0.825 0.44609375 0.69375
0 0.31796875 0.7625 0.25390625 0.7625 0.25390625 0.909375 0.31796875 0.909375 0.31796875 0.7625
0 0.50390625 0.40390625 0.46640625 0.40390625 0.46640625 0.57109375 0.50390625 0.57109375 0.50390625 0.40390625
0 0.521875 0.27265625 0.4515625 0.27265625 0.4515625 0.36171875 0.521875 0.36171875 0.521875 0.27265625