0 0.56953125 0.3375 0.46953125 0.3375 0.46953125 0.46875 0.56953125 0.46875 0.56953125 0.3375
0 0.3609375 0.52109375 0.240625 0.52109375 0.240625 0.59453125 0.3609375 0.59453125 0.3609375 0.52109375
0 0.79609375 0.33046875 0.70390625 0.33046875 0.70390625 0.43671875 0.79609375 0.43671875 0.79609375 0.33046875
0 0.69921875 0.2875 0.63671875 0.2875 0.63671875 0.3734375 0.69921875 0.3734375 0.69921875 0.2875
0 0.70234375 0.49140625 0.55546875 0.49140625 0.55546875 0.66171875 0.70234375 0.66171875 0.70234375 0.49140625
0 0.80390625 0.45078125 0.74921875 0.45078125 0.74921875 0.53671875 0.80390625 0.53671875 0.80390625 0.45078125
0 0.53359375 0.60390625 0.45078125 0.60390625 0.45078125 0.72421875 0.53359375 0.72421875 0.53359375 0.60390625
0 0.36953125 0.7546875 0.29140625 0.7546875 0.29140625 0.8296875 0.36953125 0.8296875 0.36953125 0.7546875
0 0.4640625 0.5984375 0.34375 0.5984375 0.34375 0.8125 0.4640625 0.8125 0.4640625 0.5984375
0 0.2390625 0.61875 0.1671875 0.61875 0.1671875 0.7515625 0.2390625 0.7515625 0.2390625 0.61875
0 0.36875 0.5515625 0.253125 0.5515625 0.253125 0.7421875 0.36875 0.7421875 0.36875 0.5515625
0 0.715625 0.30078125 0.559375 0.30078125 0.559375 0.49140625 0.715625 0.49140625 0.715625 0.30078125