0 0.35 0.24609375 0.2796875 0.24609375 0.2796875 0.28515625 0.35 0.28515625 0.35 0.24609375
0 0.3078125 0.35234375 0.253125 0.35234375 0.253125 0.44296875 0.3078125 0.44296875 0.3078125 0.35234375
0 0.31796875 0.47734375 0.25703125 0.47734375 0.25703125 0.55078125 0.31796875 0.55078125 0.31796875 0.47734375
0 0.3296875 0.7921875 0.2546875 0.7921875 0.2546875 0.8703125 0.3296875 0.8703125 0.3296875 0.7921875
0 0.50703125 0.24609375 0.46328125 0.24609375 0.46328125 0.31015625 0.50703125 0.31015625 0.50703125 0.24609375
0 0.4140625 0.56484375 0.3640625 0.56484375 0.3640625 0.62109375 0.4140625 0.62109375 0.4140625 0.56484375
0 0.52109375 0.29453125 0.48671875 0.29453125 0.48671875 0.38671875 0.52109375 0.38671875 0.52109375 0.29453125
0 0.44765625 0.653125 0.40234375 0.653125 0.40234375 0.7265625 0.44765625 0.7265625 0.44765625 0.653125
0 0.54140625 0.740625 0.48671875 0.740625 0.48671875 0.8046875 0.54140625 0.8046875 0.54140625 0.740625
0 0.37109375 0.8953125 0.32578125 0.8953125 0.32578125 0.975 0.37109375 0.975 0.37109375 0.8953125
0 0.7109375 0.3375 0.6703125 0.3375 0.6703125 0.4046875 0.7109375 0.4046875 0.7109375 0.3375
0 0.27578125 0.6140625 0.22578125 0.6140625 0.22578125 0.665625 0.27578125 0.665625 0.27578125 0.6140625