0 0.65703125 0.25625 0.57890625 0.25625 0.57890625 0.31875 0.65703125 0.31875 0.65703125 0.25625
0 0.4515625 0.4328125 0.35625 0.4328125 0.35625 0.528125 0.4515625 0.528125 0.4515625 0.4328125
0 0.51484375 0.46328125 0.46953125 0.46328125 0.46953125 0.53984375 0.51484375 0.53984375 0.51484375 0.46328125
0 0.57578125 0.49375 0.52109375 0.49375 0.52109375 0.5515625 0.57578125 0.5515625 0.57578125 0.49375
0 0.5984375 0.56328125 0.5265625 0.56328125 0.5265625 0.63515625 0.5984375 0.63515625 0.5984375 0.56328125
0 0.62734375 0.3109375 0.56796875 0.3109375 0.56796875 0.4 0.62734375 0.4 0.62734375 0.3109375
0 0.28203125 0.38046875 0.22109375 0.38046875 0.22109375 0.43046875 0.28203125 0.43046875 0.28203125 0.38046875
0 0.3015625 0.46328125 0.2375 0.46328125 0.2375 0.57265625 0.3015625 0.57265625 0.3015625 0.46328125
0 0.346875 0.37734375 0.278125 0.37734375 0.278125 0.47578125 0.346875 0.47578125 0.346875 0.37734375
0 0.3625 0.63203125 0.3 0.63203125 0.3 0.69453125 0.3625 0.69453125 0.3625 0.63203125
0 0.53203125 0.653125 0.46484375 0.653125 0.46484375 0.7296875 0.53203125 0.7296875 0.53203125 0.653125
0 0.509375 0.33046875 0.4265625 0.33046875 0.4265625 0.41640625 0.509375 0.41640625 0.509375 0.33046875
0 0.6609375 0.5890625 0.590625 0.5890625 0.590625 0.684375 0.6609375 0.684375 0.6609375 0.5890625
0 0.4328125 0.25390625 0.3015625 0.25390625 0.3015625 0.33984375 0.4328125 0.33984375 0.4328125 0.25390625
0 0.70703125 0.33984375 0.61640625 0.33984375 0.61640625 0.45859375 0.70703125 0.45859375 0.70703125 0.33984375
0 0.746875 0.67109375 0.6796875 0.67109375 0.6796875 0.74609375 0.746875 0.74609375 0.746875 0.67109375
0 0.69296875 0.71328125 0.59609375 0.71328125 0.59609375 0.78671875 0.69296875 0.78671875 0.69296875 0.71328125
0 0.5640625 0.24921875 0.4875 0.24921875 0.4875 0.33046875 0.5640625 0.33046875 0.5640625 0.24921875
0 0.4703125 0.63671875 0.3640625 0.63671875 0.3640625 0.75546875 0.4703125 0.75546875 0.4703125 0.63671875
0 0.40703125 0.50703125 0.32265625 0.50703125 0.32265625 0.61328125 0.40703125 0.61328125 0.40703125 0.50703125
0 0.65234375 0.41328125 0.55546875 0.41328125 0.55546875 0.55703125 0.65234375 0.55703125 0.65234375 0.41328125
0 0.59140625 0.7125 0.50390625 0.7125 0.50390625 0.825 0.59140625 0.825 0.59140625 0.7125
0 0.7609375 0.2921875 0.7234375 0.2921875 0.7234375 0.3546875 0.7609375 0.3546875 0.7609375 0.2921875
0 0.7890625 0.49453125 0.6625 0.49453125 0.6625 0.56796875 0.7890625 0.56796875 0.7890625 0.49453125