0 0.55234375 0.57265625 0.46640625 0.57265625 0.46640625 0.68984375 0.55234375 0.68984375 0.55234375 0.57265625
0 0.42265625 0.6796875 0.36015625 0.6796875 0.36015625 0.7703125 0.42265625 0.7703125 0.42265625 0.6796875
0 0.6484375 0.76953125 0.5734375 0.76953125 0.5734375 0.83984375 0.6484375 0.83984375 0.6484375 0.76953125
0 0.61015625 1 0.61015625 0.884375 0.52265625 0.884375 0.52265625 1 0.61015625 1
0 0.4 0.21640625 0.309375 0.21640625 0.309375 0.28828125 0.4 0.28828125 0.4 0.21640625
0 0.278125 0.11875 0.225 0.11875 0.225 0.2078125 0.278125 0.2078125 0.278125 0.11875
0 0.66015625 0.215625 0.59140625 0.215625 0.59140625 0.3328125 0.66015625 0.3328125 0.66015625 0.215625
0 0.18984375 0.4765625 0.10234375 0.4765625 0.10234375 0.6109375 0.18984375 0.6109375 0.18984375 0.4765625
0 0.37265625 0.0375 0.28203125 0.0375 0.28203125 0.1140625 0.37265625 0.1140625 0.37265625 0.0375
0 0.8359375 0.4125 0.7265625 0.4125 0.7265625 0.4875 0.8359375 0.4875 0.8359375 0.4125
0 0.77890625 0.22421875 0.71484375 0.22421875 0.71484375 0.35078125 0.77890625 0.35078125 0.77890625 0.22421875
0 0.91171875 0.83046875 0.80390625 0.83046875 0.80390625 0.94453125 0.91171875 0.94453125 0.91171875 0.83046875