0 0.12265625 0.109375 0.00546875 0.109375 0.00546875 0.2640625 0.12265625 0.2640625 0.12265625 0.109375
0 0.1625 0.19921875 0.04375 0.19921875 0.04375 0.43515625 0.1625 0.43515625 0.1625 0.19921875
0 0.24453125 0.4890625 0.10859375 0.4890625 0.10859375 0.6421875 0.24453125 0.6421875 0.24453125 0.4890625
0 0.8015625 0.54375 0.6828125 0.54375 0.6828125 0.68125 0.8015625 0.68125 0.8015625 0.54375
0 0.35546875 0.4484375 0.24453125 0.4484375 0.24453125 0.6390625 0.35546875 0.6390625 0.35546875 0.4484375
0 0.44453125 0.68046875 0.33359375 0.68046875 0.33359375 0.90390625 0.44453125 0.90390625 0.44453125 0.68046875
0 0.925 0.1859375 0.771875 0.1859375 0.771875 0.546875 0.925 0.546875 0.925 0.1859375
0 0.50390625 0.5703125 0.37734375 0.5703125 0.37734375 0.771875 0.50390625 0.771875 0.50390625 0.5703125
0 0.29140625 0.678125 0.17890625 0.678125 0.17890625 0.803125 0.29140625 0.803125 0.29140625 0.678125
0 0.77578125 0.6984375 0.63359375 0.6984375 0.63359375 0.85 0.77578125 0.85 0.77578125 0.6984375
0 0.653125 0.58046875 0.5421875 0.58046875 0.5421875 0.68671875 0.653125 0.68671875 0.653125 0.58046875