0 0.5078125 0.1890625 0.425 0.1890625 0.425 0.2734375 0.5078125 0.2734375 0.5078125 0.1890625
0 0.3578125 0.490625 0.26875 0.490625 0.26875 0.6375 0.3578125 0.6375 0.3578125 0.490625
0 0.328125 0.284375 0.2546875 0.284375 0.2546875 0.403125 0.328125 0.403125 0.328125 0.284375
0 0.68984375 0.20703125 0.62734375 0.20703125 0.62734375 0.32421875 0.68984375 0.32421875 0.68984375 0.20703125
0 0.40078125 0.31796875 0.33671875 0.31796875 0.33671875 0.45703125 0.40078125 0.45703125 0.40078125 0.31796875
0 0.48125 0.34296875 0.425 0.34296875 0.425 0.39453125 0.48125 0.39453125 0.48125 0.34296875
0 0.46171875 0.42265625 0.41328125 0.42265625 0.41328125 0.48984375 0.46171875 0.48984375 0.46171875 0.42265625
0 0.559375 0.278125 0.4890625 0.278125 0.4890625 0.3703125 0.559375 0.3703125 0.559375 0.278125
0 0.50703125 0.7125 0.44453125 0.7125 0.44453125 0.821875 0.50703125 0.821875 0.50703125 0.7125
0 0.57578125 0.7 0.53203125 0.7 0.53203125 0.78125 0.57578125 0.78125 0.57578125 0.7
0 0.52421875 0.446875 0.47890625 0.446875 0.47890625 0.509375 0.52421875 0.509375 0.52421875 0.446875
0 0.2640625 0.13671875 0.2265625 0.13671875 0.2265625 0.17890625 0.2640625 0.17890625 0.2640625 0.13671875
0 0.26875 0.69921875 0.21875 0.69921875 0.21875 0.78515625 0.26875 0.78515625 0.26875 0.69921875
0 0.38671875 0.66328125 0.31953125 0.66328125 0.31953125 0.76171875 0.38671875 0.76171875 0.38671875 0.66328125
0 0.15546875 0.25625 0.10390625 0.25625 0.10390625 0.3265625 0.15546875 0.3265625 0.15546875 0.25625
0 0.6015625 0.1765625 0.534375 0.1765625 0.534375 0.259375 0.6015625 0.259375 0.6015625 0.1765625
0 0.5671875 0.81015625 0.5203125 0.81015625 0.5203125 0.86484375 0.5671875 0.86484375 0.5671875 0.81015625
0 0.3625 1 0.3625 0.9328125 0.30625 0.9328125 0.30625 1 0.3625 1
0 0.40078125 0.1453125 0.36171875 0.1453125 0.36171875 0.2203125 0.40078125 0.2203125 0.40078125 0.1453125
0 0.6515625 0.38515625 0.6078125 0.38515625 0.6078125 0.43359375 0.6515625 0.43359375 0.6515625 0.38515625
0 0.67265625 0.909375 0.57734375 0.909375 0.57734375 0.9859375 0.67265625 0.9859375 0.67265625 0.909375
0 0.615625 0.50234375 0.5890625 0.50234375 0.5890625 0.56484375 0.615625 0.56484375 0.615625 0.50234375
0 0.43828125 0.48359375 0.36328125 0.48359375 0.36328125 0.58984375 0.43828125 0.58984375 0.43828125 0.48359375
0 0.4421875 0.675 0.396875 0.675 0.396875 0.7578125 0.4421875 0.7578125 0.4421875 0.675
0 0.36953125 0.83515625 0.33046875 0.83515625 0.33046875 0.89453125 0.36953125 0.89453125 0.36953125 0.83515625