0 0.50390625 0.29375 0.41328125 0.29375 0.41328125 0.3484375 0.50390625 0.3484375 0.50390625 0.29375
0 0.6953125 0.71484375 0.6515625 0.71484375 0.6515625 0.79296875 0.6953125 0.79296875 0.6953125 0.71484375
0 0.72890625 0.39140625 0.64140625 0.39140625 0.64140625 0.44765625 0.72890625 0.44765625 0.72890625 0.39140625
0 0.528125 0.55859375 0.440625 0.55859375 0.440625 0.61640625 0.528125 0.61640625 0.528125 0.55859375
0 0.25625 0.18671875 0.1421875 0.18671875 0.1421875 0.27265625 0.25625 0.27265625 0.25625 0.18671875
0 0.68984375 0.15234375 0.57109375 0.15234375 0.57109375 0.21953125 0.68984375 0.21953125 0.68984375 0.15234375
0 0.3578125 0.01875 0.1890625 0.01875 0.1890625 0.1359375 0.3578125 0.1359375 0.3578125 0.01875
0 0.63203125 0.7328125 0.50078125 0.7328125 0.50078125 0.8421875 0.63203125 0.8421875 0.63203125 0.7328125
0 0.4109375 0.37265625 0.2921875 0.37265625 0.2921875 0.46640625 0.4109375 0.46640625 0.4109375 0.37265625
0 0.83203125 0.1265625 0.73984375 0.1265625 0.73984375 0.30625 0.83203125 0.30625 0.83203125 0.1265625
0 0.72734375 0.61328125 0.65703125 0.61328125 0.65703125 0.64765625 0.72734375 0.64765625 0.72734375 0.61328125
0 0.9796875 0.85390625 0.828125 0.85390625 0.828125 0.96328125 0.9796875 0.96328125 0.9796875 0.85390625
0 0.9734375 0.39453125 0.8609375 0.39453125 0.8609375 0.45078125 0.9734375 0.45078125 0.9734375 0.39453125
0 0.54140625 0.421875 0.52890625 0.421875 0.52890625 0.4234375 0.54140625 0.4234375 0.54140625 0.421875
0 0.63671875 0.41953125 0.53671875 0.41953125 0.53671875 0.60859375 0.63671875 0.60859375 0.63671875 0.41953125
0 0.8359375 0.47734375 0.7296875 0.47734375 0.7296875 0.55078125 0.8359375 0.55078125 0.8359375 0.47734375
0 0.759375 0.6984375 0.696875 0.6984375 0.696875 0.7921875 0.759375 0.7921875 0.759375 0.6984375
0 0.6421875 0.275 0.5640625 0.275 0.5640625 0.3546875 0.6421875 0.3546875 0.6421875 0.275
0 0.734375 0.85390625 0.6671875 0.85390625 0.6671875 0.91796875 0.734375 0.91796875 0.734375 0.85390625
0 0.42734375 0.08828125 0.34453125 0.08828125 0.34453125 0.16171875 0.42734375 0.16171875 0.42734375 0.08828125
0 0.45546875 0.23125 0.35546875 0.23125 0.35546875 0.325 0.45546875 0.325 0.45546875 0.23125
0 0.82890625 0.63828125 0.75703125 0.63828125 0.75703125 0.68984375 0.82890625 0.68984375 0.82890625 0.63828125
0 0.91953125 0.71171875 0.84765625 0.71171875 0.84765625 0.78828125 0.91953125 0.78828125 0.91953125 0.71171875
0 0.36875 0.678125 0.309375 0.678125 0.309375 0.7453125 0.36875 0.7453125 0.36875 0.678125
0 0.12578125 0.26875 0.05390625 0.26875 0.05390625 0.325 0.12578125 0.325 0.12578125 0.26875
0 0.88046875 0.090625 0.79765625 0.090625 0.79765625 0.15625 0.88046875 0.15625 0.88046875 0.090625
0 0.7140625 0.22578125 0.61875 0.22578125 0.61875 0.31015625 0.7140625 0.31015625 0.7140625 0.22578125
0 0.1828125 0.07734375 0.0859375 0.07734375 0.0859375 0.13828125 0.1828125 0.13828125 0.1828125 0.07734375
0 0.47890625 0.40703125 0.42265625 0.40703125 0.42265625 0.44453125 0.47890625 0.44453125 0.47890625 0.40703125
0 0.515625 0.64453125 0.4078125 0.64453125 0.4078125 0.71484375 0.515625 0.71484375 0.515625 0.64453125
0 0.91484375 0.646875 0.84296875 0.646875 0.84296875 0.696875 0.91484375 0.696875 0.91484375 0.646875
0 0.52421875 0.49296875 0.44140625 0.49296875 0.44140625 0.54609375 0.52421875 0.54609375 0.52421875 0.49296875
0 1 0.090625 0.9359375 0.090625 0.9359375 0.16875 1 0.16875 1 0.090625