0 0.4 0.10390625 0.3171875 0.10390625 0.3171875 0.21953125 0.4 0.21953125 0.4 0.10390625
0 0.6203125 0.6953125 0.5140625 0.6953125 0.5140625 0.825 0.6203125 0.825 0.6203125 0.6953125
0 0.7390625 0.49921875 0.646875 0.49921875 0.646875 0.63359375 0.7390625 0.63359375 0.7390625 0.49921875
0 0.63046875 0.46953125 0.53046875 0.46953125 0.53046875 0.61015625 0.63046875 0.61015625 0.63046875 0.46953125
0 0.54453125 0.56875 0.46171875 0.56875 0.46171875 0.675 0.54453125 0.675 0.54453125 0.56875
0 0.721875 0.34296875 0.646875 0.34296875 0.646875 0.46953125 0.721875 0.46953125 0.721875 0.34296875
0 0.7328125 0.75546875 0.6359375 0.75546875 0.6359375 0.88515625 0.7328125 0.88515625 0.7328125 0.75546875
0 0.803125 0.2703125 0.721875 0.2703125 0.721875 0.4046875 0.803125 0.4046875 0.803125 0.2703125
0 0.640625 0.3625 0.5328125 0.3625 0.5328125 0.478125 0.640625 0.478125 0.640625 0.3625
0 0.48125 0.4625 0.3609375 0.4625 0.3609375 0.553125 0.48125 0.553125 0.48125 0.4625
0 0.6125 0.0375 0.5546875 0.0375 0.5546875 0.1390625 0.6125 0.1390625 0.6125 0.0375
0 0.7390625 0.1078125 0.6515625 0.1078125 0.6515625 0.2015625 0.7390625 0.2015625 0.7390625 0.1078125
0 0.67421875 0.9109375 0.58984375 0.9109375 0.58984375 0.99375 0.67421875 0.99375 0.67421875 0.9109375
0 0.759375 0.64921875 0.6515625 0.64921875 0.6515625 0.72578125 0.759375 0.72578125 0.759375 0.64921875
0 0.49296875 0.0171875 0.38359375 0.0171875 0.38359375 0.1015625 0.49296875 0.1015625 0.49296875 0.0171875