0 0.44765625 0.56171875 0.36796875 0.56171875 0.36796875 0.66171875 0.44765625 0.66171875 0.44765625 0.56171875
0 0.93359375 0.20625 0.84453125 0.20625 0.84453125 0.4421875 0.93359375 0.4421875 0.93359375 0.20625
0 0.75703125 0.475 0.65234375 0.475 0.65234375 0.5921875 0.75703125 0.5921875 0.75703125 0.475
0 0.84375 0.49921875 0.771875 0.49921875 0.771875 0.64765625 0.84375 0.64765625 0.84375 0.49921875
0 0.85859375 0.28671875 0.77890625 0.28671875 0.77890625 0.43046875 0.85859375 0.43046875 0.85859375 0.28671875
0 0.61953125 0.584375 0.51640625 0.584375 0.51640625 0.7375 0.61953125 0.7375 0.61953125 0.584375
0 0.65546875 0.77890625 0.56796875 0.77890625 0.56796875 0.91796875 0.65546875 0.91796875 0.65546875 0.77890625
0 0.36484375 0.6921875 0.20703125 0.6921875 0.20703125 0.8609375 0.36484375 0.8609375 0.36484375 0.6921875
0 0.19921875 0.4046875 0.08515625 0.4046875 0.08515625 0.5875 0.19921875 0.5875 0.19921875 0.4046875
0 0.31796875 0.49921875 0.20859375 0.49921875 0.20859375 0.69921875 0.31796875 0.69921875 0.31796875 0.49921875
0 0.15234375 0.22734375 0.03359375 0.22734375 0.03359375 0.40078125 0.15234375 0.40078125 0.15234375 0.22734375
0 0.70390625 0.6796875 0.58671875 0.6796875 0.58671875 0.80625 0.70390625 0.80625 0.70390625 0.6796875
0 0.24609375 0.1625 0.12890625 0.1625 0.12890625 0.390625 0.24609375 0.390625 0.24609375 0.1625
0 0.83984375 0.63359375 0.74140625 0.63359375 0.74140625 0.78515625 0.83984375 0.78515625 0.83984375 0.63359375
0 0.23828125 0.61328125 0.13203125 0.61328125 0.13203125 0.76953125 0.23828125 0.76953125 0.23828125 0.61328125