0 0.69453125 0.175 0.58203125 0.175 0.58203125 0.253125 0.69453125 0.253125 0.69453125 0.175
0 0.76796875 0.27890625 0.61640625 0.27890625 0.61640625 0.38828125 0.76796875 0.38828125 0.76796875 0.27890625
0 0.875 0.628125 0.70625 0.628125 0.70625 0.715625 0.875 0.715625 0.875 0.628125
0 0.7453125 0.47265625 0.6078125 0.47265625 0.6078125 0.55078125 0.7453125 0.55078125 0.7453125 0.47265625
0 0.56875 0.33671875 0.4484375 0.33671875 0.4484375 0.46640625 0.56875 0.46640625 0.56875 0.33671875
0 0.75390625 0.36953125 0.56015625 0.36953125 0.56015625 0.46953125 0.75390625 0.46953125 0.75390625 0.36953125
0 0.853125 0.45 0.728125 0.45 0.728125 0.5703125 0.853125 0.5703125 0.853125 0.45
0 0.978125 0.5796875 0.875 0.5796875 0.875 0.6546875 0.978125 0.6546875 0.978125 0.5796875
0 0.465625 0.6796875 0.3625 0.6796875 0.3625 0.7421875 0.465625 0.7421875 0.465625 0.6796875
0 0.60859375 0.465625 0.45234375 0.465625 0.45234375 0.5703125 0.60859375 0.5703125 0.60859375 0.465625
0 0.9953125 0.44296875 0.875 0.44296875 0.875 0.55390625 0.9953125 0.55390625 0.9953125 0.44296875
0 0.6859375 0.6734375 0.5734375 0.6734375 0.5734375 0.7609375 0.6859375 0.7609375 0.6859375 0.6734375