0 0.7703125 0.7109375 0.6046875 0.7109375 0.6046875 0.8078125 0.7703125 0.8078125 0.7703125 0.7109375
0 0.88125 0.90078125 0.8171875 0.90078125 0.8171875 0.99296875 0.88125 0.99296875 0.88125 0.90078125
0 0.9609375 0.64140625 0.8890625 0.64140625 0.8890625 0.73828125 0.9609375 0.73828125 0.9609375 0.64140625
0 0.4171875 0.5328125 0.259375 0.5328125 0.259375 0.69375 0.4171875 0.69375 0.4171875 0.5328125
0 0.35078125 0.31796875 0.19765625 0.31796875 0.19765625 0.43515625 0.35078125 0.43515625 0.35078125 0.31796875
0 0.61015625 0.3109375 0.45390625 0.3109375 0.45390625 0.49375 0.61015625 0.49375 0.61015625 0.3109375
0 0.56328125 0.6734375 0.44609375 0.6734375 0.44609375 0.7828125 0.56328125 0.7828125 0.56328125 0.6734375
0 0.271875 0.4984375 0.14375 0.4984375 0.14375 0.6296875 0.271875 0.6296875 0.271875 0.4984375
0 0.64140625 0.06875 0.41484375 0.06875 0.41484375 0.2171875 0.64140625 0.2171875 0.64140625 0.06875
0 0.83515625 0.175 0.70390625 0.175 0.70390625 0.3109375 0.83515625 0.3109375 0.83515625 0.175
0 0.803125 0.41171875 0.6296875 0.41171875 0.6296875 0.48671875 0.803125 0.48671875 0.803125 0.41171875
0 0.87421875 0.4609375 0.35546875 0.4609375 0.35546875 0.73125 0.87421875 0.73125 0.87421875 0.4609375
0 0.73359375 0.21953125 0.38515625 0.21953125 0.38515625 0.41484375 0.73359375 0.41484375 0.73359375 0.21953125
0 0.6421875 0.53359375 0.484375 0.53359375 0.484375 0.65703125 0.6421875 0.65703125 0.6421875 0.53359375