0 0.68515625 0.3859375 0.58359375 0.3859375 0.58359375 0.4859375 0.68515625 0.4859375 0.68515625 0.3859375
0 0.609375 0.2671875 0.5359375 0.2671875 0.5359375 0.384375 0.609375 0.384375 0.609375 0.2671875
0 0.4875 0.128125 0.409375 0.128125 0.409375 0.215625 0.4875 0.215625 0.4875 0.128125
0 0.46484375 0.32421875 0.39765625 0.32421875 0.39765625 0.43359375 0.46484375 0.43359375 0.46484375 0.32421875
0 0.840625 0.1703125 0.7859375 0.1703125 0.7859375 0.25625 0.840625 0.25625 0.840625 0.1703125
0 0.834375 0.04921875 0.7625 0.04921875 0.7625 0.14296875 0.834375 0.14296875 0.834375 0.04921875
0 0.69609375 0.08828125 0.59140625 0.08828125 0.59140625 0.18671875 0.69609375 0.18671875 0.69609375 0.08828125
0 0.22890625 0.115625 0.16328125 0.115625 0.16328125 0.2109375 0.22890625 0.2109375 0.22890625 0.115625
0 0.675 0.5390625 0.5953125 0.5390625 0.5953125 0.671875 0.675 0.671875 0.675 0.5390625
0 0.58515625 0.44296875 0.50390625 0.44296875 0.50390625 0.55078125 0.58515625 0.55078125 0.58515625 0.44296875
0 0.5515625 0.55546875 0.48125 0.55546875 0.48125 0.64921875 0.5515625 0.64921875 0.5515625 0.55546875
0 0.46484375 0.53359375 0.39296875 0.53359375 0.39296875 0.61953125 0.46484375 0.61953125 0.46484375 0.53359375
0 0.3609375 0.28515625 0.2828125 0.28515625 0.2828125 0.38515625 0.3609375 0.38515625 0.3609375 0.28515625
0 0.69765625 0.22578125 0.63203125 0.22578125 0.63203125 0.30390625 0.69765625 0.30390625 0.69765625 0.22578125
0 0.53984375 0.034375 0.48828125 0.034375 0.48828125 0.1203125 0.53984375 0.1203125 0.53984375 0.034375
0 0.7859375 0.23671875 0.725 0.23671875 0.725 0.38359375 0.7859375 0.38359375 0.7859375 0.23671875
0 0.553125 0.1609375 0.50625 0.1609375 0.50625 0.24375 0.553125 0.24375 0.553125 0.1609375