0 0.6375 0.13984375 0.528125 0.13984375 0.528125 0.30859375 0.6375 0.30859375 0.6375 0.13984375
0 0.478125 0.13046875 0.4015625 0.13046875 0.4015625 0.27421875 0.478125 0.27421875 0.478125 0.13046875
0 0.7609375 0.5125 0.6734375 0.5125 0.6734375 0.6453125 0.7609375 0.6453125 0.7609375 0.5125
0 0.584375 0.62109375 0.46875 0.62109375 0.46875 0.88515625 0.584375 0.88515625 0.584375 0.62109375
0 0.4 0.57890625 0.29375 0.57890625 0.29375 0.74765625 0.4 0.74765625 0.4 0.57890625
0 0.4578125 0.33984375 0.3640625 0.33984375 0.3640625 0.49609375 0.4578125 0.49609375 0.4578125 0.33984375
0 0.54765625 0.265625 0.44921875 0.265625 0.44921875 0.4671875 0.54765625 0.4671875 0.54765625 0.265625
0 0.37109375 0.23046875 0.29453125 0.23046875 0.29453125 0.35703125 0.37109375 0.35703125 0.37109375 0.23046875
0 0.48828125 0.52734375 0.39765625 0.52734375 0.39765625 0.69765625 0.48828125 0.69765625 0.48828125 0.52734375
0 0.70390625 0.4734375 0.52265625 0.4734375 0.52265625 0.6734375 0.70390625 0.6734375 0.70390625 0.4734375
0 0.340625 0.521875 0.25 0.521875 0.25 0.6578125 0.340625 0.6578125 0.340625 0.521875