0 0.659375 0.23359375 0.6 0.23359375 0.6 0.32578125 0.659375 0.32578125 0.659375 0.23359375
0 0.78125 0.2515625 0.7234375 0.2515625 0.7234375 0.3328125 0.78125 0.3328125 0.78125 0.2515625
0 0.9140625 0.2734375 0.8453125 0.2734375 0.8453125 0.3484375 0.9140625 0.3484375 0.9140625 0.2734375
0 0.7234375 0.48359375 0.65 0.48359375 0.65 0.53046875 0.7234375 0.53046875 0.7234375 0.48359375
0 1 0.34765625 0.8734375 0.34765625 0.8734375 0.44921875 1 0.44921875 1 0.34765625
0 0.571875 0.396875 0.4828125 0.396875 0.4828125 0.484375 0.571875 0.484375 0.571875 0.396875
0 0.47421875 0.409375 0.38359375 0.409375 0.38359375 0.49375 0.47421875 0.49375 0.47421875 0.409375
0 0.54765625 0.0984375 0.41171875 0.0984375 0.41171875 0.203125 0.54765625 0.203125 0.54765625 0.0984375
0 0.81953125 0.515625 0.73984375 0.515625 0.73984375 0.6171875 0.81953125 0.6171875 0.81953125 0.515625
0 0.99765625 0.4359375 0.81171875 0.4359375 0.81171875 0.575 0.99765625 0.575 0.99765625 0.4359375
0 1 0.1796875 0.8796875 0.1796875 0.8796875 0.3375 1 0.3375 1 0.1796875
0 0.55 0.52265625 0.390625 0.52265625 0.390625 0.63671875 0.55 0.63671875 0.55 0.52265625
0 0.65 1 0.65 0.8828125 0.43125 0.8828125 0.43125 1 0.65 1
0 0.9546875 0.62421875 0.8421875 0.62421875 0.8421875 0.73828125 0.9546875 0.73828125 0.9546875 0.62421875
0 0.95078125 0.26875 0.51171875 0.26875 0.51171875 0.5453125 0.95078125 0.5453125 0.95078125 0.26875
0 1 0.18515625 0.628125 0.18515625 0.628125 0.30390625 1 0.30390625 1 0.18515625
0 0.78515625 0.73984375 0.51171875 0.73984375 0.51171875 0.90078125 0.78515625 0.90078125 0.78515625 0.73984375
0 0.903125 0.58515625 0.659375 0.58515625 0.659375 0.75703125 0.903125 0.75703125 0.903125 0.58515625