0 0.35 0.16484375 0.2796875 0.16484375 0.2796875 0.20078125 0.35 0.20078125 0.35 0.16484375
0 0.8453125 0.41640625 0.78125 0.41640625 0.78125 0.45546875 0.8453125 0.45546875 0.8453125 0.41640625
0 0.3671875 0.25234375 0.2890625 0.25234375 0.2890625 0.29140625 0.3671875 0.29140625 0.3671875 0.25234375
0 0.52109375 0.125 0.43671875 0.125 0.43671875 0.15625 0.52109375 0.15625 0.52109375 0.125
0 0.74921875 0.31015625 0.67265625 0.31015625 0.67265625 0.36796875 0.74921875 0.36796875 0.74921875 0.31015625
0 0.87265625 0.50625 0.81015625 0.50625 0.81015625 0.5765625 0.87265625 0.5765625 0.87265625 0.50625
0 0.3390625 0.36171875 0.271875 0.36171875 0.271875 0.41328125 0.3390625 0.41328125 0.3390625 0.36171875
0 0.421875 0.56875 0.365625 0.56875 0.365625 0.615625 0.421875 0.615625 0.421875 0.56875
0 0.40859375 0.67109375 0.32890625 0.67109375 0.32890625 0.70703125 0.40859375 0.70703125 0.40859375 0.67109375
0 0.4625 0.78671875 0.4109375 0.78671875 0.4109375 0.88359375 0.4625 0.88359375 0.4625 0.78671875
0 0.365625 0.76484375 0.303125 0.76484375 0.303125 0.78984375 0.365625 0.78984375 0.365625 0.76484375
0 0.33359375 0.83125 0.23984375 0.83125 0.23984375 0.8796875 0.33359375 0.8796875 0.33359375 0.83125
0 0.57421875 0.58515625 0.48515625 0.58515625 0.48515625 0.67578125 0.57421875 0.67578125 0.57421875 0.58515625
0 0.675 0.825 0.53125 0.825 0.53125 0.8703125 0.675 0.8703125 0.675 0.825
0 0.85703125 0.56875 0.71640625 0.56875 0.71640625 0.66875 0.85703125 0.66875 0.85703125 0.56875
0 0.95546875 0.70703125 0.81015625 0.70703125 0.81015625 0.78984375 0.95546875 0.78984375 0.95546875 0.70703125
0 0.7375 0.38125 0.6671875 0.38125 0.6671875 0.4296875 0.7375 0.4296875 0.7375 0.38125
0 0.99765625 0.58359375 0.90390625 0.58359375 0.90390625 0.64453125 0.99765625 0.64453125 0.99765625 0.58359375
0 0.4203125 0.83359375 0.3625 0.83359375 0.3625 0.86953125 0.4203125 0.86953125 0.4203125 0.83359375
0 0.409375 0.9015625 0.365625 0.9015625 0.365625 0.94375 0.409375 0.94375 0.409375 0.9015625
0 0.60078125 0.6796875 0.50859375 0.6796875 0.50859375 0.7375 0.60078125 0.7375 0.60078125 0.6796875