0 0.23828125 0.0515625 0.18359375 0.0515625 0.18359375 0.1078125 0.23828125 0.1078125 0.23828125 0.0515625
0 0.29609375 0.13515625 0.24453125 0.13515625 0.24453125 0.19296875 0.29609375 0.19296875 0.29609375 0.13515625
0 0.27421875 0.27578125 0.21484375 0.27578125 0.21484375 0.35390625 0.27421875 0.35390625 0.27421875 0.27578125
0 0.553125 0.25703125 0.5046875 0.25703125 0.5046875 0.33359375 0.553125 0.33359375 0.553125 0.25703125
0 0.3921875 0.1296875 0.3296875 0.1296875 0.3296875 0.1765625 0.3921875 0.1765625 0.3921875 0.1296875
0 0.61484375 0.25703125 0.56328125 0.25703125 0.56328125 0.33046875 0.61484375 0.33046875 0.61484375 0.25703125
0 0.70390625 0.40078125 0.61328125 0.40078125 0.61328125 0.45859375 0.70390625 0.45859375 0.70390625 0.40078125
0 0.6015625 0.35703125 0.5296875 0.35703125 0.5296875 0.41796875 0.6015625 0.41796875 0.6015625 0.35703125
0 0.7890625 0.20078125 0.7484375 0.20078125 0.7484375 0.28671875 0.7890625 0.28671875 0.7890625 0.20078125
0 0.70078125 0.23203125 0.62734375 0.23203125 0.62734375 0.33359375 0.70078125 0.33359375 0.70078125 0.23203125
0 0.65859375 0.0921875 0.60078125 0.0921875 0.60078125 0.1703125 0.65859375 0.1703125 0.65859375 0.0921875
0 0.43984375 0.17265625 0.37421875 0.17265625 0.37421875 0.25546875 0.43984375 0.25546875 0.43984375 0.17265625
0 0.45859375 0.43515625 0.40234375 0.43515625 0.40234375 0.50390625 0.45859375 0.50390625 0.45859375 0.43515625
0 0.5953125 0.44765625 0.5296875 0.44765625 0.5296875 0.55234375 0.5953125 0.55234375 0.5953125 0.44765625
0 0.40234375 0.33515625 0.32109375 0.33515625 0.32109375 0.40390625 0.40234375 0.40390625 0.40234375 0.33515625
0 0.8890625 0.1265625 0.7984375 0.1265625 0.7984375 0.2328125 0.8890625 0.2328125 0.8890625 0.1265625
0 0.52265625 0.10703125 0.46328125 0.10703125 0.46328125 0.20390625 0.52265625 0.20390625 0.52265625 0.10703125