0 0.80625 0.0625 0.7296875 0.0625 0.7296875 0.1328125 0.80625 0.1328125 0.80625 0.0625
0 0.81015625 0.13671875 0.71796875 0.13671875 0.71796875 0.19921875 0.81015625 0.19921875 0.81015625 0.13671875
0 0.7859375 0.203125 0.696875 0.203125 0.696875 0.2796875 0.7859375 0.2796875 0.7859375 0.203125
0 0.4109375 0.4890625 0.3359375 0.4890625 0.3359375 0.528125 0.4109375 0.528125 0.4109375 0.4890625
0 0.478125 0.54140625 0.3890625 0.54140625 0.3890625 0.58359375 0.478125 0.58359375 0.478125 0.54140625
0 0.43828125 0.42265625 0.38203125 0.42265625 0.38203125 0.46953125 0.43828125 0.46953125 0.43828125 0.42265625
0 0.5015625 0.46328125 0.4234375 0.46328125 0.4234375 0.50546875 0.5015625 0.50546875 0.5015625 0.46328125
0 0.47109375 0.6515625 0.40390625 0.6515625 0.40390625 0.7265625 0.47109375 0.7265625 0.47109375 0.6515625
0 0.52578125 0.53203125 0.47265625 0.53203125 0.47265625 0.57734375 0.52578125 0.57734375 0.52578125 0.53203125
0 0.546875 0.6671875 0.496875 0.6671875 0.496875 0.709375 0.546875 0.709375 0.546875 0.6671875
0 0.84453125 0.73125 0.77734375 0.73125 0.77734375 0.796875 0.84453125 0.796875 0.84453125 0.73125
0 0.66875 0.4359375 0.5640625 0.4359375 0.5640625 0.51875 0.66875 0.51875 0.66875 0.4359375
0 0.740625 0.53671875 0.66875 0.53671875 0.66875 0.63984375 0.740625 0.63984375 0.740625 0.53671875
0 0.89765625 0.3625 0.81640625 0.3625 0.81640625 0.465625 0.89765625 0.465625 0.89765625 0.3625
0 0.53046875 0.75625 0.47109375 0.75625 0.47109375 0.8140625 0.53046875 0.8140625 0.53046875 0.75625
0 0.428125 0.8140625 0.3109375 0.8140625 0.3109375 0.88125 0.428125 0.88125 0.428125 0.8140625
0 0.76875 0.30390625 0.6671875 0.30390625 0.6671875 0.40078125 0.76875 0.40078125 0.76875 0.30390625
0 0.62578125 0.3640625 0.50546875 0.3640625 0.50546875 0.4140625 0.62578125 0.4140625 0.62578125 0.3640625
0 0.6671875 0.50546875 0.5015625 0.50546875 0.5015625 0.64921875 0.6671875 0.64921875 0.6671875 0.50546875
0 0.9015625 0.42734375 0.7203125 0.42734375 0.7203125 0.52578125 0.9015625 0.52578125 0.9015625 0.42734375
0 0.44921875 0.3734375 0.37109375 0.3734375 0.37109375 0.4390625 0.44921875 0.4390625 0.44921875 0.3734375
0 0.9578125 0.353125 0.5515625 0.353125 0.5515625 0.8125 0.9578125 0.8125 0.9578125 0.353125
0 0.62109375 0.78125 0.48203125 0.78125 0.48203125 0.90625 0.62109375 0.90625 0.62109375 0.78125
0 0.7625 0.36015625 0.5234375 0.36015625 0.5234375 0.70703125 0.7625 0.70703125 0.7625 0.36015625
0 0.72734375 0.03828125 0.59765625 0.03828125 0.59765625 0.11640625 0.72734375 0.11640625 0.72734375 0.03828125