5 0.4671875 0.20234375 0.3515625 0.20234375 0.3515625 0.52890625 0.4671875 0.52890625 0.4671875 0.20234375
5 0.53046875 0.45 0.48671875 0.45 0.48671875 0.50625 0.53046875 0.50625 0.53046875 0.45
5 0.50078125 0.20390625 0.47734375 0.20390625 0.47734375 0.26171875 0.50078125 0.26171875 0.50078125 0.20390625
5 0.63046875 0.2921875 0.51796875 0.2921875 0.51796875 0.5125 0.63046875 0.5125 0.63046875 0.2921875
5 0.76875 0.3421875 0.63125 0.3421875 0.63125 0.559375 0.76875 0.559375 0.76875 0.3421875
5 0.80703125 0.2546875 0.58046875 0.2546875 0.58046875 0.3515625 0.80703125 0.3515625 0.80703125 0.2546875
5 0.20703125 0.25625 0.13515625 0.25625 0.13515625 0.3265625 0.20703125 0.3265625 0.20703125 0.25625
5 0.34296875 0.471875 0.28828125 0.471875 0.28828125 0.53125 0.34296875 0.53125 0.34296875 0.471875
5 0.29453125 0.60234375 0.22734375 0.60234375 0.22734375 0.68828125 0.29453125 0.68828125 0.29453125 0.60234375
5 0.578125 0.8 0.465625 0.8 0.465625 0.8875 0.578125 0.8875 0.578125 0.8
5 0.7578125 0.58984375 0.65 0.58984375 0.65 0.65234375 0.7578125 0.65234375 0.7578125 0.58984375
5 0.41015625 0 0.41015625 0.1359375 0.61796875 0.1359375 0.61796875 0 0.41015625 0