3 0.55546875 0.46796875 0.43515625 0.46796875 0.43515625 0.53203125 0.55546875 0.53203125 0.55546875 0.46796875
3 0.353125 0.12890625 0.2625 0.12890625 0.2625 0.24140625 0.353125 0.24140625 0.353125 0.12890625
3 0.2953125 0 0.2953125 0.0203125 0.4265625 0.0203125 0.4265625 0 0.2953125 0
3 0.728125 0.0171875 0.625 0.0171875 0.625 0.171875 0.728125 0.171875 0.728125 0.0171875
3 0.809375 0.06875 0.721875 0.06875 0.721875 0.2296875 0.809375 0.2296875 0.809375 0.06875
3 0.73671875 0.390625 0.66640625 0.390625 0.66640625 0.546875 0.73671875 0.546875 0.73671875 0.390625
3 0.5390625 0.6546875 0.4734375 0.6546875 0.4734375 0.821875 0.5390625 0.821875 0.5390625 0.6546875
3 0.34921875 0.39921875 0.28359375 0.39921875 0.28359375 0.54609375 0.34921875 0.54609375 0.34921875 0.39921875
3 0.31953125 0.21171875 0.24765625 0.21171875 0.24765625 0.36796875 0.31953125 0.36796875 0.31953125 0.21171875
3 0.31015625 0.0828125 0.20546875 0.0828125 0.20546875 0.2328125 0.31015625 0.2328125 0.31015625 0.0828125
3 0.55390625 0.02578125 0.46796875 0.02578125 0.46796875 0.12890625 0.55390625 0.12890625 0.55390625 0.02578125
3 0.49609375 0.58046875 0.43359375 0.58046875 0.43359375 0.70390625 0.49609375 0.70390625 0.49609375 0.58046875
3 0.69609375 0.62109375 0.65703125 0.62109375 0.65703125 0.77890625 0.69609375 0.77890625 0.69609375 0.62109375
3 0.73359375 0.1578125 0.66796875 0.1578125 0.66796875 0.33125 0.73359375 0.33125 0.73359375 0.1578125
3 0.61015625 0.58359375 0.55859375 0.58359375 0.55859375 0.78203125 0.61015625 0.78203125 0.61015625 0.58359375
3 0.66953125 0.36171875 0.63984375 0.36171875 0.63984375 0.51171875 0.66953125 0.51171875 0.66953125 0.36171875
3 0.79140625 0.33359375 0.73984375 0.33359375 0.73984375 0.42265625 0.79140625 0.42265625 0.79140625 0.33359375
3 0.2828125 0.4046875 0.2375 0.4046875 0.2375 0.5515625 0.2828125 0.5515625 0.2828125 0.4046875
3 0.33125 0.5515625 0.284375 0.5515625 0.284375 0.675 0.33125 0.675 0.33125 0.5515625
3 0.42265625 0.36484375 0.36796875 0.36484375 0.36796875 0.49765625 0.42265625 0.49765625 0.42265625 0.36484375
3 0.38828125 0.04609375 0.34140625 0.04609375 0.34140625 0.16015625 0.38828125 0.16015625 0.38828125 0.04609375
3 0.65859375 0.0171875 0.60078125 0.0171875 0.60078125 0.1578125 0.65859375 0.1578125 0.65859375 0.0171875
3 0.46484375 0.528125 0.39453125 0.528125 0.39453125 0.7875 0.46484375 0.7875 0.46484375 0.528125
3 0.64453125 0.5140625 0.57734375 0.5140625 0.57734375 0.56875 0.64453125 0.56875 0.64453125 0.5140625
3 0.38046875 0.6921875 0.30390625 0.6921875 0.30390625 0.7125 0.38046875 0.7125 0.38046875 0.6921875
3 0.64375 0.61484375 0.628125 0.61484375 0.628125 0.76484375 0.64375 0.76484375 0.64375 0.61484375
3 0.11484375 0.00546875 0.08828125 0.00546875 0.08828125 0.01796875 0.11484375 0.01796875 0.11484375 0.00546875
3 0.2859375 0.26953125 0.171875 0.26953125 0.171875 0.58671875 0.2859375 0.58671875 0.2859375 0.26953125
3 0.484375 0.82734375 0.425 0.82734375 0.425 0.90546875 0.484375 0.90546875 0.484375 0.82734375
3 0.528125 0.86796875 0.484375 0.86796875 0.484375 0.90546875 0.528125 0.90546875 0.528125 0.86796875