3 0.15859375 0.48359375 0.05703125 0.48359375 0.05703125 0.56171875 0.15859375 0.56171875 0.15859375 0.48359375
3 0.309375 0.81171875 0.2109375 0.81171875 0.2109375 0.87265625 0.309375 0.87265625 0.309375 0.81171875
3 0.4796875 0.51953125 0.39375 0.51953125 0.39375 0.58984375 0.4796875 0.58984375 0.4796875 0.51953125
3 0.30390625 0.1078125 0.21015625 0.1078125 0.21015625 0.2296875 0.30390625 0.2296875 0.30390625 0.1078125
3 0.43515625 0.1125 0.37421875 0.1125 0.37421875 0.1953125 0.43515625 0.1953125 0.43515625 0.1125
3 0.31484375 0.67421875 0.19140625 0.67421875 0.19140625 0.71015625 0.31484375 0.71015625 0.31484375 0.67421875
3 0.3890625 0.47265625 0.3421875 0.47265625 0.3421875 0.53828125 0.3890625 0.53828125 0.3890625 0.47265625
3 0.29609375 0.4859375 0.21640625 0.4859375 0.21640625 0.5484375 0.29609375 0.5484375 0.29609375 0.4859375
3 0.134375 0.59609375 0.065625 0.59609375 0.065625 0.64765625 0.134375 0.64765625 0.134375 0.59609375
3 0.13984375 0.7421875 0.09609375 0.7421875 0.09609375 0.8203125 0.13984375 0.8203125 0.13984375 0.7421875
3 0.396875 0.765625 0.353125 0.765625 0.353125 0.8203125 0.396875 0.8203125 0.396875 0.765625
3 0.16171875 0.4390625 0.10078125 0.4390625 0.10078125 0.4859375 0.16171875 0.4859375 0.16171875 0.4390625