3 0.24453125 0.34375 0.15390625 0.34375 0.15390625 0.4859375 0.24453125 0.4859375 0.24453125 0.34375
3 0.38125 0.57890625 0.2171875 0.57890625 0.2171875 0.61015625 0.38125 0.61015625 0.38125 0.57890625
3 0.675 0.59140625 0.5484375 0.59140625 0.5484375 0.70390625 0.675 0.70390625 0.675 0.59140625
3 0.83828125 0.32890625 0.71953125 0.32890625 0.71953125 0.42890625 0.83828125 0.42890625 0.83828125 0.32890625
3 0.47578125 0.159375 0.29453125 0.159375 0.29453125 0.18125 0.47578125 0.18125 0.47578125 0.159375
3 0.5578125 0.05390625 0.4390625 0.05390625 0.4390625 0.08515625 0.5578125 0.08515625 0.5578125 0.05390625
3 0.25859375 0.20859375 0.10390625 0.20859375 0.10390625 0.25703125 0.25859375 0.25703125 0.25859375 0.20859375
3 0.9515625 0.2359375 0.846875 0.2359375 0.846875 0.3078125 0.9515625 0.3078125 0.9515625 0.2359375
3 0.25859375 0.29296875 0.06796875 0.29296875 0.06796875 0.42265625 0.25859375 0.42265625 0.25859375 0.29296875
3 0.46640625 0.33203125 0.29921875 0.33203125 0.29921875 0.39921875 0.46640625 0.39921875 0.46640625 0.33203125
3 0.71171875 0.2203125 0.63828125 0.2203125 0.63828125 0.265625 0.71171875 0.265625 0.71171875 0.2203125
3 0.5390625 0.61015625 0.44375 0.61015625 0.44375 0.69140625 0.5390625 0.69140625 0.5390625 0.61015625