3 0.56328125 0.23359375 0.44140625 0.23359375 0.44140625 0.41640625 0.56328125 0.41640625 0.56328125 0.23359375
3 0.77890625 0.63515625 0.68359375 0.63515625 0.68359375 0.77265625 0.77890625 0.77265625 0.77890625 0.63515625
3 0.2578125 0.21015625 0.2109375 0.21015625 0.2109375 0.34140625 0.2578125 0.34140625 0.2578125 0.21015625
3 0.8140625 0.14296875 0.721875 0.14296875 0.721875 0.20546875 0.8140625 0.20546875 0.8140625 0.14296875
3 0.39609375 0.6296875 0.33046875 0.6296875 0.33046875 0.7625 0.39609375 0.7625 0.39609375 0.6296875
3 0.98046875 0.6375 0.87109375 0.6375 0.87109375 0.71875 0.98046875 0.71875 0.98046875 0.6375
3 0.6359375 0.715625 0.534375 0.715625 0.534375 0.915625 0.6359375 0.915625 0.6359375 0.715625
3 0.72890625 0.30625 0.63359375 0.30625 0.63359375 0.4375 0.72890625 0.4375 0.72890625 0.30625
3 0.88671875 0.30390625 0.82421875 0.30390625 0.82421875 0.45859375 0.88671875 0.45859375 0.88671875 0.30390625
3 0.6390625 0.034375 0.540625 0.034375 0.540625 0.140625 0.6390625 0.140625 0.6390625 0.034375
3 0.93515625 0.059375 0.85703125 0.059375 0.85703125 0.1640625 0.93515625 0.1640625 0.93515625 0.059375