3 0.2640625 0.03984375 0.1109375 0.03984375 0.1109375 0.12109375 0.2640625 0.12109375 0.2640625 0.03984375
3 0.278125 0.29609375 0.0890625 0.29609375 0.0890625 0.37265625 0.278125 0.37265625 0.278125 0.29609375
3 0.4859375 0.4890625 0.346875 0.4890625 0.346875 0.6125 0.4859375 0.6125 0.4859375 0.4890625
3 0.75 0.5671875 0.578125 0.5671875 0.578125 0.70625 0.75 0.70625 0.75 0.5671875
3 0.96640625 0.6046875 0.82734375 0.6046875 0.82734375 0.68125 0.96640625 0.68125 0.96640625 0.6046875
3 0.69765625 0.128125 0.50546875 0.128125 0.50546875 0.165625 0.69765625 0.165625 0.69765625 0.128125
3 0.7578125 0.21484375 0.675 0.21484375 0.675 0.21796875 0.7578125 0.21796875 0.7578125 0.21484375
3 0.9109375 0.13828125 0.8640625 0.13828125 0.8640625 0.15859375 0.9109375 0.15859375 0.9109375 0.13828125
3 0.5140625 0.01953125 0.39375 0.01953125 0.39375 0.08359375 0.5140625 0.08359375 0.5140625 0.01953125
3 0.23671875 0.20234375 0.07734375 0.20234375 0.07734375 0.25390625 0.23671875 0.25390625 0.23671875 0.20234375
3 0.31640625 0.46640625 0.21953125 0.46640625 0.21953125 0.55546875 0.31640625 0.55546875 0.31640625 0.46640625
3 0.1890625 0.4515625 0.09375 0.4515625 0.09375 0.5265625 0.1890625 0.5265625 0.1890625 0.4515625
3 0.4359375 0.64921875 0.3171875 0.64921875 0.3171875 0.72421875 0.4359375 0.72421875 0.4359375 0.64921875
3 0.628125 0.6765625 0.503125 0.6765625 0.503125 0.7828125 0.628125 0.7828125 0.628125 0.6765625
3 0.671875 0.7828125 0.628125 0.7828125 0.628125 0.790625 0.671875 0.790625 0.671875 0.7828125
3 0.753125 0.75234375 0.6859375 0.75234375 0.6859375 0.78046875 0.753125 0.78046875 0.753125 0.75234375
3 0.425 0.24140625 0.35 0.24140625 0.35 0.24921875 0.425 0.24921875 0.425 0.24140625
3 0.396875 0.1109375 0.3171875 0.1109375 0.3171875 0.121875 0.396875 0.121875 0.396875 0.1109375
3 0.371875 0.03671875 0.3109375 0.03671875 0.3109375 0.06953125 0.371875 0.06953125 0.371875 0.03671875
3 0.09765625 0.05390625 0.01328125 0.05390625 0.01328125 0.15859375 0.09765625 0.15859375 0.09765625 0.05390625
3 0.0890625 0.1578125 0.0671875 0.1578125 0.0671875 0.328125 0.0890625 0.328125 0.0890625 0.1578125
3 0.025 0.15546875 0.0109375 0.15546875 0.0109375 0.32421875 0.025 0.32421875 0.025 0.15546875
3 0.94765625 0.0296875 0.75859375 0.0296875 0.75859375 0.1265625 0.94765625 0.1265625 0.94765625 0.0296875
3 0.95078125 0.209375 0.89140625 0.209375 0.89140625 0.29375 0.95078125 0.29375 0.95078125 0.209375
3 0.425 0.165625 0.2859375 0.165625 0.2859375 0.221875 0.425 0.221875 0.425 0.165625
3 0.9921875 0.50625 0.925 0.50625 0.925 0.5109375 0.9921875 0.5109375 0.9921875 0.50625