3 0.6421875 0.1015625 0.5609375 0.1015625 0.5609375 0.1984375 0.6421875 0.1984375 0.6421875 0.1015625
3 0.7890625 0.26328125 0.7109375 0.26328125 0.7109375 0.39765625 0.7890625 0.39765625 0.7890625 0.26328125
3 0.765625 0.309375 0.7453125 0.309375 0.7453125 0.403125 0.765625 0.403125 0.765625 0.309375
3 0.871875 0.11953125 0.7828125 0.11953125 0.7828125 0.48984375 0.871875 0.48984375 0.871875 0.11953125
3 0.9203125 0.3796875 0.7796875 0.3796875 0.7796875 0.48125 0.9203125 0.48125 0.9203125 0.3796875
3 0.875 0.32578125 0.8171875 0.32578125 0.8171875 0.61640625 0.875 0.61640625 0.875 0.32578125
3 0.8234375 0.65078125 0.7625 0.65078125 0.7625 0.79921875 0.8234375 0.79921875 0.8234375 0.65078125
3 0.490625 0.52578125 0.33125 0.52578125 0.33125 0.66328125 0.490625 0.66328125 0.490625 0.52578125
3 0.75078125 0.06796875 0.67578125 0.06796875 0.67578125 0.21640625 0.75078125 0.21640625 0.75078125 0.06796875
3 0.51953125 0.01015625 0.46171875 0.01015625 0.46171875 0.20078125 0.51953125 0.20078125 0.51953125 0.01015625
3 0.6984375 0.71484375 0.6078125 0.71484375 0.6078125 0.88984375 0.6984375 0.88984375 0.6984375 0.71484375
3 0.415625 0.00234375 0.3359375 0.00234375 0.3359375 0.18203125 0.415625 0.18203125 0.415625 0.00234375