0 0.640625 0.56484375 0.6015625 0.56484375 0.6015625 0.59453125 0.640625 0.59453125 0.640625 0.56484375
0 0.69375 0.5890625 0.65 0.5890625 0.65 0.6171875 0.69375 0.6171875 0.69375 0.5890625
0 0.63125 0.59296875 0.590625 0.59296875 0.590625 0.62109375 0.63125 0.62109375 0.63125 0.59296875
0 0.85234375 0.58984375 0.80390625 0.58984375 0.80390625 0.62421875 0.85234375 0.62421875 0.85234375 0.58984375
0 0.70859375 0.63203125 0.66796875 0.63203125 0.66796875 0.66640625 0.70859375 0.66640625 0.70859375 0.63203125
0 0.7375 0.63359375 0.7 0.63359375 0.7 0.66953125 0.7375 0.66953125 0.7375 0.63359375
0 0.81875 0.63984375 0.7890625 0.63984375 0.7890625 0.67109375 0.81875 0.67109375 0.81875 0.63984375
0 0.65078125 0.64453125 0.57734375 0.64453125 0.57734375 0.69921875 0.65078125 0.69921875 0.65078125 0.64453125
0 0.5328125 0.6765625 0.4984375 0.6765625 0.4984375 0.7109375 0.5328125 0.7109375 0.5328125 0.6765625
0 0.7171875 0.68125 0.68125 0.68125 0.68125 0.7171875 0.7171875 0.7171875 0.7171875 0.68125
0 0.6078125 0.709375 0.5671875 0.709375 0.5671875 0.7453125 0.6078125 0.7453125 0.6078125 0.709375
0 0.68359375 0.82109375 0.65078125 0.82109375 0.65078125 0.84921875 0.68359375 0.84921875 0.68359375 0.82109375
0 0.45546875 0.89609375 0.42109375 0.89609375 0.42109375 0.93671875 0.45546875 0.93671875 0.45546875 0.89609375