0 0.85859375 0.24765625 0.66796875 0.24765625 0.66796875 0.31171875 0.85859375 0.31171875 0.85859375 0.24765625
0 0.4328125 0.28125 0.3359375 0.28125 0.3359375 0.3515625 0.4328125 0.3515625 0.4328125 0.28125
0 0.53359375 0.34140625 0.44765625 0.34140625 0.44765625 0.38671875 0.53359375 0.38671875 0.53359375 0.34140625
0 0.90625 0.34921875 0.76875 0.34921875 0.76875 0.43515625 0.90625 0.43515625 0.90625 0.34921875
0 0.50390625 0.384375 0.41328125 0.384375 0.41328125 0.4640625 0.50390625 0.4640625 0.50390625 0.384375
0 0.41796875 0.39609375 0.32421875 0.39609375 0.32421875 0.47109375 0.41796875 0.47109375 0.41796875 0.39609375
0 0.69375 0.415625 0.559375 0.415625 0.559375 0.478125 0.69375 0.478125 0.69375 0.415625
0 0.575 0.43984375 0.4734375 0.43984375 0.4734375 0.49296875 0.575 0.49296875 0.575 0.43984375
0 0.35390625 0.45859375 0.28359375 0.45859375 0.28359375 0.50234375 0.35390625 0.50234375 0.35390625 0.45859375
0 0.6375 0.48046875 0.578125 0.48046875 0.578125 0.52421875 0.6375 0.52421875 0.6375 0.48046875
0 0.73125 0.47578125 0.634375 0.47578125 0.634375 0.52890625 0.73125 0.52890625 0.73125 0.47578125
0 0.69453125 0.53359375 0.58984375 0.53359375 0.58984375 0.59140625 0.69453125 0.59140625 0.69453125 0.53359375
0 0.59296875 0.55078125 0.48515625 0.55078125 0.48515625 0.60859375 0.59296875 0.60859375 0.59296875 0.55078125
0 0.36171875 0.55703125 0.28359375 0.55703125 0.28359375 0.62265625 0.36171875 0.62265625 0.36171875 0.55703125
0 0.63046875 0.60546875 0.53671875 0.60546875 0.53671875 0.66328125 0.63046875 0.66328125 0.63046875 0.60546875
0 0.53359375 0.6296875 0.39921875 0.6296875 0.39921875 0.6828125 0.53359375 0.6828125 0.53359375 0.6296875
0 0.9109375 0.7296875 0.8375 0.7296875 0.8375 0.765625 0.9109375 0.765625 0.9109375 0.7296875
0 0.7015625 0.72578125 0.61875 0.72578125 0.61875 0.79296875 0.7015625 0.79296875 0.7015625 0.72578125
0 0.828125 0.78125 0.73125 0.78125 0.73125 0.85625 0.828125 0.85625 0.828125 0.78125
0 0.5296875 0.0671875 0.4546875 0.0671875 0.4546875 0.1015625 0.5296875 0.1015625 0.5296875 0.0671875
0 0.74296875 0.834375 0.58515625 0.834375 0.58515625 0.90625 0.74296875 0.90625 0.74296875 0.834375
0 0.49296875 0.12421875 0.41015625 0.12421875 0.41015625 0.18046875 0.49296875 0.18046875 0.49296875 0.12421875
0 0.3953125 0.146875 0.328125 0.146875 0.328125 0.1828125 0.3953125 0.1828125 0.3953125 0.146875
0 0.7171875 0.175 0.6453125 0.175 0.6453125 0.228125 0.7171875 0.228125 0.7171875 0.175
0 0.8234375 0.196875 0.7484375 0.196875 0.7484375 0.2375 0.8234375 0.2375 0.8234375 0.196875
0 0.45078125 0.20859375 0.38828125 0.20859375 0.38828125 0.24296875 0.45078125 0.24296875 0.45078125 0.20859375