0 0.353125 0.23515625 0.3234375 0.23515625 0.3234375 0.27421875 0.353125 0.27421875 0.353125 0.23515625
0 0.83203125 0.303125 0.78828125 0.303125 0.78828125 0.3609375 0.83203125 0.3609375 0.83203125 0.303125
0 0.83671875 0.4234375 0.80703125 0.4234375 0.80703125 0.4640625 0.83671875 0.4640625 0.83671875 0.4234375
0 0.63515625 0.5203125 0.60234375 0.5203125 0.60234375 0.5484375 0.63515625 0.5484375 0.63515625 0.5203125
0 0.40078125 0.5578125 0.36328125 0.5578125 0.36328125 0.6109375 0.40078125 0.6109375 0.40078125 0.5578125
0 0.853125 0.5625 0.8078125 0.5625 0.8078125 0.6109375 0.853125 0.6109375 0.853125 0.5625
0 0.84296875 0.603125 0.79140625 0.603125 0.79140625 0.6546875 0.84296875 0.6546875 0.84296875 0.603125
0 0.5671875 0.6296875 0.5234375 0.6296875 0.5234375 0.6734375 0.5671875 0.6734375 0.5671875 0.6296875
0 0.7 0.63984375 0.646875 0.63984375 0.646875 0.71171875 0.7 0.71171875 0.7 0.63984375
0 0.85 0.6515625 0.7859375 0.6515625 0.7859375 0.7046875 0.85 0.7046875 0.85 0.6515625
0 0.79140625 0.6609375 0.74609375 0.6609375 0.74609375 0.71875 0.79140625 0.71875 0.79140625 0.6609375
0 0.64453125 0.675 0.60703125 0.675 0.60703125 0.7140625 0.64453125 0.7140625 0.64453125 0.675
0 0.62578125 0.7453125 0.59140625 0.7453125 0.59140625 0.790625 0.62578125 0.790625 0.62578125 0.7453125
0 0.3453125 0.09609375 0.3015625 0.09609375 0.3015625 0.13984375 0.3453125 0.13984375 0.3453125 0.09609375
0 0.66015625 0.10078125 0.62578125 0.10078125 0.62578125 0.13515625 0.66015625 0.13515625 0.66015625 0.10078125
0 0.47578125 0.1078125 0.44140625 0.1078125 0.44140625 0.1421875 0.47578125 0.1421875 0.47578125 0.1078125
0 0.41953125 0.12265625 0.38515625 0.12265625 0.38515625 0.14921875 0.41953125 0.14921875 0.41953125 0.12265625
0 0.31796875 0.13671875 0.28359375 0.13671875 0.28359375 0.17578125 0.31796875 0.17578125 0.31796875 0.13671875
0 0.440625 0.1515625 0.40625 0.1515625 0.40625 0.1875 0.440625 0.1875 0.440625 0.1515625
0 0.48671875 0.16796875 0.46015625 0.16796875 0.46015625 0.20390625 0.48671875 0.20390625 0.48671875 0.16796875
0 0.553125 0.1734375 0.5265625 0.1734375 0.5265625 0.2109375 0.553125 0.2109375 0.553125 0.1734375
0 0.43359375 0.19453125 0.38515625 0.19453125 0.38515625 0.23046875 0.43359375 0.23046875 0.43359375 0.19453125
0 0.68203125 0.21328125 0.63828125 0.21328125 0.63828125 0.24921875 0.68203125 0.24921875 0.68203125 0.21328125