0 0.1921875 0.27578125 0.1578125 0.27578125 0.1578125 0.31015625 0.1921875 0.31015625 0.1921875 0.27578125
0 0.575 0.28125 0.5421875 0.28125 0.5421875 0.3296875 0.575 0.3296875 0.575 0.28125
0 0.1765625 0.303125 0.1515625 0.303125 0.1515625 0.325 0.1765625 0.325 0.1765625 0.303125
0 0.24921875 0.31171875 0.21640625 0.31171875 0.21640625 0.34140625 0.24921875 0.34140625 0.24921875 0.31171875
0 0.21640625 0.43515625 0.17890625 0.43515625 0.17890625 0.46640625 0.21640625 0.46640625 0.21640625 0.43515625
0 0.44453125 0.5625 0.39296875 0.5625 0.39296875 0.6078125 0.44453125 0.6078125 0.44453125 0.5625
0 0.09921875 0.603125 0.06171875 0.603125 0.06171875 0.6421875 0.09921875 0.6421875 0.09921875 0.603125
0 0.59375 0.62265625 0.53125 0.62265625 0.53125 0.66328125 0.59375 0.66328125 0.59375 0.62265625
0 0.259375 0.70390625 0.2140625 0.70390625 0.2140625 0.73828125 0.259375 0.73828125 0.259375 0.70390625
0 0.21640625 0.7578125 0.17109375 0.7578125 0.17109375 0.7859375 0.21640625 0.7859375 0.21640625 0.7578125
0 0.4328125 0.08125 0.3796875 0.08125 0.3796875 0.1296875 0.4328125 0.1296875 0.4328125 0.08125
0 0.26171875 0.0921875 0.22421875 0.0921875 0.22421875 0.1265625 0.26171875 0.1265625 0.26171875 0.0921875
0 0.22265625 0.1515625 0.17109375 0.1515625 0.17109375 0.1875 0.22265625 0.1875 0.22265625 0.1515625
0 0.3296875 0.1875 0.2859375 0.1875 0.2859375 0.2140625 0.3296875 0.2140625 0.3296875 0.1875