0 0.35625 0.64921875 0.321875 0.64921875 0.321875 0.67265625 0.35625 0.67265625 0.35625 0.64921875
0 0.31953125 0.6703125 0.26796875 0.6703125 0.26796875 0.709375 0.31953125 0.709375 0.31953125 0.6703125
0 0.38046875 0.678125 0.34609375 0.678125 0.34609375 0.70625 0.38046875 0.70625 0.38046875 0.678125
0 0.28984375 0.7015625 0.24765625 0.7015625 0.24765625 0.7328125 0.28984375 0.7328125 0.28984375 0.7015625
0 0.4015625 0.7015625 0.3640625 0.7015625 0.3640625 0.7328125 0.4015625 0.7328125 0.4015625 0.7015625
0 0.36484375 0.7234375 0.31328125 0.7234375 0.31328125 0.759375 0.36484375 0.759375 0.36484375 0.7234375
0 0.28203125 0.7375 0.24140625 0.7375 0.24140625 0.7625 0.28203125 0.7625 0.28203125 0.7375
0 0.31640625 0.74296875 0.28984375 0.74296875 0.28984375 0.77109375 0.31640625 0.77109375 0.31640625 0.74296875
0 0.39609375 0.76171875 0.36171875 0.76171875 0.36171875 0.79296875 0.39609375 0.79296875 0.39609375 0.76171875
0 0.325 0.790625 0.2953125 0.790625 0.2953125 0.815625 0.325 0.815625 0.325 0.790625
0 0.359375 0.79609375 0.315625 0.79609375 0.315625 0.83203125 0.359375 0.83203125 0.359375 0.79609375