0 0.62578125 0.23515625 0.61015625 0.23515625 0.61015625 0.25234375 0.62578125 0.25234375 0.62578125 0.23515625
0 0.5359375 0.2359375 0.50625 0.2359375 0.50625 0.2625 0.5359375 0.2625 0.5359375 0.2359375
0 0.559375 0.28515625 0.540625 0.28515625 0.540625 0.29921875 0.559375 0.29921875 0.559375 0.28515625
0 0.43046875 0.290625 0.39296875 0.290625 0.39296875 0.321875 0.43046875 0.321875 0.43046875 0.290625
0 0.56171875 0.303125 0.52890625 0.303125 0.52890625 0.3296875 0.56171875 0.3296875 0.56171875 0.303125
0 0.5109375 0.3 0.4703125 0.3 0.4703125 0.334375 0.5109375 0.334375 0.5109375 0.3
0 0.71171875 0.5671875 0.65234375 0.5671875 0.65234375 0.60625 0.71171875 0.60625 0.71171875 0.5671875
0 0.4015625 0.6296875 0.35 0.6296875 0.35 0.6703125 0.4015625 0.6703125 0.4015625 0.6296875
0 0.3734375 0.69921875 0.334375 0.69921875 0.334375 0.73828125 0.3734375 0.73828125 0.3734375 0.69921875
0 0.67890625 0.721875 0.64921875 0.721875 0.64921875 0.75 0.67890625 0.75 0.67890625 0.721875
0 0.5453125 0.76171875 0.5109375 0.76171875 0.5109375 0.79296875 0.5453125 0.79296875 0.5453125 0.76171875
0 0.66328125 0.76953125 0.61171875 0.76953125 0.61171875 0.80546875 0.66328125 0.80546875 0.66328125 0.76953125
0 0.6359375 0.06953125 0.6015625 0.06953125 0.6015625 0.09609375 0.6359375 0.09609375 0.6359375 0.06953125
0 0.46015625 0.821875 0.41953125 0.821875 0.41953125 0.865625 0.46015625 0.865625 0.46015625 0.821875
0 0.64765625 0.8578125 0.61484375 0.8578125 0.61484375 0.884375 0.64765625 0.884375 0.64765625 0.8578125
0 0.68203125 0.8578125 0.65234375 0.8578125 0.65234375 0.884375 0.68203125 0.884375 0.68203125 0.8578125
0 0.70625 0.89375 0.646875 0.89375 0.646875 0.9234375 0.70625 0.9234375 0.70625 0.89375
0 0.52109375 0.88203125 0.42734375 0.88203125 0.42734375 0.94296875 0.52109375 0.94296875 0.52109375 0.88203125
0 0.6765625 0.934375 0.6390625 0.934375 0.6390625 0.9640625 0.6765625 0.9640625 0.6765625 0.934375
0 0.6765625 0.115625 0.6609375 0.115625 0.6609375 0.1296875 0.6765625 0.1296875 0.6765625 0.115625
0 0.60703125 0.15390625 0.58828125 0.15390625 0.58828125 0.16796875 0.60703125 0.16796875 0.60703125 0.15390625
0 0.6171875 0.15625 0.6046875 0.15625 0.6046875 0.1734375 0.6171875 0.1734375 0.6171875 0.15625
0 0.56328125 0.16328125 0.54609375 0.16328125 0.54609375 0.18046875 0.56328125 0.18046875 0.56328125 0.16328125
0 0.484375 0.15859375 0.440625 0.15859375 0.440625 0.19296875 0.484375 0.19296875 0.484375 0.15859375
0 0.5234375 0.17109375 0.503125 0.17109375 0.503125 0.18515625 0.5234375 0.18515625 0.5234375 0.17109375
0 0.4953125 0.16796875 0.4703125 0.16796875 0.4703125 0.18984375 0.4953125 0.18984375 0.4953125 0.16796875
0 0.57734375 0.1828125 0.56171875 0.1828125 0.56171875 0.2 0.57734375 0.2 0.57734375 0.1828125
0 0.55 0.19921875 0.5328125 0.19921875 0.5328125 0.21328125 0.55 0.21328125 0.55 0.19921875
0 0.50859375 0.19921875 0.48359375 0.19921875 0.48359375 0.22109375 0.50859375 0.22109375 0.50859375 0.19921875
0 0.5828125 0.20859375 0.565625 0.20859375 0.565625 0.22578125 0.5828125 0.22578125 0.5828125 0.20859375
0 0.58203125 0.2234375 0.56171875 0.2234375 0.56171875 0.2375 0.58203125 0.2375 0.58203125 0.2234375