0 0.6078125 0.31171875 0.5609375 0.31171875 0.5609375 0.34765625 0.6078125 0.34765625 0.6078125 0.31171875
0 0.54921875 0.3515625 0.50859375 0.3515625 0.50859375 0.3796875 0.54921875 0.3796875 0.54921875 0.3515625
0 0.446875 0.6078125 0.409375 0.6078125 0.409375 0.6390625 0.446875 0.6390625 0.446875 0.6078125
0 0.415625 0.640625 0.38125 0.640625 0.38125 0.6765625 0.415625 0.6765625 0.415625 0.640625
0 0.61796875 0.67421875 0.57109375 0.67421875 0.57109375 0.70859375 0.61796875 0.70859375 0.61796875 0.67421875
0 0.55859375 0.6765625 0.51171875 0.6765625 0.51171875 0.7171875 0.55859375 0.7171875 0.55859375 0.6765625
0 0.46796875 0.70234375 0.43046875 0.70234375 0.43046875 0.74296875 0.46796875 0.74296875 0.46796875 0.70234375
0 0.67421875 0.7609375 0.64609375 0.7609375 0.64609375 0.7890625 0.67421875 0.7890625 0.67421875 0.7609375
0 0.42890625 0.75859375 0.39296875 0.75859375 0.39296875 0.79921875 0.42890625 0.79921875 0.42890625 0.75859375
0 0.484375 0.78203125 0.44375 0.78203125 0.44375 0.81796875 0.484375 0.81796875 0.484375 0.78203125
0 0.5421875 0.778125 0.4953125 0.778125 0.4953125 0.8234375 0.5421875 0.8234375 0.5421875 0.778125