0 0.24921875 0.5046875 0.20859375 0.5046875 0.20859375 0.5359375 0.24921875 0.5359375 0.24921875 0.5046875
0 0.31796875 0.53359375 0.27890625 0.53359375 0.27890625 0.56484375 0.31796875 0.56484375 0.31796875 0.53359375
0 0.4390625 0.53359375 0.390625 0.53359375 0.390625 0.58671875 0.4390625 0.58671875 0.4390625 0.53359375
0 0.55859375 0.55234375 0.52421875 0.55234375 0.52421875 0.58671875 0.55859375 0.58671875 0.55859375 0.55234375
0 0.2671875 0.53828125 0.221875 0.53828125 0.221875 0.60078125 0.2671875 0.60078125 0.2671875 0.53828125
0 0.31015625 0.5671875 0.26484375 0.5671875 0.26484375 0.6015625 0.31015625 0.6015625 0.31015625 0.5671875
0 0.45234375 0.57890625 0.41171875 0.57890625 0.41171875 0.61015625 0.45234375 0.61015625 0.45234375 0.57890625
0 0.35625 0.5765625 0.3046875 0.5765625 0.3046875 0.6203125 0.35625 0.6203125 0.35625 0.5765625
0 0.56953125 0.62265625 0.53984375 0.62265625 0.53984375 0.66171875 0.56953125 0.66171875 0.56953125 0.62265625
0 0.42265625 0.63203125 0.38828125 0.63203125 0.38828125 0.66328125 0.42265625 0.66328125 0.42265625 0.63203125
0 0.353125 0.6265625 0.3 0.6265625 0.3 0.678125 0.353125 0.678125 0.353125 0.6265625
0 0.48671875 0.63671875 0.43515625 0.63671875 0.43515625 0.67109375 0.48671875 0.67109375 0.48671875 0.63671875
0 0.5375 0.6390625 0.5046875 0.6390625 0.5046875 0.6703125 0.5375 0.6703125 0.5375 0.6390625
0 0.3953125 0.64453125 0.35625 0.64453125 0.35625 0.68046875 0.3953125 0.68046875 0.3953125 0.64453125
0 0.54296875 0.6734375 0.49921875 0.6734375 0.49921875 0.7046875 0.54296875 0.7046875 0.54296875 0.6734375
0 0.409375 0.68984375 0.3765625 0.68984375 0.3765625 0.72109375 0.409375 0.72109375 0.409375 0.68984375
0 0.47109375 0.70703125 0.43828125 0.70703125 0.43828125 0.73828125 0.47109375 0.73828125 0.47109375 0.70703125
0 0.43359375 0.71640625 0.39296875 0.71640625 0.39296875 0.75546875 0.43359375 0.75546875 0.43359375 0.71640625
0 0.39609375 0.72109375 0.35859375 0.72109375 0.35859375 0.75234375 0.39609375 0.75234375 0.39609375 0.72109375
0 0.3875 0.78125 0.353125 0.78125 0.353125 0.821875 0.3875 0.821875 0.3875 0.78125
0 0.46328125 0.80078125 0.41953125 0.80078125 0.41953125 0.84140625 0.46328125 0.84140625 0.46328125 0.80078125
0 0.3875 0.8265625 0.353125 0.8265625 0.353125 0.8515625 0.3875 0.8515625 0.3875 0.8265625
0 0.7109375 0.1375 0.6625 0.1375 0.6625 0.1890625 0.7109375 0.1890625 0.7109375 0.1375
2 0.3328125 0.3546875 0.309375 0.3546875 0.309375 0.378125 0.3328125 0.378125 0.3328125 0.3546875
2 0.13125 0.5671875 0.1078125 0.5671875 0.1078125 0.590625 0.13125 0.590625 0.13125 0.5671875