0 0.3390625 0.35546875 0.290625 0.35546875 0.290625 0.43515625 0.3390625 0.43515625 0.3390625 0.35546875
0 0.40390625 0.3625 0.36796875 0.3625 0.36796875 0.428125 0.40390625 0.428125 0.40390625 0.3625
0 0.4421875 0.475 0.4015625 0.475 0.4015625 0.54375 0.4421875 0.54375 0.4421875 0.475
0 0.41171875 0.48515625 0.35078125 0.48515625 0.35078125 0.56953125 0.41171875 0.56953125 0.41171875 0.48515625
0 0.5671875 0.5828125 0.4953125 0.5828125 0.4953125 0.65625 0.5671875 0.65625 0.5671875 0.5828125
0 0.365625 0.025 0.2984375 0.025 0.2984375 0.1125 0.365625 0.1125 0.365625 0.025
0 0.2671875 0.74296875 0.2046875 0.74296875 0.2046875 0.82578125 0.2671875 0.82578125 0.2671875 0.74296875
0 0.39921875 0.7859375 0.35078125 0.7859375 0.35078125 0.8484375 0.39921875 0.8484375 0.39921875 0.7859375
0 0.2859375 0.82578125 0.2421875 0.82578125 0.2421875 0.90546875 0.2859375 0.90546875 0.2859375 0.82578125
0 0.575 0.14140625 0.51875 0.14140625 0.51875 0.22890625 0.575 0.22890625 0.575 0.14140625
0 0.41328125 0.26484375 0.35546875 0.26484375 0.35546875 0.34453125 0.41328125 0.34453125 0.41328125 0.26484375
0 0.634375 0.26796875 0.5671875 0.26796875 0.5671875 0.36171875 0.634375 0.36171875 0.634375 0.26796875
0 0.75703125 0.26796875 0.68984375 0.26796875 0.68984375 0.36953125 0.75703125 0.36953125 0.75703125 0.26796875