0 0.6296875 0.44921875 0.5984375 0.44921875 0.5984375 0.48515625 0.6296875 0.48515625 0.6296875 0.44921875
0 0.35859375 0.4515625 0.31015625 0.4515625 0.31015625 0.4953125 0.35859375 0.4953125 0.35859375 0.4515625
0 0.45859375 0.53828125 0.41328125 0.53828125 0.41328125 0.58359375 0.45859375 0.58359375 0.45859375 0.53828125
0 0.20859375 0.5671875 0.16328125 0.5671875 0.16328125 0.6125 0.20859375 0.6125 0.20859375 0.5671875
0 0.08359375 0.6171875 0.04609375 0.6171875 0.04609375 0.6609375 0.08359375 0.6609375 0.08359375 0.6171875
0 0.1734375 0.69453125 0.1296875 0.69453125 0.1296875 0.74765625 0.1734375 0.74765625 0.1734375 0.69453125
0 0.4421875 0.70390625 0.39375 0.70390625 0.39375 0.76015625 0.4421875 0.76015625 0.4421875 0.70390625
0 0.40859375 0.884375 0.36484375 0.884375 0.36484375 0.9328125 0.40859375 0.9328125 0.40859375 0.884375
0 0.33671875 0.165625 0.29765625 0.165625 0.29765625 0.20625 0.33671875 0.20625 0.33671875 0.165625
0 0.3078125 0.20390625 0.2625 0.20390625 0.2625 0.23828125 0.3078125 0.23828125 0.3078125 0.20390625
0 0.35546875 0.21875 0.31484375 0.21875 0.31484375 0.2578125 0.35546875 0.2578125 0.35546875 0.21875