0 0.5171875 0.27890625 0.478125 0.27890625 0.478125 0.31484375 0.5171875 0.31484375 0.5171875 0.27890625
0 0.4421875 0.3890625 0.3890625 0.3890625 0.3890625 0.4328125 0.4421875 0.4328125 0.4421875 0.3890625
0 0.88203125 0.40625 0.84140625 0.40625 0.84140625 0.4453125 0.88203125 0.4453125 0.88203125 0.40625
0 0.4640625 0.41796875 0.4328125 0.41796875 0.4328125 0.44296875 0.4640625 0.44296875 0.4640625 0.41796875
0 0.47109375 0.53125 0.43515625 0.53125 0.43515625 0.559375 0.47109375 0.559375 0.47109375 0.53125
0 0.46171875 0.553125 0.42578125 0.553125 0.42578125 0.58125 0.46171875 0.58125 0.46171875 0.553125
0 0.82265625 0.6125 0.77890625 0.6125 0.77890625 0.6640625 0.82265625 0.6640625 0.82265625 0.6125
0 0.87265625 0.61796875 0.82890625 0.61796875 0.82890625 0.67578125 0.87265625 0.67578125 0.87265625 0.61796875
0 0.67265625 0.8546875 0.61015625 0.8546875 0.61015625 0.9125 0.67265625 0.9125 0.67265625 0.8546875
0 0.60859375 0.87265625 0.56484375 0.87265625 0.56484375 0.90859375 0.60859375 0.90859375 0.60859375 0.87265625
0 0.68515625 0.9109375 0.64609375 0.9109375 0.64609375 0.9453125 0.68515625 0.9453125 0.68515625 0.9109375
0 0.62265625 0.92734375 0.58203125 0.92734375 0.58203125 0.96640625 0.62265625 0.96640625 0.62265625 0.92734375
0 0.61015625 1 0.61015625 0.9609375 0.55078125 0.9609375 0.55078125 1 0.61015625 1