0 0.47890625 0.62265625 0.44921875 0.62265625 0.44921875 0.66328125 0.47890625 0.66328125 0.47890625 0.62265625
0 0.509375 0.725 0.478125 0.725 0.478125 0.7828125 0.509375 0.7828125 0.509375 0.725
0 0.5453125 0.81484375 0.5140625 0.81484375 0.5140625 0.85859375 0.5453125 0.85859375 0.5453125 0.81484375
0 0.56953125 0.14453125 0.53828125 0.14453125 0.53828125 0.18828125 0.56953125 0.18828125 0.56953125 0.14453125
2 0.64375 0.25390625 0.625 0.25390625 0.625 0.28046875 0.64375 0.28046875 0.64375 0.25390625
0 0.47265625 0.58125 0.45078125 0.58125 0.45078125 0.6140625 0.47265625 0.6140625 0.47265625 0.58125
0 0.41796875 0.57734375 0.39296875 0.57734375 0.39296875 0.61796875 0.41796875 0.61796875 0.41796875 0.57734375
0 0.43125 0.6296875 0.403125 0.6296875 0.403125 0.6734375 0.43125 0.6734375 0.43125 0.6296875
0 0.53515625 0.5765625 0.51796875 0.5765625 0.51796875 0.60625 0.53515625 0.60625 0.53515625 0.5765625
0 0.52578125 0.5578125 0.51015625 0.5578125 0.51015625 0.58125 0.52578125 0.58125 0.52578125 0.5578125
0 0.459375 0.68515625 0.43125 0.68515625 0.43125 0.71484375 0.459375 0.71484375 0.459375 0.68515625