0 0.84765625 0.540625 0.81796875 0.540625 0.81796875 0.5609375 0.84765625 0.5609375 0.84765625 0.540625
0 0.7375 0.5484375 0.703125 0.5484375 0.703125 0.5796875 0.7375 0.5796875 0.7375 0.5484375
0 0.8640625 0.55234375 0.834375 0.55234375 0.834375 0.57734375 0.8640625 0.57734375 0.8640625 0.55234375
0 0.81796875 0.57890625 0.78046875 0.57890625 0.78046875 0.60546875 0.81796875 0.60546875 0.81796875 0.57890625
0 0.878125 0.5828125 0.825 0.5828125 0.825 0.615625 0.878125 0.615625 0.878125 0.5828125
0 0.5984375 0.5984375 0.5671875 0.5984375 0.5671875 0.6296875 0.5984375 0.6296875 0.5984375 0.5984375
0 0.88203125 0.61015625 0.84609375 0.61015625 0.84609375 0.63828125 0.88203125 0.63828125 0.88203125 0.61015625
0 0.9015625 0.621875 0.8765625 0.621875 0.8765625 0.646875 0.9015625 0.646875 0.9015625 0.621875
0 0.84921875 0.62578125 0.80546875 0.62578125 0.80546875 0.66015625 0.84921875 0.66015625 0.84921875 0.62578125
0 0.79453125 0.62734375 0.75078125 0.62734375 0.75078125 0.67265625 0.79453125 0.67265625 0.79453125 0.62734375
0 0.65546875 0.64453125 0.62578125 0.64453125 0.62578125 0.67578125 0.65546875 0.67578125 0.65546875 0.64453125
0 0.7484375 0.66796875 0.7109375 0.66796875 0.7109375 0.71640625 0.7484375 0.71640625 0.7484375 0.66796875
0 0.84765625 0.69921875 0.79609375 0.69921875 0.79609375 0.73515625 0.84765625 0.73515625 0.84765625 0.69921875
0 0.61015625 0.7046875 0.56953125 0.7046875 0.56953125 0.7359375 0.61015625 0.7359375 0.61015625 0.7046875
0 0.79765625 0.7140625 0.75390625 0.7140625 0.75390625 0.7453125 0.79765625 0.7453125 0.79765625 0.7140625
0 0.7140625 0.728125 0.684375 0.728125 0.684375 0.753125 0.7140625 0.753125 0.7140625 0.728125
0 0.8125 0.7328125 0.775 0.7328125 0.775 0.7640625 0.8125 0.7640625 0.8125 0.7328125
0 0.72734375 0.76875 0.69453125 0.76875 0.69453125 0.79375 0.72734375 0.79375 0.72734375 0.76875
0 0.68046875 0.79375 0.61015625 0.79375 0.61015625 0.8390625 0.68046875 0.8390625 0.68046875 0.79375
0 0.703125 0.80078125 0.66875 0.80078125 0.66875 0.83671875 0.703125 0.83671875 0.703125 0.80078125
0 0.7 0.8671875 0.66875 0.8671875 0.66875 0.8921875 0.7 0.8921875 0.7 0.8671875
0 0.4671875 0.90859375 0.4234375 0.90859375 0.4234375 0.93828125 0.4671875 0.93828125 0.4671875 0.90859375
0 0.4859375 0.93984375 0.44375 0.93984375 0.44375 0.96953125 0.4859375 0.96953125 0.4859375 0.93984375
0 0.6515625 0.85859375 0.61875 0.85859375 0.61875 0.88984375 0.6515625 0.88984375 0.6515625 0.85859375
0 0.68359375 0.834375 0.65234375 0.834375 0.65234375 0.8625 0.68359375 0.8625 0.68359375 0.834375
0 0.54921875 0.7765625 0.51328125 0.7765625 0.51328125 0.8046875 0.54921875 0.8046875 0.54921875 0.7765625
0 0.84375 0.42421875 0.8 0.42421875 0.8 0.46484375 0.84375 0.46484375 0.84375 0.42421875
0 0.6453125 0.72578125 0.609375 0.72578125 0.609375 0.77109375 0.6453125 0.77109375 0.6453125 0.72578125
0 0.63671875 0.90390625 0.60234375 0.90390625 0.60234375 0.92890625 0.63671875 0.92890625 0.63671875 0.90390625
0 0.70234375 0.909375 0.67109375 0.909375 0.67109375 0.9390625 0.70234375 0.9390625 0.70234375 0.909375
0 0.778125 0.67734375 0.746875 0.67734375 0.746875 0.70390625 0.778125 0.70390625 0.778125 0.67734375
0 0.8671875 0.64921875 0.8375 0.64921875 0.8375 0.68515625 0.8671875 0.68515625 0.8671875 0.64921875