0 0.490625 0.2546875 0.4265625 0.2546875 0.4265625 0.3078125 0.490625 0.3078125 0.490625 0.2546875
0 0.4296875 0.26171875 0.359375 0.26171875 0.359375 0.31484375 0.4296875 0.31484375 0.4296875 0.26171875
0 0.46171875 0.33125 0.40078125 0.33125 0.40078125 0.3703125 0.46171875 0.3703125 0.46171875 0.33125
0 0.41640625 0.33203125 0.35546875 0.33203125 0.35546875 0.37734375 0.41640625 0.37734375 0.41640625 0.33203125
0 0.33984375 0.36015625 0.27890625 0.36015625 0.27890625 0.40390625 0.33984375 0.40390625 0.33984375 0.36015625
0 0.58359375 0.36015625 0.46171875 0.36015625 0.46171875 0.44453125 0.58359375 0.44453125 0.58359375 0.36015625
0 0.490625 0.4109375 0.4171875 0.4109375 0.4171875 0.478125 0.490625 0.478125 0.490625 0.4109375
0 0.5734375 0.49296875 0.51875 0.49296875 0.51875 0.53359375 0.5734375 0.53359375 0.5734375 0.49296875
0 0.4328125 0.03359375 0.378125 0.03359375 0.378125 0.07890625 0.4328125 0.07890625 0.4328125 0.03359375
0 0.5640625 0.53359375 0.49375 0.53359375 0.49375 0.57734375 0.5640625 0.57734375 0.5640625 0.53359375
0 0.32109375 0.559375 0.15078125 0.559375 0.15078125 0.678125 0.32109375 0.678125 0.32109375 0.559375
0 0.5515625 0.0359375 0.4578125 0.0359375 0.4578125 0.09375 0.5515625 0.09375 0.5515625 0.0359375
0 0.41015625 0.665625 0.28828125 0.665625 0.28828125 0.7453125 0.41015625 0.7453125 0.41015625 0.665625
0 0.246875 0.68515625 0.1796875 0.68515625 0.1796875 0.72890625 0.246875 0.72890625 0.246875 0.68515625
0 0.40703125 0.81953125 0.33046875 0.81953125 0.33046875 0.86484375 0.40703125 0.86484375 0.40703125 0.81953125
0 0.58671875 0.10078125 0.49921875 0.10078125 0.49921875 0.15859375 0.58671875 0.15859375 0.58671875 0.10078125
0 0.5 0.1296875 0.4234375 0.1296875 0.4234375 0.165625 0.5 0.165625 0.5 0.1296875
0 0.6828125 0.15859375 0.625 0.15859375 0.625 0.20390625 0.6828125 0.20390625 0.6828125 0.15859375
0 0.496875 0.1703125 0.4359375 0.1703125 0.4359375 0.2140625 0.496875 0.2140625 0.496875 0.1703125
0 0.60625 0.165625 0.503125 0.165625 0.503125 0.25 0.60625 0.25 0.60625 0.165625