0 0.6203125 0.3625 0.5859375 0.3625 0.5859375 0.3984375 0.6203125 0.3984375 0.6203125 0.3625
0 0.70234375 0.4453125 0.68046875 0.4453125 0.68046875 0.5 0.70234375 0.5 0.70234375 0.4453125
0 0.72421875 0.50703125 0.67265625 0.50703125 0.67265625 0.57578125 0.72421875 0.57578125 0.72421875 0.50703125
0 0.60859375 0.55078125 0.58203125 0.55078125 0.58203125 0.59453125 0.60859375 0.59453125 0.60859375 0.55078125
0 0.628125 0.57578125 0.6078125 0.57578125 0.6078125 0.61640625 0.628125 0.61640625 0.628125 0.57578125
0 0.77890625 0.6125 0.75703125 0.6125 0.75703125 0.6484375 0.77890625 0.6484375 0.77890625 0.6125
0 0.59140625 0.6125 0.57734375 0.6125 0.57734375 0.6515625 0.59140625 0.6515625 0.59140625 0.6125
0 0.634375 0.6203125 0.6078125 0.6203125 0.6078125 0.6484375 0.634375 0.6484375 0.634375 0.6203125
0 0.66640625 0.66640625 0.62265625 0.66640625 0.62265625 0.73203125 0.66640625 0.73203125 0.66640625 0.66640625
0 0.6875 0.68828125 0.665625 0.68828125 0.665625 0.72421875 0.6875 0.72421875 0.6875 0.68828125
0 0.6125 0.71015625 0.584375 0.71015625 0.584375 0.75703125 0.6125 0.75703125 0.6125 0.71015625
0 0.7 0.75078125 0.678125 0.75078125 0.678125 0.77890625 0.7 0.77890625 0.7 0.75078125
0 0.6515625 0.775 0.625 0.775 0.625 0.8046875 0.6515625 0.8046875 0.6515625 0.775
0 0.553125 0.24140625 0.5359375 0.24140625 0.5359375 0.28046875 0.553125 0.28046875 0.553125 0.24140625
0 0.7140625 0.3265625 0.6890625 0.3265625 0.6890625 0.3734375 0.7140625 0.3734375 0.7140625 0.3265625