0 0.31796875 0.3171875 0.27421875 0.3171875 0.27421875 0.35625 0.31796875 0.35625 0.31796875 0.3171875
0 0.29921875 0.51875 0.21171875 0.51875 0.21171875 0.5890625 0.29921875 0.5890625 0.29921875 0.51875
0 0.5859375 0.6140625 0.5515625 0.6140625 0.5515625 0.6390625 0.5859375 0.6390625 0.5859375 0.6140625
0 0.55390625 0.63203125 0.51015625 0.63203125 0.51015625 0.66484375 0.55390625 0.66484375 0.55390625 0.63203125
0 0.31796875 0.684375 0.29296875 0.684375 0.29296875 0.7109375 0.31796875 0.7109375 0.31796875 0.684375
0 0.26328125 0.68828125 0.23515625 0.68828125 0.23515625 0.71484375 0.26328125 0.71484375 0.26328125 0.68828125
0 0.4546875 0.7375 0.4296875 0.7375 0.4296875 0.7625 0.4546875 0.7625 0.4546875 0.7375
0 0.3109375 0.72421875 0.2453125 0.72421875 0.2453125 0.78984375 0.3109375 0.78984375 0.3109375 0.72421875
0 0.41484375 0.796875 0.36484375 0.796875 0.36484375 0.8578125 0.41484375 0.8578125 0.41484375 0.796875
0 0.725 0.0546875 0.6125 0.0546875 0.6125 0.115625 0.725 0.115625 0.725 0.0546875
0 0.80234375 0.12265625 0.73515625 0.12265625 0.73515625 0.20703125 0.80234375 0.20703125 0.80234375 0.12265625