0 0.6 0.2234375 0.5625 0.2234375 0.5625 0.2640625 0.6 0.2640625 0.6 0.2234375
0 0.3125 0.22734375 0.2609375 0.22734375 0.2609375 0.26171875 0.3125 0.26171875 0.3125 0.22734375
0 0.3953125 0.27265625 0.34375 0.27265625 0.34375 0.30703125 0.3953125 0.30703125 0.3953125 0.27265625
0 0.90703125 0.51171875 0.86640625 0.51171875 0.86640625 0.54765625 0.90703125 0.54765625 0.90703125 0.51171875
0 0.43046875 0.57421875 0.38828125 0.57421875 0.38828125 0.61796875 0.43046875 0.61796875 0.43046875 0.57421875
0 0.8859375 0.62578125 0.8546875 0.62578125 0.8546875 0.66640625 0.8859375 0.66640625 0.8859375 0.62578125
2 0.5625 0.64921875 0.5234375 0.64921875 0.5234375 0.68203125 0.5625 0.68203125 0.5625 0.64921875
0 0.66796875 0.66640625 0.63671875 0.66640625 0.63671875 0.69765625 0.66796875 0.69765625 0.66796875 0.66640625
0 0.7796875 0.71640625 0.7390625 0.71640625 0.7390625 0.75546875 0.7796875 0.75546875 0.7796875 0.71640625
0 0.71796875 0.72578125 0.67578125 0.72578125 0.67578125 0.77421875 0.71796875 0.77421875 0.71796875 0.72578125
0 0.7921875 0.759375 0.753125 0.759375 0.753125 0.7984375 0.7921875 0.7984375 0.7921875 0.759375
0 0.2921875 0.178125 0.265625 0.178125 0.265625 0.2140625 0.2921875 0.2140625 0.2921875 0.178125