0 0.51640625 0.2515625 0.45703125 0.2515625 0.45703125 0.296875 0.51640625 0.296875 0.51640625 0.2515625
0 0.296875 0.37578125 0.25625 0.37578125 0.25625 0.40859375 0.296875 0.40859375 0.296875 0.37578125
0 0.2375 0.47734375 0.1890625 0.47734375 0.1890625 0.51328125 0.2375 0.51328125 0.2375 0.47734375
0 0.18203125 0.5046875 0.13046875 0.5046875 0.13046875 0.565625 0.18203125 0.565625 0.18203125 0.5046875
0 0.2875 0.52421875 0.2453125 0.52421875 0.2453125 0.55546875 0.2875 0.55546875 0.2875 0.52421875
0 0.35625 0.53359375 0.296875 0.53359375 0.296875 0.56953125 0.35625 0.56953125 0.35625 0.53359375
0 0.2796875 0.55546875 0.2375 0.55546875 0.2375 0.58203125 0.2796875 0.58203125 0.2796875 0.55546875
0 0.34765625 0.5703125 0.30390625 0.5703125 0.30390625 0.6 0.34765625 0.6 0.34765625 0.5703125
0 0.45078125 0.6109375 0.40546875 0.6109375 0.40546875 0.6390625 0.45078125 0.6390625 0.45078125 0.6109375
0 0.3421875 0.66328125 0.29375 0.66328125 0.29375 0.70234375 0.3421875 0.70234375 0.3421875 0.66328125
0 0.4625 0.71484375 0.4140625 0.71484375 0.4140625 0.75390625 0.4625 0.75390625 0.4625 0.71484375
0 0.6546875 0.8265625 0.6109375 0.8265625 0.6109375 0.853125 0.6546875 0.853125 0.6546875 0.8265625