0 0.33671875 0.3390625 0.28828125 0.3390625 0.28828125 0.3703125 0.33671875 0.3703125 0.33671875 0.3390625
0 0.20859375 0.3578125 0.17578125 0.3578125 0.17578125 0.3890625 0.20859375 0.3890625 0.20859375 0.3578125
0 0.2296875 0.39609375 0.1953125 0.39609375 0.1953125 0.42578125 0.2296875 0.42578125 0.2296875 0.39609375
0 0.30703125 0.428125 0.27265625 0.428125 0.27265625 0.459375 0.30703125 0.459375 0.30703125 0.428125
0 0.32578125 0.44375 0.29453125 0.44375 0.29453125 0.4734375 0.32578125 0.4734375 0.32578125 0.44375
0 0.259375 0.47578125 0.21875 0.47578125 0.21875 0.51015625 0.259375 0.51015625 0.259375 0.47578125
0 0.24609375 0.54296875 0.21328125 0.54296875 0.21328125 0.56484375 0.24609375 0.56484375 0.24609375 0.54296875
0 0.17890625 0.54765625 0.14453125 0.54765625 0.14453125 0.58203125 0.17890625 0.58203125 0.17890625 0.54765625
0 0.36875 0.58125 0.3375 0.58125 0.3375 0.603125 0.36875 0.603125 0.36875 0.58125
0 0.31875 0.59609375 0.275 0.59609375 0.275 0.62734375 0.31875 0.62734375 0.31875 0.59609375
0 0.4203125 0.62734375 0.35 0.62734375 0.35 0.67109375 0.4203125 0.67109375 0.4203125 0.62734375
0 0.33671875 0.78359375 0.30234375 0.78359375 0.30234375 0.82265625 0.33671875 0.82265625 0.33671875 0.78359375
0 0.440625 0.87421875 0.3875 0.87421875 0.3875 0.92578125 0.440625 0.92578125 0.440625 0.87421875
0 0.43828125 0.075 0.39453125 0.075 0.39453125 0.109375 0.43828125 0.109375 0.43828125 0.075