0 0.41484375 0.4484375 0.38046875 0.4484375 0.38046875 0.4875 0.41484375 0.4875 0.41484375 0.4484375
0 0.5625 0.47578125 0.5140625 0.47578125 0.5140625 0.51640625 0.5625 0.51640625 0.5625 0.47578125
0 0.4515625 0.52421875 0.4109375 0.52421875 0.4109375 0.56953125 0.4515625 0.56953125 0.4515625 0.52421875
0 0.584375 0.0359375 0.5328125 0.0359375 0.5328125 0.08125 0.584375 0.08125 0.584375 0.0359375
0 0.58671875 0.58671875 0.51953125 0.58671875 0.51953125 0.63203125 0.58671875 0.63203125 0.58671875 0.58671875
0 0.4515625 0.5953125 0.40625 0.5953125 0.40625 0.6515625 0.4515625 0.6515625 0.4515625 0.5953125
0 0.80078125 0.61484375 0.73359375 0.61484375 0.73359375 0.66640625 0.80078125 0.66640625 0.80078125 0.61484375
0 0.4625 0.03203125 0.3796875 0.03203125 0.3796875 0.10859375 0.4625 0.10859375 0.4625 0.03203125
0 0.6953125 0.76640625 0.6125 0.76640625 0.6125 0.85078125 0.6953125 0.85078125 0.6953125 0.76640625
0 0.9328125 0.865625 0.8921875 0.865625 0.8921875 0.9109375 0.9328125 0.9109375 0.9328125 0.865625
0 0.7 0.875 0.6609375 0.875 0.6609375 0.91875 0.7 0.91875 0.7 0.875
0 0.46640625 0.11328125 0.39921875 0.11328125 0.39921875 0.17578125 0.46640625 0.17578125 0.46640625 0.11328125