0 0.56796875 0.2671875 0.52578125 0.2671875 0.52578125 0.30625 0.56796875 0.30625 0.56796875 0.2671875
0 0.23984375 0.359375 0.20546875 0.359375 0.20546875 0.3890625 0.23984375 0.3890625 0.23984375 0.359375
0 0.5234375 0.39453125 0.4484375 0.39453125 0.4484375 0.47265625 0.5234375 0.47265625 0.5234375 0.39453125
0 0.5828125 0.440625 0.54375 0.440625 0.54375 0.478125 0.5828125 0.478125 0.5828125 0.440625
0 0.4265625 0.6703125 0.375 0.6703125 0.375 0.7125 0.4265625 0.7125 0.4265625 0.6703125
0 0.1640625 0.66875 0.1046875 0.66875 0.1046875 0.715625 0.1640625 0.715625 0.1640625 0.66875
0 0.228125 0.696875 0.1875 0.696875 0.1875 0.7234375 0.228125 0.7234375 0.228125 0.696875
0 0.21875 0.715625 0.1796875 0.715625 0.1796875 0.7375 0.21875 0.7375 0.21875 0.715625
0 0.39609375 0.7203125 0.36015625 0.7203125 0.36015625 0.7546875 0.39609375 0.7546875 0.39609375 0.7203125
0 0.5671875 0.7203125 0.5328125 0.7203125 0.5328125 0.759375 0.5671875 0.759375 0.5671875 0.7203125
0 0.1734375 0.71953125 0.1171875 0.71953125 0.1171875 0.76796875 0.1734375 0.76796875 0.1734375 0.71953125
0 0.36953125 0.72578125 0.31796875 0.72578125 0.31796875 0.76328125 0.36953125 0.76328125 0.36953125 0.72578125
0 0.596875 0.72578125 0.559375 0.72578125 0.559375 0.76953125 0.596875 0.76953125 0.596875 0.72578125
0 0.17734375 0.7625 0.13046875 0.7625 0.13046875 0.79375 0.17734375 0.79375 0.17734375 0.7625