0 0.9328125 0.37265625 0.9109375 0.37265625 0.9109375 0.40390625 0.9328125 0.40390625 0.9328125 0.37265625
0 0.55078125 0.4203125 0.53046875 0.4203125 0.53046875 0.4421875 0.55078125 0.4421875 0.55078125 0.4203125
0 0.89140625 0.4515625 0.84609375 0.4515625 0.84609375 0.503125 0.89140625 0.503125 0.89140625 0.4515625
0 0.9546875 0.5 0.925 0.5 0.925 0.528125 0.9546875 0.528125 0.9546875 0.5
0 0.896875 0.503125 0.875 0.503125 0.875 0.53125 0.896875 0.53125 0.896875 0.503125
0 0.759375 0.50234375 0.728125 0.50234375 0.728125 0.53671875 0.759375 0.53671875 0.759375 0.50234375
0 0.85390625 0.51171875 0.83359375 0.51171875 0.83359375 0.53828125 0.85390625 0.53828125 0.85390625 0.51171875
0 0.821875 0.540625 0.790625 0.540625 0.790625 0.5671875 0.821875 0.5671875 0.821875 0.540625
0 0.865625 0.54296875 0.8390625 0.54296875 0.8390625 0.56484375 0.865625 0.56484375 0.865625 0.54296875
0 0.80078125 0.590625 0.77109375 0.590625 0.77109375 0.615625 0.80078125 0.615625 0.80078125 0.590625
0 0.7859375 0.61796875 0.7546875 0.61796875 0.7546875 0.64140625 0.7859375 0.64140625 0.7859375 0.61796875
0 0.771875 0.63671875 0.7453125 0.63671875 0.7453125 0.65859375 0.771875 0.65859375 0.771875 0.63671875
0 0.8125 0.6609375 0.784375 0.6609375 0.784375 0.6875 0.8125 0.6875 0.8125 0.6609375
0 0.83203125 0.68515625 0.80546875 0.68515625 0.80546875 0.70703125 0.83203125 0.70703125 0.83203125 0.68515625
0 0.49765625 0.684375 0.46796875 0.684375 0.46796875 0.71875 0.49765625 0.71875 0.49765625 0.684375
0 0.7953125 0.728125 0.7640625 0.728125 0.7640625 0.759375 0.7953125 0.759375 0.7953125 0.728125
0 0.834375 0.76640625 0.803125 0.76640625 0.803125 0.79140625 0.834375 0.79140625 0.834375 0.76640625
0 0.790625 0.77421875 0.7640625 0.77421875 0.7640625 0.80078125 0.790625 0.80078125 0.790625 0.77421875
0 0.7234375 0.7828125 0.6953125 0.7828125 0.6953125 0.803125 0.7234375 0.803125 0.7234375 0.7828125
0 0.815625 0.79609375 0.790625 0.79609375 0.790625 0.81953125 0.815625 0.81953125 0.815625 0.79609375
0 0.753125 0.8 0.728125 0.8 0.728125 0.825 0.753125 0.825 0.753125 0.8
0 0.67265625 0.8578125 0.64921875 0.8578125 0.64921875 0.8875 0.67265625 0.8875 0.67265625 0.8578125
0 0.734375 0.89453125 0.7078125 0.89453125 0.7078125 0.92578125 0.734375 0.92578125 0.734375 0.89453125