0 0.67890625 0.64921875 0.64453125 0.64921875 0.64453125 0.67265625 0.67890625 0.67265625 0.67890625 0.64921875
0 0.7328125 0.6703125 0.68125 0.6703125 0.68125 0.709375 0.7328125 0.709375 0.7328125 0.6703125
0 0.6546875 0.678125 0.6203125 0.678125 0.6203125 0.70625 0.6546875 0.70625 0.6546875 0.678125
0 0.63359375 0.7015625 0.59609375 0.7015625 0.59609375 0.7328125 0.63359375 0.7328125 0.63359375 0.7015625
0 0.7515625 0.7015625 0.7078125 0.7015625 0.7078125 0.7328125 0.7515625 0.7328125 0.7515625 0.7015625
0 0.6875 0.7234375 0.6359375 0.7234375 0.6359375 0.759375 0.6875 0.759375 0.6875 0.7234375
0 0.75859375 0.7375 0.71953125 0.7375 0.71953125 0.7625 0.75859375 0.7625 0.75859375 0.7375
0 0.70859375 0.74296875 0.68203125 0.74296875 0.68203125 0.77109375 0.70859375 0.77109375 0.70859375 0.74296875
0 0.6390625 0.76171875 0.6046875 0.76171875 0.6046875 0.79296875 0.6390625 0.79296875 0.6390625 0.76171875
0 0.70625 0.790625 0.6765625 0.790625 0.6765625 0.815625 0.70625 0.815625 0.70625 0.790625
0 0.68984375 0.8 0.63828125 0.8 0.63828125 0.853125 0.68984375 0.853125 0.68984375 0.8