0 0.34140625 0.3078125 0.29765625 0.3078125 0.29765625 0.375 0.34140625 0.375 0.34140625 0.3078125
0 0.28125 0.3171875 0.2375 0.3171875 0.2375 0.375 0.28125 0.375 0.28125 0.3171875
0 0.41171875 0.3421875 0.39140625 0.3421875 0.39140625 0.365625 0.41171875 0.365625 0.41171875 0.3421875
0 0.58203125 0.4484375 0.52890625 0.4484375 0.52890625 0.509375 0.58203125 0.509375 0.58203125 0.4484375
0 0.6953125 0.4484375 0.5890625 0.4484375 0.5890625 0.5734375 0.6953125 0.5734375 0.6953125 0.4484375
0 0.37265625 0.5 0.31953125 0.5 0.31953125 0.5515625 0.37265625 0.5515625 0.37265625 0.5
0 0.50703125 0.56171875 0.44453125 0.56171875 0.44453125 0.60546875 0.50703125 0.60546875 0.50703125 0.56171875
0 0.4859375 0.60546875 0.459375 0.60546875 0.459375 0.63203125 0.4859375 0.63203125 0.4859375 0.60546875
0 0.365625 0.6375 0.334375 0.6375 0.334375 0.6734375 0.365625 0.6734375 0.365625 0.6375
0 0.334375 0.63984375 0.3046875 0.63984375 0.3046875 0.67890625 0.334375 0.67890625 0.334375 0.63984375
0 0.39453125 0.68515625 0.37421875 0.68515625 0.37421875 0.71171875 0.39453125 0.71171875 0.39453125 0.68515625
0 0.3125 0.6796875 0.26875 0.6796875 0.26875 0.728125 0.3125 0.728125 0.3125 0.6796875
0 0.32734375 0.6921875 0.31015625 0.6921875 0.31015625 0.71875 0.32734375 0.71875 0.32734375 0.6921875
0 0.55078125 0.6921875 0.52421875 0.6921875 0.52421875 0.7375 0.55078125 0.7375 0.55078125 0.6921875
0 0.67109375 0.6984375 0.63671875 0.6984375 0.63671875 0.73125 0.67109375 0.73125 0.67109375 0.6984375
0 0.3578125 0.7078125 0.3265625 0.7078125 0.3265625 0.7375 0.3578125 0.7375 0.3578125 0.7078125
0 0.503125 0.76875 0.4828125 0.76875 0.4828125 0.7953125 0.503125 0.7953125 0.503125 0.76875
0 0.484375 0.78671875 0.4703125 0.78671875 0.4703125 0.81015625 0.484375 0.81015625 0.484375 0.78671875
0 0.5046875 0.12421875 0.4328125 0.12421875 0.4328125 0.21484375 0.5046875 0.21484375 0.5046875 0.12421875
0 0.5265625 0.2078125 0.490625 0.2078125 0.490625 0.25 0.5265625 0.25 0.5265625 0.2078125