0 0.54609375 0.53828125 0.48671875 0.53828125 0.48671875 0.60546875 0.54609375 0.60546875 0.54609375 0.53828125
0 0.46875 0.5671875 0.36875 0.5671875 0.36875 0.646875 0.46875 0.646875 0.46875 0.5671875
0 0.6015625 0.5890625 0.5640625 0.5890625 0.5640625 0.6375 0.6015625 0.6375 0.6015625 0.5890625
0 0.3609375 0.56484375 0.2671875 0.56484375 0.2671875 0.66640625 0.3609375 0.66640625 0.3609375 0.56484375
0 0.56640625 0.64609375 0.50234375 0.64609375 0.50234375 0.70234375 0.56640625 0.70234375 0.56640625 0.64609375
0 0.43828125 0.65390625 0.40078125 0.65390625 0.40078125 0.69765625 0.43828125 0.69765625 0.43828125 0.65390625
0 0.409375 0.68984375 0.3578125 0.68984375 0.3578125 0.73046875 0.409375 0.73046875 0.409375 0.68984375
0 0.42265625 0.7140625 0.39296875 0.7140625 0.39296875 0.771875 0.42265625 0.771875 0.42265625 0.7140625
0 0.4921875 0.70390625 0.421875 0.70390625 0.421875 0.79140625 0.4921875 0.79140625 0.4921875 0.70390625
0 0.40625 0.76640625 0.35 0.76640625 0.35 0.81484375 0.40625 0.81484375 0.40625 0.76640625
0 0.46796875 0.80078125 0.41640625 0.80078125 0.41640625 0.86328125 0.46796875 0.86328125 0.46796875 0.80078125